/media/xinje/New Volume/VOC07&12/VOC2012/JPEGImages/2008_000036.jpg 120,1,203,35,2 117,38,273,121,2 206,74,395,237,19 24,2,500,188,4 1,187,500,282,4
/media/xinje/New Volume/VOC07&12/VOC2012/JPEGImages/2008_000191.jpg 200,152,333,183,4 68,185,94,215,19 23,180,55,250,19 57,194,151,255,2
/media/xinje/New Volume/VOC07&12/VOC2012/JPEGImages/2008_000196.jpg 348,7,500,309,2 340,105,500,306,13 432,1,465,58,5 481,12,500,42,5 1,1,206,310,2 193,155,278,304,18
/media/xinje/New Volume/VOC07&12/VOC2012/JPEGImages/2008_000531.jpg 99,183,203,263,2 106,130,191,257,19 247,156,466,239,7
/media/xinje/New Volume/VOC07&12/VOC2012/JPEGImages/2008_000615.jpg 123,51,287,339,19 50,179,311,375,2 114,184,201,371,19 1,111,95,375,19
/media/xinje/New Volume/VOC07&12/VOC2012/JPEGImages/2008_000764.jpg 90,239,204,487,19 39,331,243,487,2
/media/xinje/New Volume/VOC07&12/VOC2012/JPEGImages/2008_001336.jpg 1,1,500,372,2
/media/xinje/New Volume/VOC07&12/VOC2012/JPEGImages/2008_001375.jpg 275,249,500,333,2 1,290,198,333,2 235,122,383,252,7 358,50,500,333,19 9,41,257,333,19
/media/xinje/New Volume/VOC07&12/VOC2012/JPEGImages/2008_001402.jpg 98,149,234,443,19 115,279,243,482,2
/media/xinje/New Volume/VOC07&12/VOC2012/JPEGImages/2008_001523.jpg 115,244,214,349,2 118,160,198,308,19
/media/xinje/New Volume/VOC07&12/VOC2012/JPEGImages/2008_001566.jpg 1,190,149,300,2 19,118,104,270,19
/media/xinje/New Volume/VOC07&12/VOC2012/JPEGImages/2008_001626.jpg 20,11,439,375,2
/media/xinje/New Volume/VOC07&12/VOC2012/JPEGImages/2008_001791.jpg 54,313,111,491,19 45,393,112,500,2 121,316,151,391,19 95,324,111,353,19 111,322,125,371,19 178,319,187,354,19 167,320,174,341,19
/media/xinje/New Volume/VOC07&12/VOC2012/JPEGImages/2008_001813.jpg 1,35,334,500,2
/media/xinje/New Volume/VOC07&12/VOC2012/JPEGImages/2008_001860.jpg 271,129,400,292,19 1,86,98,320,19 1,201,151,333,2 430,231,500,274,7 395,235,427,281,7
/media/xinje/New Volume/VOC07&12/VOC2012/JPEGImages/2008_001986.jpg 49,241,286,379,2 69,190,236,354,19 192,1,276,151,19 91,1,183,151,19 1,1,31,102,19 278,1,300,151,19 30,6,105,186,19
/media/xinje/New Volume/VOC07&12/VOC2012/JPEGImages/2008_002129.jpg 172,51,431,333,19 6,1,432,319,2
/media/xinje/New Volume/VOC07&12/VOC2012/JPEGImages/2008_002204.jpg 117,243,247,322,2 90,194,108,209,7
/media/xinje/New Volume/VOC07&12/VOC2012/JPEGImages/2008_002370.jpg 258,1,320,110,12 182,1,244,94,12 77,1,197,240,12 98,1,143,72,12 1,1,81,240,2
/media/xinje/New Volume/VOC07&12/VOC2012/JPEGImages/2008_002418.jpg 63,29,264,422,19 40,201,309,475,2
/media/xinje/New Volume/VOC07&12/VOC2012/JPEGImages/2008_002515.jpg 1,1,500,334,2 1,107,119,287,19
/media/xinje/New Volume/VOC07&12/VOC2012/JPEGImages/2008_002679.jpg 94,103,239,306,2 131,20,263,252,19 138,375,172,419,19 94,388,141,461,19
/media/xinje/New Volume/VOC07&12/VOC2012/JPEGImages/2008_002787.jpg 35,170,231,375,2 58,26,206,325,19 358,11,500,375,19 296,176,500,375,2
/media/xinje/New Volume/VOC07&12/VOC2012/JPEGImages/2008_002880.jpg 176,213,229,291,19 127,295,192,396,19 151,245,254,301,2
/media/xinje/New Volume/VOC07&12/VOC2012/JPEGImages/2008_002894.jpg 43,154,388,332,2 140,70,341,332,19
/media/xinje/New Volume/VOC07&12/VOC2012/JPEGImages/2008_002948.jpg 89,58,398,375,15 9,1,169,333,2 397,16,500,375,12 1,1,135,306,2
/media/xinje/New Volume/VOC07&12/VOC2012/JPEGImages/2008_003075.jpg 129,123,287,249,19 253,1,478,203,2
/media/xinje/New Volume/VOC07&12/VOC2012/JPEGImages/2008_003140.jpg 385,111,414,129,7 385,116,433,153,7 421,123,500,187,7 303,131,435,236,7 166,125,198,211,19 189,147,314,330,19 89,103,183,375,19 62,239,417,375,2 1,217,276,375,2
/media/xinje/New Volume/VOC07&12/VOC2012/JPEGImages/2008_003329.jpg 385,137,500,375,19 255,91,406,375,19 226,123,279,256,19 154,116,190,210,19 165,108,178,129,19 237,301,427,375,2 424,296,500,375,2 229,183,277,280,2 153,155,186,217,2 348,135,500,219,7
/media/xinje/New Volume/VOC07&12/VOC2012/JPEGImages/2008_003617.jpg 46,3,221,500,19 1,295,79,394,2
/media/xinje/New Volume/VOC07&12/VOC2012/JPEGImages/2008_003682.jpg 350,50,361,76,2 431,54,443,86,2 255,163,399,333,2 1,226,56,333,2 1,201,82,333,2 1,113,34,333,19 1,81,57,269,19 279,47,394,321,19 351,42,362,65,19 361,35,374,73,19 429,41,442,72,19 440,34,452,71,19 475,32,491,61,19
/media/xinje/New Volume/VOC07&12/VOC2012/JPEGImages/2008_003819.jpg 293,186,422,261,2 146,187,242,254,2 65,187,137,244,2 1,189,48,242,2 322,134,394,245,19 160,143,216,248,19 74,155,115,236,19 1,158,30,218,19 459,134,487,203,19 430,144,451,201,19 416,132,434,196,19 392,135,414,198,19 369,152,390,191,19 307,143,322,202,19 298,161,310,202,19 221,143,243,196,19 122,143,136,188,19 108,143,120,163,19 105,153,122,192,19 58,154,69,197,19 47,154,59,197,19 490,132,500,192,19
/media/xinje/New Volume/VOC07&12/VOC2012/JPEGImages/2008_004113.jpg 228,174,269,249,19 280,174,314,250,19 262,174,277,210,19 281,205,309,258,2 232,209,259,260,2 265,191,276,216,2 1,178,27,216,7
/media/xinje/New Volume/VOC07&12/VOC2012/JPEGImages/2008_004163.jpg 1,350,54,439,2 185,324,197,350,19 199,323,211,345,19 126,321,137,345,19
/media/xinje/New Volume/VOC07&12/VOC2012/JPEGImages/2008_004280.jpg 17,17,500,342,2 9,26,173,310,8 269,1,334,69,13 152,49,440,274,20 341,92,449,226,8
/media/xinje/New Volume/VOC07&12/VOC2012/JPEGImages/2008_004325.jpg 101,308,295,424,2 108,215,238,374,19
/media/xinje/New Volume/VOC07&12/VOC2012/JPEGImages/2008_004331.jpg 111,18,375,485,19 117,195,375,500,2
/media/xinje/New Volume/VOC07&12/VOC2012/JPEGImages/2008_004441.jpg 1,1,356,233,2 143,125,394,264,19 5,1,500,164,7
/media/xinje/New Volume/VOC07&12/VOC2012/JPEGImages/2008_004574.jpg 173,90,237,325,19 104,1,223,97,2 174,2,287,99,2 1,104,53,302,7 13,103,305,283,7 242,101,342,320,19 190,284,472,375,2 119,80,194,307,19
/media/xinje/New Volume/VOC07&12/VOC2012/JPEGImages/2008_004603.jpg 10,154,406,315,2 1,101,104,243,2 296,1,391,235,19 1,1,60,122,19
/media/xinje/New Volume/VOC07&12/VOC2012/JPEGImages/2008_005055.jpg 110,161,164,261,19 185,125,220,203,19 99,132,119,161,19 44,128,56,149,19 108,212,159,289,2 186,160,220,209,2 102,147,119,169,2
/media/xinje/New Volume/VOC07&12/VOC2012/JPEGImages/2008_005201.jpg 1,128,162,281,2 116,95,371,319,2 252,108,472,359,2 182,23,325,292,19 363,4,415,24,7 451,3,486,22,7 408,202,452,236,5 350,165,365,186,5 203,123,232,157,5 1,163,28,199,5
/media/xinje/New Volume/VOC07&12/VOC2012/JPEGImages/2008_005412.jpg 49,114,367,359,2 131,94,261,324,19
/media/xinje/New Volume/VOC07&12/VOC2012/JPEGImages/2008_005484.jpg 80,248,332,375,2 128,32,500,375,19
/media/xinje/New Volume/VOC07&12/VOC2012/JPEGImages/2008_005650.jpg 282,211,345,322,2 177,256,243,368,2 125,227,176,334,2 450,142,475,179,2 347,131,359,152,2 165,109,174,126,2 206,109,231,124,2 302,114,315,137,2 175,164,254,353,19 286,156,341,302,19 120,151,185,319,19 452,120,476,172,19 347,108,364,144,19 303,102,317,131,19 164,91,178,122,19 210,94,228,121,19
/media/xinje/New Volume/VOC07&12/VOC2012/JPEGImages/2008_005713.jpg 58,99,382,308,2
/media/xinje/New Volume/VOC07&12/VOC2012/JPEGImages/2008_005737.jpg 117,310,240,500,2 54,253,112,345,2 1,332,91,500,2 134,206,248,479,19 47,202,110,319,19
/media/xinje/New Volume/VOC07&12/VOC2012/JPEGImages/2008_005839.jpg 201,297,383,375,2 1,270,189,375,2
/media/xinje/New Volume/VOC07&12/VOC2012/JPEGImages/2008_005921.jpg 53,199,341,388,2 197,217,418,356,2 248,39,347,382,19 173,66,272,378,19
/media/xinje/New Volume/VOC07&12/VOC2012/JPEGImages/2008_005982.jpg 11,16,491,315,2
/media/xinje/New Volume/VOC07&12/VOC2012/JPEGImages/2008_006064.jpg 64,274,275,359,2 184,250,342,353,19
/media/xinje/New Volume/VOC07&12/VOC2012/JPEGImages/2008_006195.jpg 126,64,238,292,19 146,177,237,353,2
/media/xinje/New Volume/VOC07&12/VOC2012/JPEGImages/2008_006234.jpg 1,1,500,395,2
/media/xinje/New Volume/VOC07&12/VOC2012/JPEGImages/2008_006253.jpg 102,200,383,478,2 118,19,328,434,19
/media/xinje/New Volume/VOC07&12/VOC2012/JPEGImages/2008_006257.jpg 166,207,290,443,2 175,93,291,415,19 33,11,380,332,7 321,81,420,264,7 34,24,99,151,19
/media/xinje/New Volume/VOC07&12/VOC2012/JPEGImages/2008_006361.jpg 52,1,345,479,2
/media/xinje/New Volume/VOC07&12/VOC2012/JPEGImages/2008_006410.jpg 57,263,266,464,2 65,142,210,386,19 183,147,258,365,19
/media/xinje/New Volume/VOC07&12/VOC2012/JPEGImages/2008_006579.jpg 16,27,480,353,2
/media/xinje/New Volume/VOC07&12/VOC2012/JPEGImages/2008_006645.jpg 54,82,500,375,2
/media/xinje/New Volume/VOC07&12/VOC2012/JPEGImages/2008_006807.jpg 1,229,109,375,2 353,121,500,375,19 12,57,146,375,19 221,112,309,273,13 317,288,416,375,2
/media/xinje/New Volume/VOC07&12/VOC2012/JPEGImages/2008_007179.jpg 84,211,148,260,2 213,228,259,253,4 254,232,275,248,4 332,207,357,235,7
/media/xinje/New Volume/VOC07&12/VOC2012/JPEGImages/2008_007265.jpg 2,76,313,452,2
/media/xinje/New Volume/VOC07&12/VOC2012/JPEGImages/2008_007410.jpg 100,191,347,346,2 230,90,315,333,19
/media/xinje/New Volume/VOC07&12/VOC2012/JPEGImages/2008_007421.jpg 44,64,167,248,19 41,147,213,293,2
/media/xinje/New Volume/VOC07&12/VOC2012/JPEGImages/2008_007470.jpg 229,104,371,237,2 211,70,324,206,19
/media/xinje/New Volume/VOC07&12/VOC2012/JPEGImages/2008_007510.jpg 93,163,141,307,19 25,166,74,301,19 2,181,32,274,19 84,233,139,332,2 27,229,73,317,2 1,232,40,305,2
/media/xinje/New Volume/VOC07&12/VOC2012/JPEGImages/2008_007761.jpg 238,62,336,247,19 1,37,41,90,19 1,79,62,134,2 255,143,317,324,2
/media/xinje/New Volume/VOC07&12/VOC2012/JPEGImages/2008_007833.jpg 297,287,500,375,2 168,100,301,375,19
/media/xinje/New Volume/VOC07&12/VOC2012/JPEGImages/2008_007861.jpg 99,164,240,363,2 94,127,229,297,19
/media/xinje/New Volume/VOC07&12/VOC2012/JPEGImages/2008_007882.jpg 265,351,375,460,2 160,276,211,424,19 263,351,316,439,13 321,263,375,438,13 319,108,375,128,13
/media/xinje/New Volume/VOC07&12/VOC2012/JPEGImages/2008_008021.jpg 225,187,267,237,2 227,155,265,216,19
/media/xinje/New Volume/VOC07&12/VOC2012/JPEGImages/2008_008064.jpg 119,209,310,375,2 1,241,74,375,2 104,126,159,347,19 149,149,207,331,19
/media/xinje/New Volume/VOC07&12/VOC2012/JPEGImages/2008_008080.jpg 56,235,486,440,2 1,70,424,191,6 458,126,500,261,13
/media/xinje/New Volume/VOC07&12/VOC2012/JPEGImages/2008_008092.jpg 251,228,289,264,2
/media/xinje/New Volume/VOC07&12/VOC2012/JPEGImages/2008_008095.jpg 1,32,363,375,19 286,131,423,309,2 106,200,159,267,2 1,142,92,302,2 108,45,159,155,19
/media/xinje/New Volume/VOC07&12/VOC2012/JPEGImages/2008_008097.jpg 424,105,500,194,7 163,180,374,288,2 364,96,438,136,12 383,80,416,125,19 244,115,325,272,19 1,49,103,178,6 77,55,193,104,6 324,18,500,109,6 119,81,206,111,7 224,75,257,93,7 195,69,236,92,7 249,75,280,90,7 266,78,281,92,7 292,70,313,91,7 307,73,327,90,7
/media/xinje/New Volume/VOC07&12/VOC2012/JPEGImages/2008_008112.jpg 131,100,472,333,2 140,1,381,291,19 422,137,500,319,19
/media/xinje/New Volume/VOC07&12/VOC2012/JPEGImages/2008_008315.jpg 198,208,312,340,2 169,114,322,319,19 1,61,493,344,7
/media/xinje/New Volume/VOC07&12/VOC2012/JPEGImages/2008_008325.jpg 1,327,333,500,2 266,238,333,322,2 3,125,333,500,19 266,197,333,308,19
/media/xinje/New Volume/VOC07&12/VOC2012/JPEGImages/2008_008368.jpg 1,2,500,375,2 1,1,117,246,19 423,17,487,138,19 312,18,360,115,19 261,65,292,80,7 198,63,225,80,7 417,52,433,94,19 133,46,147,83,19 161,42,177,83,19 184,41,200,84,19 147,44,162,82,19 215,50,225,84,19 228,50,237,83,19 245,61,257,84,19 236,50,244,78,19
/media/xinje/New Volume/VOC07&12/VOC2012/JPEGImages/2008_008480.jpg 111,195,139,222,2 130,188,150,220,19 249,184,262,217,19 324,196,335,210,19 472,191,500,231,7 460,196,472,205,7 239,193,251,217,19 362,194,371,208,19 493,200,500,250,7
/media/xinje/New Volume/VOC07&12/VOC2012/JPEGImages/2008_008528.jpg 234,173,352,251,2 69,193,209,270,2 11,214,129,270,2 1,154,36,200,2 20,131,122,270,19 119,115,182,270,19 254,124,319,232,19 320,133,345,196,19 3,124,41,192,19 103,125,120,176,19 88,116,107,139,19 119,126,126,144,19
/media/xinje/New Volume/VOC07&12/VOC2012/JPEGImages/2008_008530.jpg 123,112,310,250,2 98,58,202,225,19
/media/xinje/New Volume/VOC07&12/VOC2012/JPEGImages/2008_008572.jpg 152,161,224,262,2 142,111,207,228,19
/media/xinje/New Volume/VOC07&12/VOC2012/JPEGImages/2008_008579.jpg 147,139,284,235,2 325,121,436,205,2 471,106,500,199,2 283,141,365,333,19 182,168,288,333,19 86,170,211,333,19
/media/xinje/New Volume/VOC07&12/VOC2012/JPEGImages/2008_008591.jpg 187,145,328,316,2 133,37,282,286,19 438,75,500,199,19 1,92,21,174,19 124,230,135,247,5
/media/xinje/New Volume/VOC07&12/VOC2012/JPEGImages/2008_008671.jpg 56,46,420,375,2 196,1,500,375,19
/media/xinje/New Volume/VOC07&12/VOC2012/JPEGImages/2008_008691.jpg 388,201,500,299,2 141,258,382,375,2 1,224,120,320,2 114,146,183,375,19 181,145,256,375,19 248,149,321,375,19 268,153,357,373,19 1,227,113,315,2
/media/xinje/New Volume/VOC07&12/VOC2012/JPEGImages/2008_008707.jpg 1,184,65,265,2 64,178,173,258,2 163,182,268,257,2 293,182,370,254,2 369,184,455,252,2 474,183,500,250,2
/media/xinje/New Volume/VOC07&12/VOC2012/JPEGImages/2008_008717.jpg 89,39,258,337,19 98,158,232,404,2 256,160,324,200,2 268,127,302,198,19
/media/xinje/New Volume/VOC07&12/VOC2012/JPEGImages/2008_008725.jpg 347,178,399,245,2 347,144,395,225,19
/media/xinje/New Volume/VOC07&12/VOC2012/JPEGImages/2008_008745.jpg 384,145,500,260,2 328,272,500,371,2 292,18,405,274,19 213,86,320,246,19
/media/xinje/New Volume/VOC07&12/VOC2012/JPEGImages/2009_000015.jpg 96,174,203,345,2
/media/xinje/New Volume/VOC07&12/VOC2012/JPEGImages/2009_000105.jpg 199,135,369,210,16 465,178,500,212,2 475,181,500,216,2
/media/xinje/New Volume/VOC07&12/VOC2012/JPEGImages/2009_000161.jpg 47,118,211,370,2
/media/xinje/New Volume/VOC07&12/VOC2012/JPEGImages/2009_000195.jpg 123,1,370,370,2
/media/xinje/New Volume/VOC07&12/VOC2012/JPEGImages/2009_000197.jpg 401,121,423,178,19 418,155,465,171,2 376,162,431,183,2
/media/xinje/New Volume/VOC07&12/VOC2012/JPEGImages/2009_000237.jpg 207,202,471,375,2 210,20,386,373,19 85,174,137,272,2 84,115,144,249,19 127,119,157,209,19 131,159,157,228,2
/media/xinje/New Volume/VOC07&12/VOC2012/JPEGImages/2009_000281.jpg 64,21,444,314,2 1,34,186,200,2
/media/xinje/New Volume/VOC07&12/VOC2012/JPEGImages/2009_000344.jpg 64,4,440,348,2
/media/xinje/New Volume/VOC07&12/VOC2012/JPEGImages/2009_000445.jpg 68,17,458,315,2
/media/xinje/New Volume/VOC07&12/VOC2012/JPEGImages/2009_000696.jpg 1,1,375,500,2
/media/xinje/New Volume/VOC07&12/VOC2012/JPEGImages/2009_000757.jpg 85,49,229,270,19 14,112,263,278,2 49,57,100,146,19
/media/xinje/New Volume/VOC07&12/VOC2012/JPEGImages/2009_000805.jpg 1,1,482,375,2
/media/xinje/New Volume/VOC07&12/VOC2012/JPEGImages/2009_000882.jpg 19,73,477,335,12 386,163,490,234,2 460,173,500,232,7 392,145,500,203,7
/media/xinje/New Volume/VOC07&12/VOC2012/JPEGImages/2009_000975.jpg 332,232,441,301,2 260,227,313,304,2
/media/xinje/New Volume/VOC07&12/VOC2012/JPEGImages/2009_001074.jpg 1,1,500,375,2
/media/xinje/New Volume/VOC07&12/VOC2012/JPEGImages/2009_001096.jpg 11,27,270,371,19 1,200,326,375,2
/media/xinje/New Volume/VOC07&12/VOC2012/JPEGImages/2009_001364.jpg 1,1,500,325,2
/media/xinje/New Volume/VOC07&12/VOC2012/JPEGImages/2009_001480.jpg 1,261,362,500,2 213,369,259,456,5
/media/xinje/New Volume/VOC07&12/VOC2012/JPEGImages/2009_001481.jpg 37,70,356,296,2 415,192,500,256,7
/media/xinje/New Volume/VOC07&12/VOC2012/JPEGImages/2009_001558.jpg 96,1,311,500,2
/media/xinje/New Volume/VOC07&12/VOC2012/JPEGImages/2009_001642.jpg 7,134,417,378,2 160,11,308,359,19 277,146,455,280,2 348,61,432,273,19
/media/xinje/New Volume/VOC07&12/VOC2012/JPEGImages/2009_001695.jpg 1,295,331,500,2 257,196,273,258,5 274,197,282,245,5 286,200,301,261,5 228,222,248,260,5
/media/xinje/New Volume/VOC07&12/VOC2012/JPEGImages/2009_001704.jpg 13,51,89,193,13 38,45,500,367,2
/media/xinje/New Volume/VOC07&12/VOC2012/JPEGImages/2009_001840.jpg 53,33,485,342,2
/media/xinje/New Volume/VOC07&12/VOC2012/JPEGImages/2009_001926.jpg 1,22,500,375,2
/media/xinje/New Volume/VOC07&12/VOC2012/JPEGImages/2009_001997.jpg 356,193,368,201,7 297,168,311,183,6 173,203,177,217,19 213,201,223,221,19 12,212,26,247,19 14,227,26,247,2
/media/xinje/New Volume/VOC07&12/VOC2012/JPEGImages/2009_002119.jpg 37,29,451,268,2
/media/xinje/New Volume/VOC07&12/VOC2012/JPEGImages/2009_002145.jpg 217,224,383,375,2 1,80,124,375,19 118,100,221,375,19 358,220,500,375,19 202,338,239,365,7 154,347,200,371,7
/media/xinje/New Volume/VOC07&12/VOC2012/JPEGImages/2009_002203.jpg 113,134,320,264,6 102,181,112,229,6 26,172,100,237,6 372,213,395,243,2 372,196,397,234,19 476,204,497,221,7 416,209,437,225,12
/media/xinje/New Volume/VOC07&12/VOC2012/JPEGImages/2009_002271.jpg 93,174,300,310,2 303,1,500,204,6 1,120,264,242,7 184,125,263,156,7
/media/xinje/New Volume/VOC07&12/VOC2012/JPEGImages/2009_002338.jpg 1,123,54,334,19 249,97,366,334,19 85,116,292,334,19 128,116,184,212,19 376,97,436,249,19 446,147,500,276,19 430,95,500,280,19 1,250,146,334,2 90,225,369,334,2 194,258,493,334,2
/media/xinje/New Volume/VOC07&12/VOC2012/JPEGImages/2009_002371.jpg 58,53,438,317,2
/media/xinje/New Volume/VOC07&12/VOC2012/JPEGImages/2009_002404.jpg 276,30,396,148,2 227,48,351,171,19 267,288,324,333,19 297,295,393,333,2
/media/xinje/New Volume/VOC07&12/VOC2012/JPEGImages/2009_002406.jpg 1,209,273,500,2 128,89,266,479,19
/media/xinje/New Volume/VOC07&12/VOC2012/JPEGImages/2009_002438.jpg 26,41,480,359,2
/media/xinje/New Volume/VOC07&12/VOC2012/JPEGImages/2009_002519.jpg 372,168,455,300,2
/media/xinje/New Volume/VOC07&12/VOC2012/JPEGImages/2009_002542.jpg 101,114,378,287,9 55,96,122,287,19 350,105,458,310,19 374,115,489,205,9 1,152,54,217,2
/media/xinje/New Volume/VOC07&12/VOC2012/JPEGImages/2009_002671.jpg 248,119,418,199,2 96,54,215,268,19 202,144,223,189,5
/media/xinje/New Volume/VOC07&12/VOC2012/JPEGImages/2009_002715.jpg 114,218,208,445,19 245,427,334,500,2
/media/xinje/New Volume/VOC07&12/VOC2012/JPEGImages/2009_002764.jpg 39,45,483,307,2
/media/xinje/New Volume/VOC07&12/VOC2012/JPEGImages/2009_002780.jpg 60,37,480,333,2 140,1,255,146,19
/media/xinje/New Volume/VOC07&12/VOC2012/JPEGImages/2009_002835.jpg 12,30,500,356,2
/media/xinje/New Volume/VOC07&12/VOC2012/JPEGImages/2009_002853.jpg 92,158,354,307,6 414,238,463,273,2
/media/xinje/New Volume/VOC07&12/VOC2012/JPEGImages/2009_002983.jpg 146,196,226,375,19 48,186,136,366,19 11,263,171,366,2 95,177,162,256,2 100,123,160,240,19 153,60,174,89,19 146,74,180,93,2 100,62,121,94,19 93,75,132,97,2
/media/xinje/New Volume/VOC07&12/VOC2012/JPEGImages/2009_003007.jpg 113,47,222,474,2
/media/xinje/New Volume/VOC07&12/VOC2012/JPEGImages/2009_003042.jpg 195,174,259,243,2 84,180,139,249,2 203,124,257,227,19 85,134,140,235,19
/media/xinje/New Volume/VOC07&12/VOC2012/JPEGImages/2009_003075.jpg 287,120,434,270,2 69,124,299,323,2
/media/xinje/New Volume/VOC07&12/VOC2012/JPEGImages/2009_003164.jpg 220,115,489,295,2 69,122,222,255,2
/media/xinje/New Volume/VOC07&12/VOC2012/JPEGImages/2009_003175.jpg 1,84,281,313,2 4,96,246,262,2 264,78,432,274,2 302,91,500,249,2 437,86,499,150,19
/media/xinje/New Volume/VOC07&12/VOC2012/JPEGImages/2009_003187.jpg 57,5,423,371,2
/media/xinje/New Volume/VOC07&12/VOC2012/JPEGImages/2009_003353.jpg 1,238,239,375,2 189,202,418,375,2 247,87,376,375,19
/media/xinje/New Volume/VOC07&12/VOC2012/JPEGImages/2009_003381.jpg 19,24,472,316,2
/media/xinje/New Volume/VOC07&12/VOC2012/JPEGImages/2009_003519.jpg 74,66,422,375,2 421,23,500,182,19
/media/xinje/New Volume/VOC07&12/VOC2012/JPEGImages/2009_003644.jpg 28,1,500,375,2
/media/xinje/New Volume/VOC07&12/VOC2012/JPEGImages/2009_003646.jpg 109,119,313,292,17 17,139,108,230,17 45,278,376,375,15 291,45,431,375,19 1,224,104,375,15 320,1,500,281,19 274,220,358,338,2 335,337,500,375,2
/media/xinje/New Volume/VOC07&12/VOC2012/JPEGImages/2009_003860.jpg 1,1,500,375,2
/media/xinje/New Volume/VOC07&12/VOC2012/JPEGImages/2009_004069.jpg 1,1,500,320,2 30,1,500,170,19
/media/xinje/New Volume/VOC07&12/VOC2012/JPEGImages/2009_004121.jpg 83,31,407,272,2
/media/xinje/New Volume/VOC07&12/VOC2012/JPEGImages/2009_004340.jpg 85,45,413,286,7 64,58,146,210,12 1,96,53,207,2
/media/xinje/New Volume/VOC07&12/VOC2012/JPEGImages/2009_004444.jpg 26,220,399,440,2
/media/xinje/New Volume/VOC07&12/VOC2012/JPEGImages/2009_004508.jpg 270,186,338,314,2 270,93,334,294,19 195,85,255,263,19 200,163,256,280,2 182,103,215,223,19 183,165,208,248,2
/media/xinje/New Volume/VOC07&12/VOC2012/JPEGImages/2009_004561.jpg 176,150,488,345,2 109,180,168,291,8
/media/xinje/New Volume/VOC07&12/VOC2012/JPEGImages/2009_004571.jpg 4,44,373,497,2
/media/xinje/New Volume/VOC07&12/VOC2012/JPEGImages/2009_004642.jpg 34,109,348,435,2 261,82,359,227,13
/media/xinje/New Volume/VOC07&12/VOC2012/JPEGImages/2009_004710.jpg 124,229,165,339,19 134,279,159,364,2
/media/xinje/New Volume/VOC07&12/VOC2012/JPEGImages/2009_004731.jpg 33,126,315,264,2 1,62,97,113,7 133,47,206,96,7 89,13,232,264,19
/media/xinje/New Volume/VOC07&12/VOC2012/JPEGImages/2009_004797.jpg 50,15,473,369,2
/media/xinje/New Volume/VOC07&12/VOC2012/JPEGImages/2009_004831.jpg 137,267,337,500,2 103,59,340,500,19 289,162,320,206,2 121,142,143,196,19
/media/xinje/New Volume/VOC07&12/VOC2012/JPEGImages/2009_004905.jpg 127,70,242,166,17 1,155,186,375,2 293,171,498,375,8
/media/xinje/New Volume/VOC07&12/VOC2012/JPEGImages/2009_004914.jpg 1,1,500,375,2
/media/xinje/New Volume/VOC07&12/VOC2012/JPEGImages/2009_004972.jpg 54,39,471,336,2
/media/xinje/New Volume/VOC07&12/VOC2012/JPEGImages/2009_004984.jpg 46,52,462,329,2 197,160,250,220,5
/media/xinje/New Volume/VOC07&12/VOC2012/JPEGImages/2009_005144.jpg 1,1,499,334,2
/media/xinje/New Volume/VOC07&12/VOC2012/JPEGImages/2009_005154.jpg 29,4,433,322,2 200,38,474,213,7 459,92,500,170,7
/media/xinje/New Volume/VOC07&12/VOC2012/JPEGImages/2009_005265.jpg 131,180,375,354,2 187,70,289,329,19
/media/xinje/New Volume/VOC07&12/VOC2012/JPEGImages/2010_000056.jpg 50,73,457,268,2
/media/xinje/New Volume/VOC07&12/VOC2012/JPEGImages/2010_000209.jpg 61,59,473,313,2
/media/xinje/New Volume/VOC07&12/VOC2012/JPEGImages/2010_000356.jpg 133,1,500,371,2
/media/xinje/New Volume/VOC07&12/VOC2012/JPEGImages/2010_000557.jpg 37,24,470,315,2
/media/xinje/New Volume/VOC07&12/VOC2012/JPEGImages/2010_000571.jpg 13,2,500,375,7 154,31,359,170,2
/media/xinje/New Volume/VOC07&12/VOC2012/JPEGImages/2010_000632.jpg 142,83,218,207,2
/media/xinje/New Volume/VOC07&12/VOC2012/JPEGImages/2010_000685.jpg 89,47,456,339,2
/media/xinje/New Volume/VOC07&12/VOC2012/JPEGImages/2010_000747.jpg 5,133,205,312,2
/media/xinje/New Volume/VOC07&12/VOC2012/JPEGImages/2010_000910.jpg 61,167,239,483,9 233,203,375,373,2 256,99,355,349,19
/media/xinje/New Volume/VOC07&12/VOC2012/JPEGImages/2010_001183.jpg 89,11,449,322,2
/media/xinje/New Volume/VOC07&12/VOC2012/JPEGImages/2010_001254.jpg 402,168,434,197,7 291,169,389,245,2 280,107,315,252,19 228,55,309,277,19 204,101,245,247,19 138,69,196,267,19 71,71,135,263,19 27,50,63,276,19
/media/xinje/New Volume/VOC07&12/VOC2012/JPEGImages/2010_001312.jpg 184,134,284,223,2 185,99,207,205,19 202,85,262,214,19
/media/xinje/New Volume/VOC07&12/VOC2012/JPEGImages/2010_001338.jpg 240,226,500,374,2 354,237,500,374,2 14,277,362,375,2 1,212,149,375,2 68,96,287,375,19 354,270,378,301,5 60,261,76,291,5 318,271,333,291,5
/media/xinje/New Volume/VOC07&12/VOC2012/JPEGImages/2010_001431.jpg 36,242,367,437,2 1,113,46,141,7 45,118,65,140,7 152,115,171,135,7 152,117,204,164,7 318,82,375,349,19 178,64,280,491,19 169,192,192,236,8
/media/xinje/New Volume/VOC07&12/VOC2012/JPEGImages/2010_001514.jpg 2,17,479,391,2 171,1,414,244,8 1,1,266,133,15
/media/xinje/New Volume/VOC07&12/VOC2012/JPEGImages/2010_001592.jpg 16,10,489,303,2
/media/xinje/New Volume/VOC07&12/VOC2012/JPEGImages/2010_001753.jpg 118,28,393,490,2 243,225,279,270,5
/media/xinje/New Volume/VOC07&12/VOC2012/JPEGImages/2010_001922.jpg 114,48,412,289,2 180,62,418,289,2
/media/xinje/New Volume/VOC07&12/VOC2012/JPEGImages/2010_001970.jpg 72,323,280,488,2
/media/xinje/New Volume/VOC07&12/VOC2012/JPEGImages/2010_002055.jpg 37,120,375,500,2 248,262,276,306,19 285,206,318,324,19 229,265,286,337,5 13,241,51,312,13
/media/xinje/New Volume/VOC07&12/VOC2012/JPEGImages/2010_002180.jpg 57,198,393,375,2
/media/xinje/New Volume/VOC07&12/VOC2012/JPEGImages/2010_002435.jpg 255,1,299,64,19 113,1,243,323,19 206,129,362,446,12 237,26,317,71,2 96,60,261,156,12 211,39,246,77,2 199,1,224,69,19 136,5,212,74,19
/media/xinje/New Volume/VOC07&12/VOC2012/JPEGImages/2010_002475.jpg 11,34,461,359,2
/media/xinje/New Volume/VOC07&12/VOC2012/JPEGImages/2010_002497.jpg 242,120,401,222,2 294,75,380,184,19
/media/xinje/New Volume/VOC07&12/VOC2012/JPEGImages/2010_002656.jpg 79,1,375,252,2 1,1,375,500,2
/media/xinje/New Volume/VOC07&12/VOC2012/JPEGImages/2010_002708.jpg 136,186,253,273,2 103,150,153,272,19 169,141,227,268,19
/media/xinje/New Volume/VOC07&12/VOC2012/JPEGImages/2010_002720.jpg 295,163,423,275,2 83,109,195,212,2 323,85,406,250,19 80,75,150,185,19
/media/xinje/New Volume/VOC07&12/VOC2012/JPEGImages/2010_002801.jpg 1,1,500,375,2
/media/xinje/New Volume/VOC07&12/VOC2012/JPEGImages/2010_002820.jpg 1,272,184,409,2 143,69,251,395,19 3,220,26,277,19 28,249,58,277,19
/media/xinje/New Volume/VOC07&12/VOC2012/JPEGImages/2010_002915.jpg 349,202,500,337,2 1,37,397,337,19
/media/xinje/New Volume/VOC07&12/VOC2012/JPEGImages/2010_003062.jpg 79,149,401,337,2 180,42,283,307,19
/media/xinje/New Volume/VOC07&12/VOC2012/JPEGImages/2010_003093.jpg 133,283,434,374,2 189,138,337,375,19 297,340,319,375,5
/media/xinje/New Volume/VOC07&12/VOC2012/JPEGImages/2010_003115.jpg 282,236,365,348,8 60,188,252,356,2
/media/xinje/New Volume/VOC07&12/VOC2012/JPEGImages/2010_003148.jpg 227,180,276,212,2
/media/xinje/New Volume/VOC07&12/VOC2012/JPEGImages/2010_003264.jpg 465,289,500,339,2 314,254,410,331,2 328,214,393,314,19 1,235,166,375,7 247,350,500,375,7
/media/xinje/New Volume/VOC07&12/VOC2012/JPEGImages/2010_003350.jpg 11,18,481,276,2
/media/xinje/New Volume/VOC07&12/VOC2012/JPEGImages/2010_003367.jpg 112,17,409,328,2 1,1,140,154,7 332,1,460,36,7 285,1,499,206,7
/media/xinje/New Volume/VOC07&12/VOC2012/JPEGImages/2010_003671.jpg 61,275,190,418,2 233,265,279,319,2 91,179,210,407,19 14,232,51,318,19 88,222,116,322,19 190,223,225,333,19 237,233,279,309,19 210,221,240,329,19 40,238,56,301,19
/media/xinje/New Volume/VOC07&12/VOC2012/JPEGImages/2010_003689.jpg 143,323,294,418,2 5,296,23,335,19
/media/xinje/New Volume/VOC07&12/VOC2012/JPEGImages/2010_003703.jpg 26,163,102,327,19 47,203,157,352,19 107,321,236,427,2
/media/xinje/New Volume/VOC07&12/VOC2012/JPEGImages/2010_003799.jpg 111,13,442,365,2
/media/xinje/New Volume/VOC07&12/VOC2012/JPEGImages/2010_003906.jpg 89,175,181,298,2 192,171,293,282,2 197,89,293,239,19 86,95,171,265,19 98,77,147,132,19
/media/xinje/New Volume/VOC07&12/VOC2012/JPEGImages/2010_003914.jpg 216,273,346,500,2 43,173,206,500,19 48,229,74,301,5
/media/xinje/New Volume/VOC07&12/VOC2012/JPEGImages/2010_004069.jpg 184,39,312,278,19 151,127,342,305,2
/media/xinje/New Volume/VOC07&12/VOC2012/JPEGImages/2010_004072.jpg 46,123,282,296,2 206,138,305,199,13
/media/xinje/New Volume/VOC07&12/VOC2012/JPEGImages/2010_004154.jpg 215,190,360,335,2 140,169,209,278,2
/media/xinje/New Volume/VOC07&12/VOC2012/JPEGImages/2010_004307.jpg 1,241,335,497,2 195,394,286,500,19
/media/xinje/New Volume/VOC07&12/VOC2012/JPEGImages/2010_004609.jpg 7,22,475,323,2 220,165,262,217,5
/media/xinje/New Volume/VOC07&12/VOC2012/JPEGImages/2010_004831.jpg 39,8,460,338,2
/media/xinje/New Volume/VOC07&12/VOC2012/JPEGImages/2010_004878.jpg 1,156,362,489,2 183,28,312,475,19 78,34,216,376,19
/media/xinje/New Volume/VOC07&12/VOC2012/JPEGImages/2010_005093.jpg 20,3,490,323,2
/media/xinje/New Volume/VOC07&12/VOC2012/JPEGImages/2010_005111.jpg 90,144,349,338,2 273,57,361,294,19 237,207,267,245,5
/media/xinje/New Volume/VOC07&12/VOC2012/JPEGImages/2010_005211.jpg 31,40,482,322,2 118,1,167,22,8 70,1,109,25,8 431,1,500,51,7
/media/xinje/New Volume/VOC07&12/VOC2012/JPEGImages/2010_005402.jpg 1,1,500,333,2
/media/xinje/New Volume/VOC07&12/VOC2012/JPEGImages/2010_005616.jpg 8,1,375,471,2
/media/xinje/New Volume/VOC07&12/VOC2012/JPEGImages/2010_005670.jpg 310,125,375,423,19 80,121,340,483,2 1,66,91,353,2 34,1,258,112,2
/media/xinje/New Volume/VOC07&12/VOC2012/JPEGImages/2010_005782.jpg 11,76,459,331,2
/media/xinje/New Volume/VOC07&12/VOC2012/JPEGImages/2010_005810.jpg 324,104,483,220,2 316,40,419,226,19 426,93,454,162,19 425,51,450,118,19 437,53,470,154,19 1,1,420,217,16
/media/xinje/New Volume/VOC07&12/VOC2012/JPEGImages/2010_005840.jpg 1,260,28,375,2 99,211,260,375,2 185,221,358,375,2 235,116,351,375,19 138,133,247,359,19
/media/xinje/New Volume/VOC07&12/VOC2012/JPEGImages/2010_005909.jpg 37,20,459,290,2
/media/xinje/New Volume/VOC07&12/VOC2012/JPEGImages/2010_006063.jpg 90,177,305,345,2
/media/xinje/New Volume/VOC07&12/VOC2012/JPEGImages/2011_000297.jpg 1,7,499,375,2
/media/xinje/New Volume/VOC07&12/VOC2012/JPEGImages/2011_000376.jpg 1,14,347,296,2 326,81,500,334,2 1,1,171,141,2 1,4,76,104,2
/media/xinje/New Volume/VOC07&12/VOC2012/JPEGImages/2011_000453.jpg 101,83,390,301,2 381,1,471,44,2 159,2,311,304,19 171,200,231,225,5 221,301,257,316,5
/media/xinje/New Volume/VOC07&12/VOC2012/JPEGImages/2011_000465.jpg 95,271,278,391,2 73,177,103,259,6 6,198,17,228,6
/media/xinje/New Volume/VOC07&12/VOC2012/JPEGImages/2011_000485.jpg 1,118,500,333,2 152,2,433,333,19
/media/xinje/New Volume/VOC07&12/VOC2012/JPEGImages/2011_000505.jpg 55,193,266,323,2 320,215,368,241,7 370,215,406,240,7 252,214,293,244,7 1,210,71,247,7 16,214,97,248,7 96,112,194,325,19 267,217,280,250,19 464,209,476,250,19 456,213,469,250,19 447,210,458,237,19 302,216,325,232,7
/media/xinje/New Volume/VOC07&12/VOC2012/JPEGImages/2011_000579.jpg 52,1,499,375,2
/media/xinje/New Volume/VOC07&12/VOC2012/JPEGImages/2011_000791.jpg 1,1,500,312,2
/media/xinje/New Volume/VOC07&12/VOC2012/JPEGImages/2011_001028.jpg 99,185,372,495,2
/media/xinje/New Volume/VOC07&12/VOC2012/JPEGImages/2011_001030.jpg 237,300,375,500,2 178,253,200,271,2 147,252,169,272,2 97,199,154,340,19 1,286,28,369,19 1,272,127,500,19 122,278,206,499,19 192,276,207,347,19 104,281,158,399,19 260,117,343,333,19 306,154,348,232,19 166,269,178,277,3 181,273,190,283,3
/media/xinje/New Volume/VOC07&12/VOC2012/JPEGImages/2011_001153.jpg 88,324,224,408,2 8,309,20,340,2 18,312,37,335,2 34,314,47,342,2 41,308,60,340,2 179,307,192,338,2 109,262,162,380,19
/media/xinje/New Volume/VOC07&12/VOC2012/JPEGImages/2011_001422.jpg 158,238,311,375,2 81,118,260,375,19 244,101,371,375,19
/media/xinje/New Volume/VOC07&12/VOC2012/JPEGImages/2011_001510.jpg 137,120,181,147,2 149,102,171,143,19
/media/xinje/New Volume/VOC07&12/VOC2012/JPEGImages/2011_001538.jpg 426,162,500,275,2 181,148,256,308,19 232,281,247,318,5
/media/xinje/New Volume/VOC07&12/VOC2012/JPEGImages/2011_001599.jpg 1,2,499,179,2 1,1,186,185,19
/media/xinje/New Volume/VOC07&12/VOC2012/JPEGImages/2011_001632.jpg 1,201,494,375,2 55,146,413,366,7 173,12,293,375,19 156,6,416,375,19
/media/xinje/New Volume/VOC07&12/VOC2012/JPEGImages/2011_001643.jpg 16,35,496,325,2
/media/xinje/New Volume/VOC07&12/VOC2012/JPEGImages/2011_001732.jpg 10,207,290,500,2 104,24,285,490,19
/media/xinje/New Volume/VOC07&12/VOC2012/JPEGImages/2011_001896.jpg 232,174,388,326,2
/media/xinje/New Volume/VOC07&12/VOC2012/JPEGImages/2011_001937.jpg 408,143,494,205,2 299,148,402,209,2 205,143,290,216,2 90,155,165,206,2 95,164,177,229,2 149,197,263,286,2 62,185,115,257,2 351,155,397,222,19 295,159,347,224,19 147,97,193,223,19 147,129,218,286,19 59,109,73,133,19 20,110,41,154,19 1,101,31,254,19 95,165,166,227,2 63,166,102,227,2 60,181,111,258,2 23,102,39,127,19 1,101,10,125,19
/media/xinje/New Volume/VOC07&12/VOC2012/JPEGImages/2011_001949.jpg 154,60,377,316,6 70,215,92,263,19 1,161,144,249,6 1,216,65,249,7 1,237,35,264,2 372,208,409,258,7 402,207,446,243,7 462,214,492,278,19 1,210,20,267,19
/media/xinje/New Volume/VOC07&12/VOC2012/JPEGImages/2011_001987.jpg 220,194,352,276,2 261,156,330,287,19
/media/xinje/New Volume/VOC07&12/VOC2012/JPEGImages/2011_002006.jpg 69,169,407,375,2 143,37,313,375,19 1,1,42,118,19 153,134,177,181,5
/media/xinje/New Volume/VOC07&12/VOC2012/JPEGImages/2011_002049.jpg 143,338,294,441,2 101,383,215,424,2 171,269,239,434,19
/media/xinje/New Volume/VOC07&12/VOC2012/JPEGImages/2011_002111.jpg 53,103,289,319,2 304,51,338,111,2 442,40,500,64,7 331,24,359,108,19 166,171,193,199,5 189,163,206,197,5
/media/xinje/New Volume/VOC07&12/VOC2012/JPEGImages/2011_002113.jpg 351,191,395,319,5 343,196,384,326,5 1,208,456,375,2 103,5,343,375,19
/media/xinje/New Volume/VOC07&12/VOC2012/JPEGImages/2011_002135.jpg 35,274,466,500,2 1,2,188,103,7 128,1,355,80,7 237,389,294,464,5 50,40,425,500,19 324,1,390,86,19 161,1,253,41,2 432,1,466,84,19 354,1,444,74,7
/media/xinje/New Volume/VOC07&12/VOC2012/JPEGImages/2011_002281.jpg 298,218,432,434,2
/media/xinje/New Volume/VOC07&12/VOC2012/JPEGImages/2011_002388.jpg 353,109,456,230,2 288,149,369,183,7
/media/xinje/New Volume/VOC07&12/VOC2012/JPEGImages/2011_002455.jpg 45,216,187,486,2 112,79,258,459,19 285,121,312,181,19 273,118,290,169,19
/media/xinje/New Volume/VOC07&12/VOC2012/JPEGImages/2011_002543.jpg 154,176,253,271,8 51,196,257,374,8 1,256,218,375,8 180,147,304,255,2
/media/xinje/New Volume/VOC07&12/VOC2012/JPEGImages/2011_002585.jpg 88,53,193,160,2 110,1,195,149,19 189,1,255,31,7 272,8,305,29,7
/media/xinje/New Volume/VOC07&12/VOC2012/JPEGImages/2011_002656.jpg 43,147,121,222,17 347,162,448,272,2 368,173,448,284,2
/media/xinje/New Volume/VOC07&12/VOC2012/JPEGImages/2011_002657.jpg 74,152,386,339,2
/media/xinje/New Volume/VOC07&12/VOC2012/JPEGImages/2011_002811.jpg 53,152,257,431,2 52,7,214,404,19
/media/xinje/New Volume/VOC07&12/VOC2012/JPEGImages/2011_002913.jpg 18,1,368,333,2
/media/xinje/New Volume/VOC07&12/VOC2012/JPEGImages/2011_002958.jpg 43,87,133,279,2 478,44,500,168,19 379,1,475,265,19 228,43,375,333,19 112,39,230,319,19
/media/xinje/New Volume/VOC07&12/VOC2012/JPEGImages/2011_003054.jpg 462,257,500,314,2 256,271,279,300,2 311,244,335,312,19 340,244,364,310,19 354,245,375,305,19 407,242,431,296,19 462,246,473,273,19 410,262,429,295,2 1,302,18,351,12
/media/xinje/New Volume/VOC07&12/VOC2012/JPEGImages/2011_003063.jpg 73,16,499,352,12 1,1,149,181,2
/media/xinje/New Volume/VOC07&12/VOC2012/JPEGImages/2011_003148.jpg 112,16,403,343,2 368,1,452,32,2
