/media/xinje/New Volume/VOC07&12/VOC2012/JPEGImages/2008_000036.jpg 120,1,203,35,2 117,38,273,121,2 206,74,395,237,19 24,2,500,188,4 1,187,500,282,4
/media/xinje/New Volume/VOC07&12/VOC2012/JPEGImages/2008_000148.jpg 1,154,57,230,4
/media/xinje/New Volume/VOC07&12/VOC2012/JPEGImages/2008_000235.jpg 286,98,371,225,19 111,171,488,278,4
/media/xinje/New Volume/VOC07&12/VOC2012/JPEGImages/2008_000262.jpg 23,143,430,330,4
/media/xinje/New Volume/VOC07&12/VOC2012/JPEGImages/2008_000405.jpg 383,102,500,139,4 88,101,383,138,4 1,97,87,138,4
/media/xinje/New Volume/VOC07&12/VOC2012/JPEGImages/2008_000437.jpg 65,342,151,375,4 99,337,172,364,4
/media/xinje/New Volume/VOC07&12/VOC2012/JPEGImages/2008_000471.jpg 209,100,337,261,4 326,79,359,112,4 90,83,128,136,4 164,83,197,127,4 194,78,219,121,4 261,85,285,128,4
/media/xinje/New Volume/VOC07&12/VOC2012/JPEGImages/2008_000505.jpg 17,81,318,375,4
/media/xinje/New Volume/VOC07&12/VOC2012/JPEGImages/2008_000567.jpg 103,51,412,289,4
/media/xinje/New Volume/VOC07&12/VOC2012/JPEGImages/2008_000833.jpg 56,26,382,233,4 392,182,500,314,7 266,180,292,229,19 334,183,357,236,19 354,170,382,246,19 208,174,231,235,19 233,175,254,233,19 291,180,303,212,19 245,174,259,209,19
/media/xinje/New Volume/VOC07&12/VOC2012/JPEGImages/2008_001047.jpg 124,180,357,291,4 346,159,425,239,4 423,144,500,216,4
/media/xinje/New Volume/VOC07&12/VOC2012/JPEGImages/2008_001056.jpg 124,59,232,206,4
/media/xinje/New Volume/VOC07&12/VOC2012/JPEGImages/2008_001159.jpg 26,94,493,261,4 25,124,90,156,4
/media/xinje/New Volume/VOC07&12/VOC2012/JPEGImages/2008_001202.jpg 1,138,409,333,4 220,146,443,306,19 110,122,242,291,19 145,168,249,275,19
/media/xinje/New Volume/VOC07&12/VOC2012/JPEGImages/2008_001389.jpg 39,73,290,428,4 53,385,73,392,4 1,385,28,395,4 289,371,315,392,4 221,299,255,398,4 22,397,108,414,4 123,391,134,409,19 132,393,143,407,19 145,394,160,407,19 321,390,333,398,4 58,389,67,407,19
/media/xinje/New Volume/VOC07&12/VOC2012/JPEGImages/2008_001420.jpg 343,148,393,252,10 118,210,179,362,10 79,129,176,184,10 38,169,102,280,10 265,26,318,179,19 336,1,452,49,4
/media/xinje/New Volume/VOC07&12/VOC2012/JPEGImages/2008_001529.jpg 58,1,500,248,4 168,209,185,242,19 216,208,233,230,19
/media/xinje/New Volume/VOC07&12/VOC2012/JPEGImages/2008_001620.jpg 371,258,435,400,19 290,262,357,400,19 207,251,279,400,19 59,249,83,280,19 161,276,210,400,19 89,246,118,266,19 50,240,73,266,19 121,50,164,205,4 263,148,328,210,4 448,184,500,209,4 481,174,494,192,19 462,173,477,195,19 449,184,465,197,19 471,136,500,160,4 325,195,353,205,4 451,186,459,196,19 370,141,400,154,4 410,143,432,152,4 431,141,453,153,4 451,139,472,152,4
/media/xinje/New Volume/VOC07&12/VOC2012/JPEGImages/2008_001652.jpg 222,217,335,478,19 287,132,335,224,19 1,187,169,405,19 1,110,149,306,19 1,107,335,500,4
/media/xinje/New Volume/VOC07&12/VOC2012/JPEGImages/2008_001849.jpg 368,87,402,223,4 424,92,463,228,4 405,196,438,214,4 286,146,305,213,4 29,175,297,237,4
/media/xinje/New Volume/VOC07&12/VOC2012/JPEGImages/2008_001970.jpg 229,166,422,375,19 286,152,322,182,4 233,157,268,181,4 181,157,216,184,4 328,136,432,205,4
/media/xinje/New Volume/VOC07&12/VOC2012/JPEGImages/2008_001977.jpg 1,73,78,222,4 117,62,176,266,19 190,47,294,325,19 240,38,294,262,19 169,106,202,290,19 370,59,450,264,19 15,79,79,116,4 275,1,500,239,4
/media/xinje/New Volume/VOC07&12/VOC2012/JPEGImages/2008_002131.jpg 91,172,173,237,4 173,174,251,226,4 332,166,391,201,4 430,151,452,202,19 462,150,481,204,19 449,147,465,205,19 157,171,171,202,19 118,152,147,201,19 150,175,163,196,19
/media/xinje/New Volume/VOC07&12/VOC2012/JPEGImages/2008_002281.jpg 409,183,456,217,4 417,186,425,195,4 425,186,431,194,4 429,184,434,192,4 400,185,406,193,4 368,175,398,188,4 219,175,278,226,4 110,180,140,203,4 28,182,50,201,4 291,186,323,208,4 230,184,248,200,4 216,183,234,196,4 259,180,279,189,4 269,175,291,187,4
/media/xinje/New Volume/VOC07&12/VOC2012/JPEGImages/2008_002335.jpg 101,179,384,262,4 58,189,208,237,4
/media/xinje/New Volume/VOC07&12/VOC2012/JPEGImages/2008_002422.jpg 442,11,495,153,4 53,27,213,333,19 202,52,404,333,19
/media/xinje/New Volume/VOC07&12/VOC2012/JPEGImages/2008_002482.jpg 110,263,162,298,4 109,234,143,278,19 134,240,156,276,19
/media/xinje/New Volume/VOC07&12/VOC2012/JPEGImages/2008_002625.jpg 104,43,437,293,4
/media/xinje/New Volume/VOC07&12/VOC2012/JPEGImages/2008_002850.jpg 32,73,425,243,4
/media/xinje/New Volume/VOC07&12/VOC2012/JPEGImages/2008_002887.jpg 104,97,251,175,4 37,87,127,157,4 1,97,45,152,4 208,75,314,95,4 47,69,84,90,4 1,155,472,375,4 358,110,399,183,19
/media/xinje/New Volume/VOC07&12/VOC2012/JPEGImages/2008_002966.jpg 49,74,117,200,19 107,19,164,178,19 142,35,173,149,19 169,39,211,119,19 170,24,210,57,19 198,27,220,108,19 213,35,230,121,19 263,54,278,134,19 235,46,250,130,19 227,53,272,152,19 279,84,301,138,19 303,89,320,140,19 316,90,330,108,19 277,80,287,112,19 325,96,338,120,19 160,1,341,281,4
/media/xinje/New Volume/VOC07&12/VOC2012/JPEGImages/2008_003081.jpg 224,152,294,249,19 83,222,227,298,4
/media/xinje/New Volume/VOC07&12/VOC2012/JPEGImages/2008_003112.jpg 88,27,282,461,4 110,349,133,422,19 140,360,168,418,19 255,388,282,419,19 223,403,261,423,19 166,367,191,428,19 196,378,249,398,19 208,393,232,422,19
/media/xinje/New Volume/VOC07&12/VOC2012/JPEGImages/2008_003275.jpg 76,227,119,279,4 290,245,356,273,1
/media/xinje/New Volume/VOC07&12/VOC2012/JPEGImages/2008_003313.jpg 17,147,500,251,4 188,152,254,226,19
/media/xinje/New Volume/VOC07&12/VOC2012/JPEGImages/2008_003362.jpg 256,52,495,143,4
/media/xinje/New Volume/VOC07&12/VOC2012/JPEGImages/2008_003458.jpg 76,54,413,241,4 1,99,151,241,4
/media/xinje/New Volume/VOC07&12/VOC2012/JPEGImages/2008_003480.jpg 44,150,264,238,4
/media/xinje/New Volume/VOC07&12/VOC2012/JPEGImages/2008_003652.jpg 233,278,343,324,4
/media/xinje/New Volume/VOC07&12/VOC2012/JPEGImages/2008_003701.jpg 95,78,487,283,4
/media/xinje/New Volume/VOC07&12/VOC2012/JPEGImages/2008_003849.jpg 14,6,375,342,4 383,310,420,328,4 365,185,411,214,4
/media/xinje/New Volume/VOC07&12/VOC2012/JPEGImages/2008_003870.jpg 143,117,209,204,4 209,114,263,194,4 278,162,332,203,4 269,128,289,143,4 245,122,268,145,4 211,123,234,141,4 184,182,287,323,4
/media/xinje/New Volume/VOC07&12/VOC2012/JPEGImages/2008_003913.jpg 70,91,301,427,4
/media/xinje/New Volume/VOC07&12/VOC2012/JPEGImages/2008_004014.jpg 119,262,339,313,4
/media/xinje/New Volume/VOC07&12/VOC2012/JPEGImages/2008_004026.jpg 38,95,250,373,4
/media/xinje/New Volume/VOC07&12/VOC2012/JPEGImages/2008_004053.jpg 306,67,500,375,19 201,125,328,345,19 107,161,161,241,19 86,128,255,291,19 60,159,119,249,19 27,153,87,231,19 15,99,77,199,19 22,187,456,375,4
/media/xinje/New Volume/VOC07&12/VOC2012/JPEGImages/2008_004291.jpg 1,154,425,254,4
/media/xinje/New Volume/VOC07&12/VOC2012/JPEGImages/2008_004443.jpg 259,382,319,430,4 78,396,95,423,4
/media/xinje/New Volume/VOC07&12/VOC2012/JPEGImages/2008_004570.jpg 7,89,337,418,4
/media/xinje/New Volume/VOC07&12/VOC2012/JPEGImages/2008_004593.jpg 90,238,137,274,4
/media/xinje/New Volume/VOC07&12/VOC2012/JPEGImages/2008_004636.jpg 1,174,330,375,4 115,10,351,256,19
/media/xinje/New Volume/VOC07&12/VOC2012/JPEGImages/2008_004750.jpg 95,101,226,260,4 290,99,399,262,4 420,145,487,252,4
/media/xinje/New Volume/VOC07&12/VOC2012/JPEGImages/2008_004920.jpg 241,1,437,314,4 113,41,215,264,4 1,13,95,293,4 298,202,337,240,19 169,219,185,246,19 145,237,154,253,19 154,238,162,253,19
/media/xinje/New Volume/VOC07&12/VOC2012/JPEGImages/2008_004969.jpg 109,39,288,486,4
/media/xinje/New Volume/VOC07&12/VOC2012/JPEGImages/2008_004983.jpg 49,230,292,318,4 172,244,203,300,19
/media/xinje/New Volume/VOC07&12/VOC2012/JPEGImages/2008_005071.jpg 21,14,442,324,4 341,170,500,228,4 462,242,500,282,4
/media/xinje/New Volume/VOC07&12/VOC2012/JPEGImages/2008_005108.jpg 5,82,311,109,4
/media/xinje/New Volume/VOC07&12/VOC2012/JPEGImages/2008_005132.jpg 90,208,131,238,4 121,213,153,228,4 209,203,257,227,4 287,213,335,233,4 327,202,370,226,4 443,206,491,226,4 172,266,180,273,3 203,275,213,283,3 228,263,239,273,3 180,273,186,281,3
/media/xinje/New Volume/VOC07&12/VOC2012/JPEGImages/2008_005315.jpg 304,70,400,98,4 77,79,193,300,19 81,35,245,296,19
/media/xinje/New Volume/VOC07&12/VOC2012/JPEGImages/2008_005321.jpg 97,182,310,438,4
/media/xinje/New Volume/VOC07&12/VOC2012/JPEGImages/2008_005367.jpg 80,124,380,245,4
/media/xinje/New Volume/VOC07&12/VOC2012/JPEGImages/2008_005502.jpg 33,1,276,304,4
/media/xinje/New Volume/VOC07&12/VOC2012/JPEGImages/2008_005512.jpg 192,51,359,268,4 331,236,343,253,19 315,236,328,254,19
/media/xinje/New Volume/VOC07&12/VOC2012/JPEGImages/2008_005517.jpg 155,2,306,213,4 62,144,93,159,4
/media/xinje/New Volume/VOC07&12/VOC2012/JPEGImages/2008_005526.jpg 188,23,336,263,4 78,181,112,239,4 164,206,174,234,4 186,217,202,230,4 1,1,85,206,19 1,229,94,375,19 279,225,294,248,19
/media/xinje/New Volume/VOC07&12/VOC2012/JPEGImages/2008_005536.jpg 17,65,102,160,4 108,60,344,159,4
/media/xinje/New Volume/VOC07&12/VOC2012/JPEGImages/2008_005541.jpg 35,91,500,256,4
/media/xinje/New Volume/VOC07&12/VOC2012/JPEGImages/2008_005593.jpg 75,96,453,132,4 57,105,101,128,4 25,140,433,295,7 405,154,471,239,12
/media/xinje/New Volume/VOC07&12/VOC2012/JPEGImages/2008_005610.jpg 207,243,306,272,4 223,176,263,255,19
/media/xinje/New Volume/VOC07&12/VOC2012/JPEGImages/2008_005683.jpg 385,138,456,229,4 79,127,154,228,4 221,143,289,228,4 391,225,406,236,4 268,223,287,232,4
/media/xinje/New Volume/VOC07&12/VOC2012/JPEGImages/2008_005855.jpg 1,221,11,256,19 1,175,71,259,19 77,176,135,264,19 132,176,199,268,19 186,179,274,272,19 258,178,345,276,19 368,199,444,280,19 1,247,500,304,4
/media/xinje/New Volume/VOC07&12/VOC2012/JPEGImages/2008_005923.jpg 21,41,479,314,4 87,112,138,175,19 300,156,357,218,19 264,165,292,193,19 235,141,271,180,19
/media/xinje/New Volume/VOC07&12/VOC2012/JPEGImages/2008_005959.jpg 271,147,295,159,4
/media/xinje/New Volume/VOC07&12/VOC2012/JPEGImages/2008_006014.jpg 199,175,283,194,4 251,169,272,188,19 262,168,279,186,19 235,160,257,189,19 217,161,232,184,19 204,166,218,183,19
/media/xinje/New Volume/VOC07&12/VOC2012/JPEGImages/2008_006046.jpg 203,308,375,365,4 88,196,375,359,4 1,187,245,331,4
/media/xinje/New Volume/VOC07&12/VOC2012/JPEGImages/2008_006065.jpg 133,74,367,256,4
/media/xinje/New Volume/VOC07&12/VOC2012/JPEGImages/2008_006121.jpg 73,170,252,258,4 236,209,275,300,19
/media/xinje/New Volume/VOC07&12/VOC2012/JPEGImages/2008_006289.jpg 313,176,369,246,19 348,166,380,226,19 1,1,363,307,4
/media/xinje/New Volume/VOC07&12/VOC2012/JPEGImages/2008_006349.jpg 35,110,485,226,4
/media/xinje/New Volume/VOC07&12/VOC2012/JPEGImages/2008_006404.jpg 45,1,259,259,4 425,166,460,215,4 140,221,174,237,19 171,221,187,240,19
/media/xinje/New Volume/VOC07&12/VOC2012/JPEGImages/2008_006481.jpg 200,61,229,137,3 186,229,213,263,4
/media/xinje/New Volume/VOC07&12/VOC2012/JPEGImages/2008_006488.jpg 125,190,221,215,4 191,189,207,205,19
/media/xinje/New Volume/VOC07&12/VOC2012/JPEGImages/2008_006490.jpg 100,58,302,332,4
/media/xinje/New Volume/VOC07&12/VOC2012/JPEGImages/2008_006500.jpg 141,198,288,216,4 165,184,192,197,4 250,200,258,211,19 237,199,245,209,19 226,200,235,211,19 215,199,222,209,19 201,199,208,209,19 189,199,197,208,19 180,199,188,208,19 170,198,178,207,19 156,198,165,207,19 171,186,177,194,19 177,185,185,194,19
/media/xinje/New Volume/VOC07&12/VOC2012/JPEGImages/2008_006586.jpg 126,189,136,214,19 135,190,144,214,19 146,188,156,214,19 120,223,209,272,4
/media/xinje/New Volume/VOC07&12/VOC2012/JPEGImages/2008_006654.jpg 129,138,161,209,4
/media/xinje/New Volume/VOC07&12/VOC2012/JPEGImages/2008_006692.jpg 95,241,187,283,4 112,227,153,268,19
/media/xinje/New Volume/VOC07&12/VOC2012/JPEGImages/2008_006720.jpg 209,114,257,166,4
/media/xinje/New Volume/VOC07&12/VOC2012/JPEGImages/2008_006730.jpg 62,245,380,350,4 72,214,145,292,19 112,217,176,298,19
/media/xinje/New Volume/VOC07&12/VOC2012/JPEGImages/2008_006767.jpg 356,320,471,373,4 130,318,256,373,4 55,310,80,323,4 97,310,129,325,4 317,292,447,333,4 1,317,20,354,4
/media/xinje/New Volume/VOC07&12/VOC2012/JPEGImages/2008_006877.jpg 373,202,500,251,4
/media/xinje/New Volume/VOC07&12/VOC2012/JPEGImages/2008_006903.jpg 257,1,493,264,4 168,160,266,197,4
/media/xinje/New Volume/VOC07&12/VOC2012/JPEGImages/2008_006961.jpg 9,137,357,374,7 339,1,437,52,4 265,33,341,78,4 265,187,473,321,7 373,204,483,243,7 116,1,500,230,4
/media/xinje/New Volume/VOC07&12/VOC2012/JPEGImages/2008_007101.jpg 107,1,457,243,4 237,136,283,195,19 203,139,246,191,19 453,17,491,29,6 387,26,403,32,7
/media/xinje/New Volume/VOC07&12/VOC2012/JPEGImages/2008_007156.jpg 105,137,411,283,4
/media/xinje/New Volume/VOC07&12/VOC2012/JPEGImages/2008_007252.jpg 380,197,446,228,4 469,206,495,227,4
/media/xinje/New Volume/VOC07&12/VOC2012/JPEGImages/2008_007346.jpg 82,142,88,154,19 280,185,297,205,19 267,184,280,204,19 255,183,269,204,19 243,184,257,203,19 208,199,344,212,4 410,117,456,132,7 71,142,109,153,7
/media/xinje/New Volume/VOC07&12/VOC2012/JPEGImages/2008_007382.jpg 1,110,365,486,4 134,121,200,143,4 81,117,105,141,4
/media/xinje/New Volume/VOC07&12/VOC2012/JPEGImages/2008_007425.jpg 389,78,452,197,4 172,67,245,205,4 29,105,73,211,4 110,162,131,193,4
/media/xinje/New Volume/VOC07&12/VOC2012/JPEGImages/2008_007597.jpg 72,325,297,358,4 78,401,357,452,4 238,377,288,394,4 196,214,268,232,4 210,265,237,274,4 157,231,198,241,4 324,221,361,233,4 276,224,321,233,4 43,241,63,248,4 14,230,31,238,4
/media/xinje/New Volume/VOC07&12/VOC2012/JPEGImages/2008_007653.jpg 164,1,393,254,4 311,193,341,230,19 296,194,317,229,19 284,194,292,211,19
/media/xinje/New Volume/VOC07&12/VOC2012/JPEGImages/2008_007748.jpg 191,201,250,222,4
/media/xinje/New Volume/VOC07&12/VOC2012/JPEGImages/2008_007750.jpg 1,1,487,333,4 292,104,431,187,4
/media/xinje/New Volume/VOC07&12/VOC2012/JPEGImages/2008_007755.jpg 100,79,223,263,4 310,102,372,254,4 38,109,103,255,4
/media/xinje/New Volume/VOC07&12/VOC2012/JPEGImages/2008_007883.jpg 39,25,465,209,1 339,224,488,322,4
/media/xinje/New Volume/VOC07&12/VOC2012/JPEGImages/2008_007912.jpg 218,174,258,193,4
/media/xinje/New Volume/VOC07&12/VOC2012/JPEGImages/2008_007938.jpg 169,187,340,223,4
/media/xinje/New Volume/VOC07&12/VOC2012/JPEGImages/2008_007953.jpg 43,119,500,281,4
/media/xinje/New Volume/VOC07&12/VOC2012/JPEGImages/2008_008083.jpg 145,167,333,263,4 127,55,277,209,19
/media/xinje/New Volume/VOC07&12/VOC2012/JPEGImages/2008_008170.jpg 181,166,374,276,4
/media/xinje/New Volume/VOC07&12/VOC2012/JPEGImages/2008_008616.jpg 80,70,435,280,4
/media/xinje/New Volume/VOC07&12/VOC2012/JPEGImages/2009_000120.jpg 6,48,293,441,4
/media/xinje/New Volume/VOC07&12/VOC2012/JPEGImages/2009_000385.jpg 119,141,379,261,4
/media/xinje/New Volume/VOC07&12/VOC2012/JPEGImages/2009_000420.jpg 41,126,425,271,4
/media/xinje/New Volume/VOC07&12/VOC2012/JPEGImages/2009_000477.jpg 25,56,70,67,4 99,61,370,112,4
/media/xinje/New Volume/VOC07&12/VOC2012/JPEGImages/2009_000491.jpg 187,199,267,241,4
/media/xinje/New Volume/VOC07&12/VOC2012/JPEGImages/2009_000686.jpg 9,105,437,200,4 35,78,119,146,19
/media/xinje/New Volume/VOC07&12/VOC2012/JPEGImages/2009_000690.jpg 5,65,495,230,4
/media/xinje/New Volume/VOC07&12/VOC2012/JPEGImages/2009_000752.jpg 60,56,494,308,4 350,61,500,232,4 16,129,65,165,4
/media/xinje/New Volume/VOC07&12/VOC2012/JPEGImages/2009_000927.jpg 275,159,308,270,4
/media/xinje/New Volume/VOC07&12/VOC2012/JPEGImages/2009_000996.jpg 124,93,245,243,4 235,190,451,245,4
/media/xinje/New Volume/VOC07&12/VOC2012/JPEGImages/2009_001019.jpg 145,48,182,59,7 49,1,104,51,4 1,45,116,109,4 97,77,448,169,4 325,80,335,91,19
/media/xinje/New Volume/VOC07&12/VOC2012/JPEGImages/2009_001102.jpg 465,172,483,176,4 381,170,439,182,4 274,169,295,175,4 192,168,227,178,4 130,168,157,177,4 55,167,69,175,4 27,163,41,167,4
/media/xinje/New Volume/VOC07&12/VOC2012/JPEGImages/2009_001230.jpg 167,168,184,193,19 215,163,234,217,19 256,169,275,226,19 229,167,241,217,19 361,124,371,133,19 341,116,400,147,4
/media/xinje/New Volume/VOC07&12/VOC2012/JPEGImages/2009_001282.jpg 387,38,455,194,4 394,157,417,189,19 38,203,83,239,19 59,25,141,255,4
/media/xinje/New Volume/VOC07&12/VOC2012/JPEGImages/2009_001544.jpg 73,194,500,322,4
/media/xinje/New Volume/VOC07&12/VOC2012/JPEGImages/2009_001567.jpg 18,1,286,284,4
/media/xinje/New Volume/VOC07&12/VOC2012/JPEGImages/2009_001715.jpg 163,48,374,191,4 1,114,489,375,4 381,185,440,233,4
/media/xinje/New Volume/VOC07&12/VOC2012/JPEGImages/2009_001770.jpg 161,171,250,237,4 441,126,500,301,4
/media/xinje/New Volume/VOC07&12/VOC2012/JPEGImages/2009_001826.jpg 221,200,251,220,4
/media/xinje/New Volume/VOC07&12/VOC2012/JPEGImages/2009_002096.jpg 88,133,390,284,4
/media/xinje/New Volume/VOC07&12/VOC2012/JPEGImages/2009_002146.jpg 80,39,394,457,4 28,235,184,449,4 205,388,219,430,19 319,413,333,436,19 346,411,360,439,19
/media/xinje/New Volume/VOC07&12/VOC2012/JPEGImages/2009_002173.jpg 6,6,500,152,4
/media/xinje/New Volume/VOC07&12/VOC2012/JPEGImages/2009_002289.jpg 197,279,212,299,19 137,292,164,323,19 173,327,237,354,4 160,332,314,395,4 235,325,275,351,4 68,469,144,500,4 319,330,375,363,4 272,325,347,372,4
/media/xinje/New Volume/VOC07&12/VOC2012/JPEGImages/2009_002343.jpg 463,137,500,164,7 332,125,480,204,4 25,131,148,175,7 3,115,18,166,19 1,110,367,315,7
/media/xinje/New Volume/VOC07&12/VOC2012/JPEGImages/2009_002358.jpg 349,195,391,202,4 249,178,267,202,19 276,183,294,204,19 386,170,423,214,19 1,1,499,375,4
/media/xinje/New Volume/VOC07&12/VOC2012/JPEGImages/2009_002397.jpg 145,114,434,280,4
/media/xinje/New Volume/VOC07&12/VOC2012/JPEGImages/2009_002506.jpg 1,16,500,247,4 367,107,397,141,19 181,47,203,94,19
/media/xinje/New Volume/VOC07&12/VOC2012/JPEGImages/2009_002530.jpg 70,111,460,201,4
/media/xinje/New Volume/VOC07&12/VOC2012/JPEGImages/2009_002543.jpg 54,58,118,268,4 121,72,176,250,4 393,51,483,256,4 425,102,494,237,4
/media/xinje/New Volume/VOC07&12/VOC2012/JPEGImages/2009_002577.jpg 135,247,338,475,4
/media/xinje/New Volume/VOC07&12/VOC2012/JPEGImages/2009_002662.jpg 71,38,480,183,4
/media/xinje/New Volume/VOC07&12/VOC2012/JPEGImages/2009_002759.jpg 201,204,348,244,4 71,144,130,197,4
/media/xinje/New Volume/VOC07&12/VOC2012/JPEGImages/2009_002851.jpg 284,381,306,445,19 238,339,312,354,4
/media/xinje/New Volume/VOC07&12/VOC2012/JPEGImages/2009_002897.jpg 14,88,489,209,4
/media/xinje/New Volume/VOC07&12/VOC2012/JPEGImages/2009_002946.jpg 143,33,298,303,4 157,247,179,278,19 202,261,215,279,19 284,161,302,206,4
/media/xinje/New Volume/VOC07&12/VOC2012/JPEGImages/2009_003019.jpg 111,14,493,377,4 9,159,164,372,4 346,337,364,355,19 363,331,379,356,19 392,341,408,358,19 439,336,459,349,19
/media/xinje/New Volume/VOC07&12/VOC2012/JPEGImages/2009_003032.jpg 1,23,500,214,4
/media/xinje/New Volume/VOC07&12/VOC2012/JPEGImages/2009_003229.jpg 294,241,364,294,4
/media/xinje/New Volume/VOC07&12/VOC2012/JPEGImages/2009_003345.jpg 133,24,351,334,4
/media/xinje/New Volume/VOC07&12/VOC2012/JPEGImages/2009_003482.jpg 387,128,452,246,19 339,81,411,281,19 289,140,309,173,19 126,80,218,164,19 10,83,172,370,19 2,1,500,375,4
/media/xinje/New Volume/VOC07&12/VOC2012/JPEGImages/2009_003511.jpg 184,216,295,269,4
/media/xinje/New Volume/VOC07&12/VOC2012/JPEGImages/2009_003522.jpg 300,52,465,356,12 193,100,267,155,4
/media/xinje/New Volume/VOC07&12/VOC2012/JPEGImages/2009_003600.jpg 115,27,499,337,4 79,46,192,164,4 31,38,54,60,7
/media/xinje/New Volume/VOC07&12/VOC2012/JPEGImages/2009_003652.jpg 231,133,459,281,4 193,225,232,243,4
/media/xinje/New Volume/VOC07&12/VOC2012/JPEGImages/2009_003732.jpg 272,166,353,182,4 400,168,462,185,4 217,166,271,183,4 128,161,220,195,4
/media/xinje/New Volume/VOC07&12/VOC2012/JPEGImages/2009_004007.jpg 340,103,500,375,19 110,108,330,375,19 1,156,500,375,4
/media/xinje/New Volume/VOC07&12/VOC2012/JPEGImages/2009_004078.jpg 15,127,500,275,4
/media/xinje/New Volume/VOC07&12/VOC2012/JPEGImages/2009_004178.jpg 78,224,333,332,4
/media/xinje/New Volume/VOC07&12/VOC2012/JPEGImages/2009_004278.jpg 256,119,365,259,4
/media/xinje/New Volume/VOC07&12/VOC2012/JPEGImages/2009_004397.jpg 77,130,414,193,4 412,176,458,192,4
/media/xinje/New Volume/VOC07&12/VOC2012/JPEGImages/2009_004539.jpg 75,128,297,436,4
/media/xinje/New Volume/VOC07&12/VOC2012/JPEGImages/2009_004557.jpg 196,75,267,156,4
/media/xinje/New Volume/VOC07&12/VOC2012/JPEGImages/2009_004786.jpg 195,69,436,274,4 1,1,500,375,4 85,70,113,119,19 222,223,245,277,19 182,208,195,255,19 199,191,219,249,19 247,305,279,366,19 192,204,203,248,19 62,59,74,91,19 81,62,97,102,19
/media/xinje/New Volume/VOC07&12/VOC2012/JPEGImages/2009_004888.jpg 235,254,300,293,4 283,124,306,193,4 236,239,258,275,19 271,242,294,276,19 281,240,294,257,19
/media/xinje/New Volume/VOC07&12/VOC2012/JPEGImages/2009_004904.jpg 168,145,363,202,4
/media/xinje/New Volume/VOC07&12/VOC2012/JPEGImages/2009_005006.jpg 150,198,236,277,4 46,185,191,227,4 173,85,247,178,4 80,96,128,160,13 168,96,237,177,4
/media/xinje/New Volume/VOC07&12/VOC2012/JPEGImages/2009_005015.jpg 162,18,439,91,4 65,68,95,88,4
/media/xinje/New Volume/VOC07&12/VOC2012/JPEGImages/2009_005118.jpg 19,166,358,443,4
/media/xinje/New Volume/VOC07&12/VOC2012/JPEGImages/2009_005129.jpg 1,1,412,239,4
/media/xinje/New Volume/VOC07&12/VOC2012/JPEGImages/2010_000195.jpg 280,105,449,251,4
/media/xinje/New Volume/VOC07&12/VOC2012/JPEGImages/2010_000473.jpg 105,229,166,249,4 135,207,162,234,19 112,212,133,238,19
/media/xinje/New Volume/VOC07&12/VOC2012/JPEGImages/2010_000630.jpg 148,117,266,239,4 422,174,500,275,4
/media/xinje/New Volume/VOC07&12/VOC2012/JPEGImages/2010_000710.jpg 144,109,275,230,4 265,114,492,250,4 425,103,500,161,4
/media/xinje/New Volume/VOC07&12/VOC2012/JPEGImages/2010_000748.jpg 55,38,391,272,4 134,220,149,249,19 154,223,167,252,19
/media/xinje/New Volume/VOC07&12/VOC2012/JPEGImages/2010_000803.jpg 1,190,24,250,19 12,193,36,232,19 33,1,500,359,4
/media/xinje/New Volume/VOC07&12/VOC2012/JPEGImages/2010_000887.jpg 218,85,424,245,4
/media/xinje/New Volume/VOC07&12/VOC2012/JPEGImages/2010_000979.jpg 191,446,257,466,4
/media/xinje/New Volume/VOC07&12/VOC2012/JPEGImages/2010_001126.jpg 182,167,258,249,4 223,181,233,210,19
/media/xinje/New Volume/VOC07&12/VOC2012/JPEGImages/2010_001212.jpg 378,229,398,256,19 301,178,351,262,4 457,204,500,276,4 131,193,174,283,4 178,175,240,286,4 249,274,317,290,4 277,6,462,293,4
/media/xinje/New Volume/VOC07&12/VOC2012/JPEGImages/2010_001289.jpg 182,118,297,297,19 55,54,425,401,4
/media/xinje/New Volume/VOC07&12/VOC2012/JPEGImages/2010_001456.jpg 92,415,375,456,4
/media/xinje/New Volume/VOC07&12/VOC2012/JPEGImages/2010_001551.jpg 252,150,266,156,4 309,141,348,157,4 148,113,308,156,4 316,188,344,276,19
/media/xinje/New Volume/VOC07&12/VOC2012/JPEGImages/2010_001594.jpg 138,184,203,216,4
/media/xinje/New Volume/VOC07&12/VOC2012/JPEGImages/2010_001710.jpg 50,162,122,183,4 1,165,25,184,4 113,146,195,172,4
/media/xinje/New Volume/VOC07&12/VOC2012/JPEGImages/2010_001729.jpg 68,225,93,260,19 140,223,164,256,19 263,199,288,258,19 44,206,256,285,4 377,209,402,233,4
/media/xinje/New Volume/VOC07&12/VOC2012/JPEGImages/2010_001807.jpg 153,381,230,428,9 83,18,284,453,4 101,379,135,426,19 135,391,159,430,19 234,354,268,432,19
/media/xinje/New Volume/VOC07&12/VOC2012/JPEGImages/2010_001899.jpg 1,17,274,375,4 87,27,500,375,4
/media/xinje/New Volume/VOC07&12/VOC2012/JPEGImages/2010_002104.jpg 243,118,319,148,4
/media/xinje/New Volume/VOC07&12/VOC2012/JPEGImages/2010_002216.jpg 2,77,500,246,4
/media/xinje/New Volume/VOC07&12/VOC2012/JPEGImages/2010_002364.jpg 68,151,463,280,4
/media/xinje/New Volume/VOC07&12/VOC2012/JPEGImages/2010_002393.jpg 117,109,251,310,4 342,150,445,313,4
/media/xinje/New Volume/VOC07&12/VOC2012/JPEGImages/2010_002498.jpg 84,182,237,244,4 207,142,232,206,19 161,147,213,206,19 108,138,174,203,19
/media/xinje/New Volume/VOC07&12/VOC2012/JPEGImages/2010_002620.jpg 239,179,337,198,4 179,226,204,234,4
/media/xinje/New Volume/VOC07&12/VOC2012/JPEGImages/2010_002653.jpg 267,157,335,325,4 127,151,198,342,4 175,144,238,300,4
/media/xinje/New Volume/VOC07&12/VOC2012/JPEGImages/2010_002702.jpg 141,167,253,374,19 77,73,487,247,4 36,209,104,264,7 1,231,35,273,7
/media/xinje/New Volume/VOC07&12/VOC2012/JPEGImages/2010_002899.jpg 92,69,423,375,4
/media/xinje/New Volume/VOC07&12/VOC2012/JPEGImages/2010_003027.jpg 1,171,156,296,15 48,267,352,375,8 10,85,107,176,4
/media/xinje/New Volume/VOC07&12/VOC2012/JPEGImages/2010_003117.jpg 350,187,369,234,19 295,194,308,233,19 305,190,318,215,19 307,206,326,233,19 324,206,347,233,19 53,20,322,242,4 291,193,302,210,19
/media/xinje/New Volume/VOC07&12/VOC2012/JPEGImages/2010_003203.jpg 1,364,282,400,15 1,299,111,341,15 62,263,77,302,8 5,264,39,304,8 324,68,500,240,4 138,185,209,368,13 90,200,133,344,13
/media/xinje/New Volume/VOC07&12/VOC2012/JPEGImages/2010_003599.jpg 132,162,230,274,19 174,182,244,276,19 218,147,322,271,19 90,203,453,317,4 46,42,56,50,4 443,40,452,46,4 295,41,308,47,4
/media/xinje/New Volume/VOC07&12/VOC2012/JPEGImages/2010_003604.jpg 74,1,375,498,4
/media/xinje/New Volume/VOC07&12/VOC2012/JPEGImages/2010_003644.jpg 176,106,306,162,4 1,46,207,166,4
/media/xinje/New Volume/VOC07&12/VOC2012/JPEGImages/2010_003815.jpg 29,134,469,241,4 376,24,428,38,4 1,25,145,66,4 1,1,106,34,4
/media/xinje/New Volume/VOC07&12/VOC2012/JPEGImages/2010_003860.jpg 1,1,235,202,4
/media/xinje/New Volume/VOC07&12/VOC2012/JPEGImages/2010_003899.jpg 96,24,450,306,4 303,293,407,329,4
/media/xinje/New Volume/VOC07&12/VOC2012/JPEGImages/2010_003911.jpg 101,231,145,289,4 145,228,188,290,4
/media/xinje/New Volume/VOC07&12/VOC2012/JPEGImages/2010_004081.jpg 30,226,329,288,4
/media/xinje/New Volume/VOC07&12/VOC2012/JPEGImages/2010_004138.jpg 447,156,476,185,3 190,79,262,142,4
/media/xinje/New Volume/VOC07&12/VOC2012/JPEGImages/2010_004561.jpg 70,309,103,355,19 37,308,73,353,19 1,307,26,345,19 1,1,165,412,4
/media/xinje/New Volume/VOC07&12/VOC2012/JPEGImages/2010_004576.jpg 1,1,371,275,4
/media/xinje/New Volume/VOC07&12/VOC2012/JPEGImages/2010_004773.jpg 206,333,242,374,19 250,289,286,367,19 35,1,375,403,4
/media/xinje/New Volume/VOC07&12/VOC2012/JPEGImages/2010_004852.jpg 38,38,500,301,4 1,48,211,130,4 278,92,414,124,4 441,120,500,151,7
/media/xinje/New Volume/VOC07&12/VOC2012/JPEGImages/2010_004871.jpg 349,175,394,190,4 410,147,475,188,4 103,177,126,187,4 82,180,91,198,19 39,186,48,196,19 68,188,75,196,19 491,172,498,182,19
/media/xinje/New Volume/VOC07&12/VOC2012/JPEGImages/2010_004950.jpg 248,178,383,211,4
/media/xinje/New Volume/VOC07&12/VOC2012/JPEGImages/2010_005198.jpg 1,194,500,333,4
/media/xinje/New Volume/VOC07&12/VOC2012/JPEGImages/2010_005364.jpg 56,166,259,281,4
/media/xinje/New Volume/VOC07&12/VOC2012/JPEGImages/2010_005588.jpg 129,98,241,171,4
/media/xinje/New Volume/VOC07&12/VOC2012/JPEGImages/2010_005597.jpg 1,1,99,114,4 92,93,462,272,4
/media/xinje/New Volume/VOC07&12/VOC2012/JPEGImages/2010_005646.jpg 306,189,419,333,19 391,190,438,333,19 335,151,376,268,19 117,178,162,189,4 270,270,497,333,4
/media/xinje/New Volume/VOC07&12/VOC2012/JPEGImages/2010_005927.jpg 369,134,433,248,4 60,66,136,257,4
/media/xinje/New Volume/VOC07&12/VOC2012/JPEGImages/2010_005928.jpg 361,207,466,253,4 172,239,205,250,4
/media/xinje/New Volume/VOC07&12/VOC2012/JPEGImages/2011_000052.jpg 411,235,480,249,4 459,236,475,267,19
/media/xinje/New Volume/VOC07&12/VOC2012/JPEGImages/2011_000278.jpg 39,74,355,248,4 136,221,145,229,19 124,221,132,232,19 1,153,29,375,19 214,188,232,201,7 186,196,201,205,7 75,201,98,209,7
/media/xinje/New Volume/VOC07&12/VOC2012/JPEGImages/2011_000286.jpg 128,232,230,283,4 1,252,291,375,4 245,254,334,298,4 351,228,433,294,4 425,230,500,296,4 241,205,310,259,4 299,220,370,268,4
/media/xinje/New Volume/VOC07&12/VOC2012/JPEGImages/2011_000342.jpg 24,1,500,375,4 338,212,413,290,19
/media/xinje/New Volume/VOC07&12/VOC2012/JPEGImages/2011_000347.jpg 99,1,199,233,4 249,1,349,224,4 337,1,418,211,4 83,172,110,244,19 101,171,132,247,19 239,169,272,229,19 288,168,310,195,19 326,164,351,192,19 374,165,399,220,19 363,168,385,192,19
/media/xinje/New Volume/VOC07&12/VOC2012/JPEGImages/2011_000556.jpg 164,35,406,246,4 48,195,86,219,4
/media/xinje/New Volume/VOC07&12/VOC2012/JPEGImages/2011_000631.jpg 136,67,388,267,4 85,152,122,192,4 368,213,421,235,4
/media/xinje/New Volume/VOC07&12/VOC2012/JPEGImages/2011_000839.jpg 6,54,498,329,4
/media/xinje/New Volume/VOC07&12/VOC2012/JPEGImages/2011_001001.jpg 423,80,451,102,3 126,162,154,193,3 89,197,102,214,3 336,108,499,324,4 130,138,253,245,4 209,62,471,296,4 351,1,420,13,4 233,125,286,220,19 286,125,332,227,19
/media/xinje/New Volume/VOC07&12/VOC2012/JPEGImages/2011_001097.jpg 1,1,499,333,4
/media/xinje/New Volume/VOC07&12/VOC2012/JPEGImages/2011_001176.jpg 280,209,411,252,4 45,226,175,254,4 403,129,483,150,4 313,134,404,163,4 227,141,336,174,4 243,119,299,132,4 1,302,82,333,4 1,280,46,300,4 114,168,218,197,4 144,175,234,194,4 218,166,303,189,4 130,158,229,181,4 296,112,356,127,4 348,109,399,122,4 384,103,435,118,4 1,186,55,202,4
/media/xinje/New Volume/VOC07&12/VOC2012/JPEGImages/2011_001189.jpg 129,121,205,182,3 90,126,134,148,4 74,106,124,123,4 152,96,241,131,4 162,93,197,106,4 245,72,253,82,4
/media/xinje/New Volume/VOC07&12/VOC2012/JPEGImages/2011_001310.jpg 176,114,361,263,4 240,120,319,216,19
/media/xinje/New Volume/VOC07&12/VOC2012/JPEGImages/2011_001384.jpg 63,36,414,264,4
/media/xinje/New Volume/VOC07&12/VOC2012/JPEGImages/2011_001532.jpg 84,92,187,228,4 132,182,271,408,4
/media/xinje/New Volume/VOC07&12/VOC2012/JPEGImages/2011_001557.jpg 233,133,280,146,4 183,132,222,153,4 1,193,108,229,4 1,179,159,219,4 1,174,177,219,4 89,79,148,326,19 135,192,157,217,5 164,202,246,292,19 209,238,331,344,19 232,192,345,274,19 337,153,408,304,19 312,203,354,261,19 403,166,418,201,19 439,165,457,214,19 453,163,471,211,19 411,166,432,210,19
/media/xinje/New Volume/VOC07&12/VOC2012/JPEGImages/2011_001582.jpg 94,139,307,177,4 162,111,196,161,19 153,119,222,164,19
/media/xinje/New Volume/VOC07&12/VOC2012/JPEGImages/2011_001710.jpg 2,376,374,500,4 147,67,257,500,19 81,117,169,486,19
/media/xinje/New Volume/VOC07&12/VOC2012/JPEGImages/2011_001886.jpg 60,300,128,317,4
/media/xinje/New Volume/VOC07&12/VOC2012/JPEGImages/2011_001901.jpg 1,64,500,368,4 296,164,470,234,4 90,198,170,245,4 204,241,217,266,19 1,330,189,375,7
/media/xinje/New Volume/VOC07&12/VOC2012/JPEGImages/2011_001961.jpg 5,247,491,375,4 96,35,176,78,7 129,36,370,375,19
/media/xinje/New Volume/VOC07&12/VOC2012/JPEGImages/2011_001991.jpg 390,150,464,195,4
/media/xinje/New Volume/VOC07&12/VOC2012/JPEGImages/2011_002050.jpg 225,152,324,286,4 1,248,37,298,4
/media/xinje/New Volume/VOC07&12/VOC2012/JPEGImages/2011_002073.jpg 134,132,226,233,4 39,101,494,230,4 443,195,500,225,4
/media/xinje/New Volume/VOC07&12/VOC2012/JPEGImages/2011_002085.jpg 38,183,284,220,4 187,157,236,203,19 72,148,124,202,19
/media/xinje/New Volume/VOC07&12/VOC2012/JPEGImages/2011_002421.jpg 48,22,399,262,4
/media/xinje/New Volume/VOC07&12/VOC2012/JPEGImages/2011_002567.jpg 100,158,333,194,4 286,137,313,179,19
/media/xinje/New Volume/VOC07&12/VOC2012/JPEGImages/2011_002618.jpg 266,186,335,204,4
/media/xinje/New Volume/VOC07&12/VOC2012/JPEGImages/2011_002661.jpg 1,1,375,499,4 180,371,207,433,19 156,368,178,439,19 89,374,115,434,19 164,368,179,403,19 190,369,206,406,19
/media/xinje/New Volume/VOC07&12/VOC2012/JPEGImages/2011_002677.jpg 1,26,500,313,4 148,18,198,149,19 229,59,289,155,19 307,50,371,128,19 350,16,409,142,19 354,1,445,94,19
/media/xinje/New Volume/VOC07&12/VOC2012/JPEGImages/2011_002821.jpg 28,142,166,261,4 1,1,448,336,16 23,134,99,294,19
/media/xinje/New Volume/VOC07&12/VOC2012/JPEGImages/2011_002872.jpg 168,53,244,145,4 340,113,392,144,4 132,144,321,375,19
/media/xinje/New Volume/VOC07&12/VOC2012/JPEGImages/2011_002912.jpg 327,138,463,201,4
/media/xinje/New Volume/VOC07&12/VOC2012/JPEGImages/2011_003020.jpg 242,201,334,329,4 396,286,500,332,4 446,266,484,297,19 457,252,487,288,19 305,285,321,322,19 260,300,278,322,19 282,308,295,324,19
/media/xinje/New Volume/VOC07&12/VOC2012/JPEGImages/2011_003025.jpg 145,265,272,375,4 1,317,98,375,4 286,276,395,375,4 141,265,163,285,4
/media/xinje/New Volume/VOC07&12/VOC2012/JPEGImages/2011_003041.jpg 189,130,324,213,4 313,145,341,167,4
/media/xinje/New Volume/VOC07&12/VOC2012/JPEGImages/2011_003081.jpg 287,113,455,220,4 331,138,355,179,19 245,149,276,203,19
/media/xinje/New Volume/VOC07&12/VOC2012/JPEGImages/2011_003134.jpg 160,162,238,183,4
