/media/xinje/New Volume/VOC07&12/VOC2012/JPEGImages/2008_000015.jpg 270,1,378,176,5 57,1,164,150,5
/media/xinje/New Volume/VOC07&12/VOC2012/JPEGImages/2008_000023.jpg 6,1,314,262,17 40,97,121,411,5 137,36,169,109,19 180,36,216,104,19 96,39,123,103,19
/media/xinje/New Volume/VOC07&12/VOC2012/JPEGImages/2008_000112.jpg 83,74,386,320,18 324,1,394,116,5
/media/xinje/New Volume/VOC07&12/VOC2012/JPEGImages/2008_000154.jpg 39,194,111,295,5
/media/xinje/New Volume/VOC07&12/VOC2012/JPEGImages/2008_000202.jpg 60,58,125,140,19 145,38,252,333,19 245,152,342,280,19 337,140,461,306,19 17,39,159,157,17 430,258,454,322,5 14,169,94,258,8
/media/xinje/New Volume/VOC07&12/VOC2012/JPEGImages/2008_000290.jpg 65,49,390,358,19 389,156,481,371,5 7,297,500,371,20
/media/xinje/New Volume/VOC07&12/VOC2012/JPEGImages/2008_000421.jpg 1,171,308,375,19 61,161,414,375,19 409,128,426,158,5 1,141,446,375,15 156,106,488,375,19
/media/xinje/New Volume/VOC07&12/VOC2012/JPEGImages/2008_000495.jpg 1,53,157,206,17 273,240,500,375,8 401,124,434,179,5
/media/xinje/New Volume/VOC07&12/VOC2012/JPEGImages/2008_000648.jpg 121,31,374,331,19 55,49,500,331,15 12,118,42,185,5
/media/xinje/New Volume/VOC07&12/VOC2012/JPEGImages/2008_000703.jpg 318,187,329,223,5
/media/xinje/New Volume/VOC07&12/VOC2012/JPEGImages/2008_000787.jpg 9,58,281,375,19 202,37,476,375,19 437,213,500,375,5 1,226,67,375,5
/media/xinje/New Volume/VOC07&12/VOC2012/JPEGImages/2008_000801.jpg 262,339,274,372,5 87,104,302,287,19 194,129,247,214,19
/media/xinje/New Volume/VOC07&12/VOC2012/JPEGImages/2008_000851.jpg 177,15,448,332,19 22,23,212,332,19 196,257,237,332,5 35,279,75,332,5
/media/xinje/New Volume/VOC07&12/VOC2012/JPEGImages/2008_000953.jpg 168,148,232,329,19 154,83,250,200,19 342,1,363,36,5 122,1,233,41,7 269,1,327,38,7
/media/xinje/New Volume/VOC07&12/VOC2012/JPEGImages/2008_001130.jpg 327,215,347,266,5 219,153,313,259,17
/media/xinje/New Volume/VOC07&12/VOC2012/JPEGImages/2008_001223.jpg 240,78,403,500,19 158,25,321,458,19 26,111,221,396,19 5,43,64,100,19 378,91,403,140,19 154,87,237,119,5
/media/xinje/New Volume/VOC07&12/VOC2012/JPEGImages/2008_001230.jpg 247,126,358,318,19 76,85,233,312,19 106,279,139,328,5 1,248,39,352,5 156,271,187,359,5 240,275,272,375,5 375,244,486,322,8 390,197,469,255,8 1,217,91,306,8 1,150,28,212,8 42,166,96,190,8 1,302,500,375,20
/media/xinje/New Volume/VOC07&12/VOC2012/JPEGImages/2008_001307.jpg 93,47,139,156,5 50,2,375,500,19
/media/xinje/New Volume/VOC07&12/VOC2012/JPEGImages/2008_001312.jpg 169,71,280,233,19 266,76,371,236,19 462,215,479,264,5 229,195,254,277,5 256,193,280,275,5
/media/xinje/New Volume/VOC07&12/VOC2012/JPEGImages/2008_001390.jpg 320,43,498,295,19 1,136,344,310,19 1,68,500,375,15 457,59,479,126,5
/media/xinje/New Volume/VOC07&12/VOC2012/JPEGImages/2008_001405.jpg 173,15,270,365,5
/media/xinje/New Volume/VOC07&12/VOC2012/JPEGImages/2008_001431.jpg 26,88,373,500,19 102,249,160,429,5 265,227,324,403,5
/media/xinje/New Volume/VOC07&12/VOC2012/JPEGImages/2008_001444.jpg 291,198,342,369,5 9,2,500,375,19
/media/xinje/New Volume/VOC07&12/VOC2012/JPEGImages/2008_001482.jpg 168,61,300,500,19 75,62,189,500,19 209,287,239,345,5
/media/xinje/New Volume/VOC07&12/VOC2012/JPEGImages/2008_001706.jpg 106,93,249,375,19 229,226,245,265,5
/media/xinje/New Volume/VOC07&12/VOC2012/JPEGImages/2008_001737.jpg 248,69,500,333,19 1,69,224,333,19 129,114,221,333,8 156,142,500,333,8 335,246,364,305,5 449,260,493,314,5
/media/xinje/New Volume/VOC07&12/VOC2012/JPEGImages/2008_001744.jpg 182,1,320,355,5 75,1,213,305,5 1,1,500,375,20
/media/xinje/New Volume/VOC07&12/VOC2012/JPEGImages/2008_001758.jpg 263,124,417,284,19 123,108,279,285,19 1,102,178,375,19 436,198,460,283,5 374,114,424,213,19 443,141,470,198,19 463,151,495,196,19 67,266,500,375,20 126,143,156,180,19 1,103,57,171,19 219,148,250,177,19 258,156,277,186,19
/media/xinje/New Volume/VOC07&12/VOC2012/JPEGImages/2008_001809.jpg 1,279,142,375,15 104,194,210,359,8 202,196,321,371,8 273,185,372,332,8 155,182,261,327,8 288,183,373,307,8 299,154,313,199,5 99,196,367,374,20
/media/xinje/New Volume/VOC07&12/VOC2012/JPEGImages/2008_001837.jpg 360,44,479,305,19 364,195,397,328,5 1,163,165,333,19 217,148,423,326,19 113,15,262,326,19 63,109,96,229,19 54,224,157,326,8 190,222,238,326,8
/media/xinje/New Volume/VOC07&12/VOC2012/JPEGImages/2008_001957.jpg 104,74,196,120,5 1,34,298,333,19 350,93,500,333,19
/media/xinje/New Volume/VOC07&12/VOC2012/JPEGImages/2008_002002.jpg 110,227,148,344,5 169,229,204,324,5 120,87,338,360,19
/media/xinje/New Volume/VOC07&12/VOC2012/JPEGImages/2008_002005.jpg 259,26,342,335,5 191,19,267,305,5 59,151,79,228,5 78,154,97,228,5 93,136,118,173,5 66,134,94,174,5
/media/xinje/New Volume/VOC07&12/VOC2012/JPEGImages/2008_002079.jpg 120,200,403,375,20 225,164,243,209,5 304,113,416,274,19 378,147,451,321,19 419,148,500,375,19 1,162,126,375,19 46,114,161,350,19 87,121,173,268,19 261,33,299,197,19 311,39,371,116,19 274,28,321,94,19 405,76,439,126,19 445,67,464,98,19 475,66,497,117,19 458,67,480,113,19 423,120,500,149,20
/media/xinje/New Volume/VOC07&12/VOC2012/JPEGImages/2008_002112.jpg 40,28,403,375,19 380,85,498,358,19 13,136,265,375,8 301,129,316,188,5
/media/xinje/New Volume/VOC07&12/VOC2012/JPEGImages/2008_002280.jpg 41,56,359,500,19 300,143,333,215,5
/media/xinje/New Volume/VOC07&12/VOC2012/JPEGImages/2008_002311.jpg 262,387,328,500,5 350,454,375,500,5 220,359,274,500,5 140,174,214,444,5 96,284,375,500,20 297,178,375,294,8 262,232,332,304,8 1,189,74,383,8 45,50,349,500,19
/media/xinje/New Volume/VOC07&12/VOC2012/JPEGImages/2008_002362.jpg 237,216,277,329,5 456,207,485,290,5 389,179,500,253,15 120,237,500,375,20 1,69,197,375,19 252,91,438,270,19 229,192,256,239,8 175,173,223,242,8
/media/xinje/New Volume/VOC07&12/VOC2012/JPEGImages/2008_002601.jpg 18,20,372,500,19 251,301,383,386,19 232,283,295,325,5 1,18,401,500,8
/media/xinje/New Volume/VOC07&12/VOC2012/JPEGImages/2008_002736.jpg 80,107,285,375,19 222,131,390,316,19 370,118,500,323,19 381,244,416,361,5 323,236,351,326,5 212,312,500,375,20 1,164,64,375,19
/media/xinje/New Volume/VOC07&12/VOC2012/JPEGImages/2008_002776.jpg 8,52,136,161,17 454,23,463,48,5 332,181,477,292,19 258,138,373,256,8 325,198,500,333,15
/media/xinje/New Volume/VOC07&12/VOC2012/JPEGImages/2008_002791.jpg 6,81,390,375,19 212,157,390,375,19 182,295,278,375,5
/media/xinje/New Volume/VOC07&12/VOC2012/JPEGImages/2008_003079.jpg 1,87,500,375,19 178,151,203,233,5 52,165,81,183,19 12,170,33,181,19 118,162,137,175,19
/media/xinje/New Volume/VOC07&12/VOC2012/JPEGImages/2008_003099.jpg 296,42,500,382,19 92,40,301,331,19 1,67,120,267,19 270,312,309,382,5
/media/xinje/New Volume/VOC07&12/VOC2012/JPEGImages/2008_003182.jpg 181,187,319,500,19 71,181,333,500,11 211,312,235,358,5
/media/xinje/New Volume/VOC07&12/VOC2012/JPEGImages/2008_003200.jpg 11,323,83,475,5 1,5,340,334,17
/media/xinje/New Volume/VOC07&12/VOC2012/JPEGImages/2008_003224.jpg 347,143,482,351,19 231,136,345,297,19 11,166,188,374,19 202,246,228,333,5 138,191,187,237,8 124,175,153,223,8 111,258,456,375,20 1,204,187,294,20 1,176,61,212,20 354,92,368,114,5 358,70,398,105,8
/media/xinje/New Volume/VOC07&12/VOC2012/JPEGImages/2008_003276.jpg 181,134,375,284,10 382,54,411,101,5 402,39,426,86,5 368,38,397,84,5 303,49,351,77,5 357,22,386,65,5 385,25,411,56,5
/media/xinje/New Volume/VOC07&12/VOC2012/JPEGImages/2008_003290.jpg 230,7,431,500,19 7,12,166,500,19 143,160,304,500,19 133,309,285,500,8 47,126,75,202,5
/media/xinje/New Volume/VOC07&12/VOC2012/JPEGImages/2008_003463.jpg 257,152,368,206,5 192,158,259,253,5 405,151,500,332,19 113,84,354,332,19
/media/xinje/New Volume/VOC07&12/VOC2012/JPEGImages/2008_003579.jpg 81,63,277,500,5 5,1,112,380,5 206,1,333,241,5 127,1,242,132,5
/media/xinje/New Volume/VOC07&12/VOC2012/JPEGImages/2008_003635.jpg 329,165,387,333,5 55,61,198,281,19 187,72,349,277,19 303,97,344,134,19 344,98,382,148,19 349,88,431,191,19 269,100,289,123,19 288,90,308,119,19 177,88,201,130,19 1,263,500,333,20
/media/xinje/New Volume/VOC07&12/VOC2012/JPEGImages/2008_003796.jpg 310,121,463,375,19 393,98,448,199,19 295,98,372,192,19 20,103,147,342,19 93,115,169,231,19 136,107,222,217,19 87,282,248,375,8 339,218,485,375,8 1,211,27,327,8 283,181,302,252,5 202,163,218,206,5 68,175,347,375,20
/media/xinje/New Volume/VOC07&12/VOC2012/JPEGImages/2008_004037.jpg 194,187,223,251,5 1,226,18,306,5 77,219,106,295,5 241,130,356,333,19 120,59,256,333,19 82,181,106,226,5
/media/xinje/New Volume/VOC07&12/VOC2012/JPEGImages/2008_004145.jpg 301,112,368,322,5 242,62,301,321,5 164,43,233,323,5
/media/xinje/New Volume/VOC07&12/VOC2012/JPEGImages/2008_004372.jpg 232,105,276,172,8 1,213,44,267,8 372,205,400,267,8 230,96,377,267,19 35,102,169,267,19 147,67,260,183,19 143,196,168,253,5 157,154,172,191,5 166,148,178,180,5 103,167,280,267,20
/media/xinje/New Volume/VOC07&12/VOC2012/JPEGImages/2008_004418.jpg 52,45,182,344,19 176,1,366,344,19 423,90,500,236,19 366,198,394,292,5 310,77,379,144,5 466,185,494,263,5 432,195,454,237,5 1,123,23,205,5 186,77,200,123,5 57,321,75,344,5
/media/xinje/New Volume/VOC07&12/VOC2012/JPEGImages/2008_004506.jpg 45,99,113,158,17 116,117,178,170,17 176,112,244,170,17 241,115,305,178,17 1,262,127,375,8 4,235,25,260,5 82,27,118,93,19 411,45,437,85,19 271,212,306,241,17
/media/xinje/New Volume/VOC07&12/VOC2012/JPEGImages/2008_004581.jpg 231,285,285,364,5
/media/xinje/New Volume/VOC07&12/VOC2012/JPEGImages/2008_004607.jpg 137,11,254,421,5
/media/xinje/New Volume/VOC07&12/VOC2012/JPEGImages/2008_004666.jpg 4,160,28,245,5 24,149,49,245,5 312,44,334,88,5 334,44,355,88,5 356,47,374,87,5 139,37,336,375,19 363,8,500,375,19
/media/xinje/New Volume/VOC07&12/VOC2012/JPEGImages/2008_004934.jpg 138,16,249,296,5 317,228,381,290,5 312,290,372,345,5 308,351,366,375,5 243,341,300,375,5 253,279,309,336,5 198,264,247,323,5 140,271,191,314,5 122,317,180,374,5 184,328,237,375,5
/media/xinje/New Volume/VOC07&12/VOC2012/JPEGImages/2008_004937.jpg 1,265,500,375,20 356,126,500,279,19 189,114,316,258,19 1,100,107,325,19 256,179,293,301,5 205,181,248,300,5
/media/xinje/New Volume/VOC07&12/VOC2012/JPEGImages/2008_004991.jpg 365,266,389,325,5 202,207,219,248,5 229,79,392,297,19 24,132,233,259,19
/media/xinje/New Volume/VOC07&12/VOC2012/JPEGImages/2008_005090.jpg 277,236,371,322,17 216,485,279,500,5 97,224,253,444,19 1,276,176,418,19 1,201,255,454,15
/media/xinje/New Volume/VOC07&12/VOC2012/JPEGImages/2008_005094.jpg 7,168,94,235,17 154,184,316,371,19 110,237,127,298,5
/media/xinje/New Volume/VOC07&12/VOC2012/JPEGImages/2008_005146.jpg 198,121,328,279,13 159,5,327,375,19 48,13,182,335,19 323,148,378,219,8 371,145,427,215,8 74,161,93,195,5 421,116,470,234,19
/media/xinje/New Volume/VOC07&12/VOC2012/JPEGImages/2008_005201.jpg 1,128,162,281,2 116,95,371,319,2 252,108,472,359,2 182,23,325,292,19 363,4,415,24,7 451,3,486,22,7 408,202,452,236,5 350,165,365,186,5 203,123,232,157,5 1,163,28,199,5
/media/xinje/New Volume/VOC07&12/VOC2012/JPEGImages/2008_005236.jpg 1,53,375,389,15 1,30,352,500,19 167,45,372,500,19 157,1,179,55,5 200,1,223,61,5
/media/xinje/New Volume/VOC07&12/VOC2012/JPEGImages/2008_005295.jpg 227,238,263,259,5 119,68,246,375,19
/media/xinje/New Volume/VOC07&12/VOC2012/JPEGImages/2008_005324.jpg 318,80,367,255,5 86,200,101,249,5 39,41,417,375,19 1,186,50,254,19
/media/xinje/New Volume/VOC07&12/VOC2012/JPEGImages/2008_005342.jpg 333,128,457,226,17 1,225,344,375,20 245,200,365,375,8 400,85,418,127,5 343,136,370,217,5 267,139,290,244,5 209,133,239,207,5 176,133,206,160,5 248,147,271,207,5 216,147,233,205,5
/media/xinje/New Volume/VOC07&12/VOC2012/JPEGImages/2008_005549.jpg 462,180,475,212,5 355,190,437,281,8 264,144,378,225,19 106,5,362,281,19
/media/xinje/New Volume/VOC07&12/VOC2012/JPEGImages/2008_005560.jpg 163,402,229,500,5 299,261,336,369,5 332,279,367,377,5 156,145,332,411,18
/media/xinje/New Volume/VOC07&12/VOC2012/JPEGImages/2008_005639.jpg 14,100,115,192,17 394,347,422,375,5 477,341,500,375,5
/media/xinje/New Volume/VOC07&12/VOC2012/JPEGImages/2008_005752.jpg 102,81,145,193,5
/media/xinje/New Volume/VOC07&12/VOC2012/JPEGImages/2008_005758.jpg 103,190,234,500,19 222,1,363,500,5 1,1,130,500,5
/media/xinje/New Volume/VOC07&12/VOC2012/JPEGImages/2008_005867.jpg 332,117,364,211,5 452,102,492,209,5 64,63,154,206,5 150,1,297,77,19 347,15,500,333,19
/media/xinje/New Volume/VOC07&12/VOC2012/JPEGImages/2008_005945.jpg 239,1,345,236,5 1,86,375,500,20
/media/xinje/New Volume/VOC07&12/VOC2012/JPEGImages/2008_005991.jpg 79,162,197,209,5 73,126,316,500,19
/media/xinje/New Volume/VOC07&12/VOC2012/JPEGImages/2008_006004.jpg 17,323,25,346,5 18,308,48,336,5 42,311,70,342,5 61,310,91,336,5 220,240,257,370,5 238,249,284,386,5
/media/xinje/New Volume/VOC07&12/VOC2012/JPEGImages/2008_006062.jpg 306,261,327,316,5 207,211,300,301,17
/media/xinje/New Volume/VOC07&12/VOC2012/JPEGImages/2008_006102.jpg 114,185,268,413,19 115,279,165,345,5
/media/xinje/New Volume/VOC07&12/VOC2012/JPEGImages/2008_006111.jpg 388,1,413,64,5 417,1,446,75,5 446,1,477,80,5 121,78,150,183,5 110,86,214,159,8 270,130,442,371,8 358,189,500,375,8
/media/xinje/New Volume/VOC07&12/VOC2012/JPEGImages/2008_006136.jpg 179,100,307,214,17 153,176,174,241,5 160,182,188,256,5 189,186,214,256,5 273,171,296,236,5 293,168,315,229,5 430,239,500,317,17
/media/xinje/New Volume/VOC07&12/VOC2012/JPEGImages/2008_006145.jpg 96,332,115,375,5 78,333,108,375,5 28,320,56,375,5 6,338,22,375,5 238,258,500,375,15 173,153,339,365,19 293,220,424,375,19 205,203,336,375,19 10,114,133,369,19 62,130,163,349,19 161,116,196,165,19 293,114,378,252,19 311,86,368,180,19 119,121,232,368,19 140,90,176,136,19 208,96,238,171,19 245,94,319,213,19 289,97,306,132,19
/media/xinje/New Volume/VOC07&12/VOC2012/JPEGImages/2008_006182.jpg 1,1,235,333,5
/media/xinje/New Volume/VOC07&12/VOC2012/JPEGImages/2008_006192.jpg 1,12,488,375,20 168,1,316,20,8 460,95,500,261,8 418,263,500,375,8 121,87,158,178,5 191,30,234,119,5
/media/xinje/New Volume/VOC07&12/VOC2012/JPEGImages/2008_006295.jpg 161,32,337,198,17 296,236,337,375,5 49,188,224,329,19 223,134,436,375,19 252,115,448,375,19 428,251,500,375,19 431,11,500,275,13 10,104,63,267,13 31,1,142,246,13 1,298,352,375,20
/media/xinje/New Volume/VOC07&12/VOC2012/JPEGImages/2008_006315.jpg 1,97,435,298,10 200,71,224,108,5
/media/xinje/New Volume/VOC07&12/VOC2012/JPEGImages/2008_006331.jpg 376,70,390,109,5 399,274,414,323,5 441,183,500,374,19 131,95,256,374,19 245,107,384,374,19
/media/xinje/New Volume/VOC07&12/VOC2012/JPEGImages/2008_006427.jpg 74,5,188,241,5
/media/xinje/New Volume/VOC07&12/VOC2012/JPEGImages/2008_006558.jpg 158,29,280,488,5
/media/xinje/New Volume/VOC07&12/VOC2012/JPEGImages/2008_006585.jpg 254,209,267,262,5 239,207,264,279,5 271,192,296,266,5 226,207,239,285,5 212,207,234,290,5
/media/xinje/New Volume/VOC07&12/VOC2012/JPEGImages/2008_006641.jpg 50,22,165,486,5
/media/xinje/New Volume/VOC07&12/VOC2012/JPEGImages/2008_006657.jpg 1,26,312,375,18 306,185,382,349,5 1,1,500,296,19
/media/xinje/New Volume/VOC07&12/VOC2012/JPEGImages/2008_006712.jpg 33,293,251,481,8 221,420,243,466,5 246,205,267,259,5
/media/xinje/New Volume/VOC07&12/VOC2012/JPEGImages/2008_006719.jpg 59,192,244,375,8 260,239,500,375,15 425,164,500,246,8 172,120,235,173,17 65,82,75,113,5
/media/xinje/New Volume/VOC07&12/VOC2012/JPEGImages/2008_006750.jpg 1,242,432,375,20 352,121,464,262,19 265,119,375,243,19 205,131,283,235,19 27,124,130,300,19 170,187,199,257,5 123,128,223,258,19 449,244,481,310,8
/media/xinje/New Volume/VOC07&12/VOC2012/JPEGImages/2008_006808.jpg 229,249,354,377,8 358,263,438,377,8 425,220,478,271,8 256,253,500,377,20 87,229,122,308,10 458,281,474,334,5 172,176,179,195,5 140,176,148,196,5
/media/xinje/New Volume/VOC07&12/VOC2012/JPEGImages/2008_006969.jpg 78,163,487,333,20 130,129,310,333,19 59,110,156,333,19 4,96,106,310,19 74,82,176,179,19 144,80,200,171,19 201,76,298,194,19 322,99,451,239,19 391,120,500,333,19 368,188,394,273,5 250,149,272,211,5
/media/xinje/New Volume/VOC07&12/VOC2012/JPEGImages/2008_006992.jpg 99,379,146,410,5 315,63,375,116,7
/media/xinje/New Volume/VOC07&12/VOC2012/JPEGImages/2008_007058.jpg 128,1,498,334,19 165,193,234,334,5
/media/xinje/New Volume/VOC07&12/VOC2012/JPEGImages/2008_007076.jpg 13,11,172,483,5
/media/xinje/New Volume/VOC07&12/VOC2012/JPEGImages/2008_007142.jpg 85,1,265,485,5
/media/xinje/New Volume/VOC07&12/VOC2012/JPEGImages/2008_007146.jpg 80,172,239,440,10 81,107,366,499,19 1,239,70,349,19 35,193,50,228,5 70,193,82,222,5 108,198,124,212,5 122,196,137,212,5
/media/xinje/New Volume/VOC07&12/VOC2012/JPEGImages/2008_007147.jpg 62,168,91,252,5 197,105,298,477,19 57,64,205,476,19
/media/xinje/New Volume/VOC07&12/VOC2012/JPEGImages/2008_007168.jpg 92,212,152,375,5 1,229,36,375,5 303,33,417,310,19 132,101,301,337,19
/media/xinje/New Volume/VOC07&12/VOC2012/JPEGImages/2008_007261.jpg 1,59,500,375,20 156,92,208,260,5 218,1,350,74,19 439,1,500,139,19 1,1,53,156,8 111,2,180,74,13
/media/xinje/New Volume/VOC07&12/VOC2012/JPEGImages/2008_007286.jpg 127,172,263,371,10 332,1,500,371,19 122,5,166,92,5
/media/xinje/New Volume/VOC07&12/VOC2012/JPEGImages/2008_007361.jpg 403,262,423,298,5 264,152,362,370,8 209,144,238,209,5 37,50,116,105,17
/media/xinje/New Volume/VOC07&12/VOC2012/JPEGImages/2008_007394.jpg 6,1,186,500,5
/media/xinje/New Volume/VOC07&12/VOC2012/JPEGImages/2008_007473.jpg 156,108,172,164,5 174,103,189,163,5 195,110,209,163,5
/media/xinje/New Volume/VOC07&12/VOC2012/JPEGImages/2008_007528.jpg 314,1,350,70,19 174,360,208,434,5 144,309,190,336,5 189,293,220,335,5 180,318,222,366,5 157,1,223,50,7 236,1,264,38,7 62,16,89,37,7 103,10,132,27,7 196,281,257,307,5
/media/xinje/New Volume/VOC07&12/VOC2012/JPEGImages/2008_007664.jpg 172,181,264,314,10 394,202,494,338,5 456,158,500,294,19 4,290,500,340,20 87,176,276,318,8
/media/xinje/New Volume/VOC07&12/VOC2012/JPEGImages/2008_007696.jpg 314,98,424,193,17 386,229,407,296,5 238,81,397,375,19 172,158,265,366,19 1,22,286,375,19
/media/xinje/New Volume/VOC07&12/VOC2012/JPEGImages/2008_007697.jpg 84,352,136,475,5
/media/xinje/New Volume/VOC07&12/VOC2012/JPEGImages/2008_007717.jpg 403,204,463,333,8 37,206,103,333,8 56,175,77,205,8 251,168,264,212,5 171,99,231,181,19 112,98,208,219,19 44,134,174,333,19 299,120,445,333,19 296,100,368,214,19 284,88,334,189,19 146,169,358,333,20
/media/xinje/New Volume/VOC07&12/VOC2012/JPEGImages/2008_007724.jpg 1,1,500,375,20 457,1,500,108,5 424,1,467,75,5 386,1,437,72,5
/media/xinje/New Volume/VOC07&12/VOC2012/JPEGImages/2008_007843.jpg 1,1,202,228,8 182,1,330,147,8 144,134,368,328,19 62,106,239,355,19 263,236,306,271,5 164,225,189,261,5
/media/xinje/New Volume/VOC07&12/VOC2012/JPEGImages/2008_007852.jpg 218,45,347,375,19 106,33,341,375,19 36,159,48,188,5 66,159,75,186,5
/media/xinje/New Volume/VOC07&12/VOC2012/JPEGImages/2008_007858.jpg 78,8,225,498,5
/media/xinje/New Volume/VOC07&12/VOC2012/JPEGImages/2008_007928.jpg 1,69,202,375,19 71,89,340,375,19 277,62,500,375,19 47,138,500,375,15 371,116,388,149,5 388,102,407,150,5
/media/xinje/New Volume/VOC07&12/VOC2012/JPEGImages/2008_007998.jpg 143,119,151,150,5 155,119,165,150,5 168,120,177,150,5 181,120,190,151,5 195,120,202,150,5 207,121,216,150,5 220,121,230,151,5 266,162,410,266,11
/media/xinje/New Volume/VOC07&12/VOC2012/JPEGImages/2008_008072.jpg 1,124,192,178,20 1,269,500,375,20 103,64,422,312,19 80,1,212,137,19 79,69,114,147,5 260,1,452,277,19
/media/xinje/New Volume/VOC07&12/VOC2012/JPEGImages/2008_008266.jpg 133,19,388,298,19 1,267,500,375,20 364,162,486,270,20 386,136,399,174,5
/media/xinje/New Volume/VOC07&12/VOC2012/JPEGImages/2008_008330.jpg 169,258,223,390,5 234,296,289,395,5 217,129,356,229,20 231,142,314,231,8 188,129,252,212,8 316,152,372,222,8 160,27,249,218,13
/media/xinje/New Volume/VOC07&12/VOC2012/JPEGImages/2008_008526.jpg 1,152,500,375,15 162,232,197,338,5 66,138,352,375,19 234,141,500,375,19
/media/xinje/New Volume/VOC07&12/VOC2012/JPEGImages/2008_008694.jpg 21,16,276,318,8 369,119,479,333,5
/media/xinje/New Volume/VOC07&12/VOC2012/JPEGImages/2009_000058.jpg 1,331,375,500,20 348,191,372,286,5 324,220,347,285,5 174,234,218,393,5 1,69,73,398,19 27,85,180,334,19 200,70,340,347,19
/media/xinje/New Volume/VOC07&12/VOC2012/JPEGImages/2009_000130.jpg 140,6,275,493,5
/media/xinje/New Volume/VOC07&12/VOC2012/JPEGImages/2009_000277.jpg 1,98,222,500,5 119,35,374,500,19
/media/xinje/New Volume/VOC07&12/VOC2012/JPEGImages/2009_000340.jpg 16,356,71,500,19 260,332,375,500,19 43,250,101,395,5 147,63,185,165,5 35,157,326,500,19
/media/xinje/New Volume/VOC07&12/VOC2012/JPEGImages/2009_000377.jpg 96,1,275,500,5
/media/xinje/New Volume/VOC07&12/VOC2012/JPEGImages/2009_000463.jpg 304,82,352,252,5 1,1,273,334,19 303,68,344,149,5
/media/xinje/New Volume/VOC07&12/VOC2012/JPEGImages/2009_000464.jpg 195,1,500,375,19 31,263,200,375,19 153,218,187,290,19 95,211,134,276,19 173,256,186,307,5 67,275,116,375,13
/media/xinje/New Volume/VOC07&12/VOC2012/JPEGImages/2009_000494.jpg 151,32,303,375,5
/media/xinje/New Volume/VOC07&12/VOC2012/JPEGImages/2009_000502.jpg 1,40,500,375,20 239,4,296,187,5
/media/xinje/New Volume/VOC07&12/VOC2012/JPEGImages/2009_000546.jpg 166,159,210,317,5 123,143,144,225,5 261,61,500,333,19 232,89,357,246,19 2,35,140,333,19 43,229,334,333,20 76,181,171,237,20 184,84,261,233,19 163,159,182,299,5
/media/xinje/New Volume/VOC07&12/VOC2012/JPEGImages/2009_000562.jpg 73,2,172,188,5
/media/xinje/New Volume/VOC07&12/VOC2012/JPEGImages/2009_000575.jpg 1,2,320,240,20 272,1,314,69,5 51,2,159,64,19
/media/xinje/New Volume/VOC07&12/VOC2012/JPEGImages/2009_000577.jpg 173,129,419,230,15 289,172,355,210,10 236,183,420,367,19 172,295,418,375,8 1,302,141,375,8 41,216,150,329,10 222,118,292,215,19 227,186,242,216,5 137,117,183,216,8 1,207,60,316,19
/media/xinje/New Volume/VOC07&12/VOC2012/JPEGImages/2009_000718.jpg 243,125,283,173,5 186,86,249,204,10
/media/xinje/New Volume/VOC07&12/VOC2012/JPEGImages/2009_000759.jpg 352,110,400,165,19 277,85,350,187,19 327,96,358,166,19 227,69,297,197,19 178,53,296,196,19 97,46,210,234,19 1,27,118,257,19 401,78,497,219,19 401,97,455,201,19 359,65,500,333,19 1,171,443,333,20 174,135,213,204,5
/media/xinje/New Volume/VOC07&12/VOC2012/JPEGImages/2009_000797.jpg 1,201,176,500,5
/media/xinje/New Volume/VOC07&12/VOC2012/JPEGImages/2009_000848.jpg 172,137,209,249,5 32,23,190,173,17 182,15,369,141,17
/media/xinje/New Volume/VOC07&12/VOC2012/JPEGImages/2009_000867.jpg 1,97,500,375,20 320,1,373,148,5 367,1,409,103,5 181,1,330,107,13
/media/xinje/New Volume/VOC07&12/VOC2012/JPEGImages/2009_001059.jpg 75,1,500,257,5
/media/xinje/New Volume/VOC07&12/VOC2012/JPEGImages/2009_001103.jpg 1,176,160,375,17 137,71,354,331,19 272,276,310,375,5 371,226,401,328,5 486,272,500,375,5 399,180,500,324,19
/media/xinje/New Volume/VOC07&12/VOC2012/JPEGImages/2009_001154.jpg 159,289,199,411,5 2,42,296,411,19 2,187,81,370,8
/media/xinje/New Volume/VOC07&12/VOC2012/JPEGImages/2009_001224.jpg 160,216,393,282,5 78,20,242,263,10
/media/xinje/New Volume/VOC07&12/VOC2012/JPEGImages/2009_001319.jpg 63,167,328,333,20 119,78,216,301,19 15,85,152,318,19 306,168,441,293,20 1,158,74,277,20 1,94,45,154,19 63,116,80,160,5
/media/xinje/New Volume/VOC07&12/VOC2012/JPEGImages/2009_001328.jpg 102,1,240,253,5 35,1,106,122,5
/media/xinje/New Volume/VOC07&12/VOC2012/JPEGImages/2009_001339.jpg 154,191,256,375,5 204,194,244,339,5 219,56,500,284,19 27,11,199,278,19 1,275,500,375,20
/media/xinje/New Volume/VOC07&12/VOC2012/JPEGImages/2009_001480.jpg 1,261,362,500,2 213,369,259,456,5
/media/xinje/New Volume/VOC07&12/VOC2012/JPEGImages/2009_001494.jpg 73,7,347,500,5
/media/xinje/New Volume/VOC07&12/VOC2012/JPEGImages/2009_001605.jpg 68,59,500,269,15 153,140,270,267,10 27,1,152,259,19 84,42,487,154,19 1,133,94,359,19 1,1,34,68,17 369,279,423,324,5
/media/xinje/New Volume/VOC07&12/VOC2012/JPEGImages/2009_001625.jpg 120,95,238,463,5
/media/xinje/New Volume/VOC07&12/VOC2012/JPEGImages/2009_001640.jpg 122,1,261,500,5
/media/xinje/New Volume/VOC07&12/VOC2012/JPEGImages/2009_001695.jpg 1,295,331,500,2 257,196,273,258,5 274,197,282,245,5 286,200,301,261,5 228,222,248,260,5
/media/xinje/New Volume/VOC07&12/VOC2012/JPEGImages/2009_001705.jpg 179,178,281,324,5 1,10,415,375,19 451,92,500,211,19
/media/xinje/New Volume/VOC07&12/VOC2012/JPEGImages/2009_001720.jpg 263,1,387,115,5
/media/xinje/New Volume/VOC07&12/VOC2012/JPEGImages/2009_001908.jpg 1,31,500,333,15 84,208,433,333,19 98,1,422,333,19 309,151,362,220,5
/media/xinje/New Volume/VOC07&12/VOC2012/JPEGImages/2009_001933.jpg 203,69,500,375,18 1,1,238,213,5
/media/xinje/New Volume/VOC07&12/VOC2012/JPEGImages/2009_001937.jpg 299,85,356,274,5
/media/xinje/New Volume/VOC07&12/VOC2012/JPEGImages/2009_001960.jpg 120,25,451,269,10 2,31,500,375,8 304,8,331,66,5 329,5,348,68,5
/media/xinje/New Volume/VOC07&12/VOC2012/JPEGImages/2009_002054.jpg 223,70,348,375,19 35,11,258,375,19 421,214,438,273,5 411,207,426,246,5
/media/xinje/New Volume/VOC07&12/VOC2012/JPEGImages/2009_002060.jpg 185,1,320,365,5
/media/xinje/New Volume/VOC07&12/VOC2012/JPEGImages/2009_002089.jpg 120,225,230,500,5
/media/xinje/New Volume/VOC07&12/VOC2012/JPEGImages/2009_002204.jpg 192,18,321,483,5 44,17,174,483,5
/media/xinje/New Volume/VOC07&12/VOC2012/JPEGImages/2009_002235.jpg 179,152,206,249,5
/media/xinje/New Volume/VOC07&12/VOC2012/JPEGImages/2009_002567.jpg 1,1,90,288,5 64,1,221,297,5 215,1,349,284,5 349,1,500,279,5
/media/xinje/New Volume/VOC07&12/VOC2012/JPEGImages/2009_002579.jpg 112,151,270,376,19 1,316,375,500,20 35,196,119,500,5 131,205,199,472,5 195,279,240,423,5
/media/xinje/New Volume/VOC07&12/VOC2012/JPEGImages/2009_002620.jpg 185,147,249,324,5
/media/xinje/New Volume/VOC07&12/VOC2012/JPEGImages/2009_002671.jpg 248,119,418,199,2 96,54,215,268,19 202,144,223,189,5
/media/xinje/New Volume/VOC07&12/VOC2012/JPEGImages/2009_002688.jpg 471,66,500,136,13 220,78,261,130,13 139,202,208,236,5 421,241,500,376,8 300,186,393,249,8 211,179,292,235,8 54,216,182,376,8 175,231,330,376,8 46,223,460,376,20
/media/xinje/New Volume/VOC07&12/VOC2012/JPEGImages/2009_002703.jpg 202,210,222,242,5 117,82,238,375,19 224,98,297,360,19
/media/xinje/New Volume/VOC07&12/VOC2012/JPEGImages/2009_002814.jpg 14,132,69,274,5 23,36,276,500,19
/media/xinje/New Volume/VOC07&12/VOC2012/JPEGImages/2009_002850.jpg 369,160,470,333,5 354,74,407,319,5 238,78,293,287,5 169,78,229,282,5 98,70,163,285,5 140,45,189,241,5 291,67,356,172,19 279,68,315,127,19 74,81,102,113,19
/media/xinje/New Volume/VOC07&12/VOC2012/JPEGImages/2009_002980.jpg 174,15,301,462,5
/media/xinje/New Volume/VOC07&12/VOC2012/JPEGImages/2009_002984.jpg 131,84,291,268,17 320,100,475,216,17 363,205,404,313,5 388,89,500,196,17
/media/xinje/New Volume/VOC07&12/VOC2012/JPEGImages/2009_003034.jpg 297,1,374,333,5 210,10,292,324,5 106,31,198,333,5 1,75,78,332,5
/media/xinje/New Volume/VOC07&12/VOC2012/JPEGImages/2009_003142.jpg 151,297,206,444,5
/media/xinje/New Volume/VOC07&12/VOC2012/JPEGImages/2009_003265.jpg 140,202,357,333,20 118,251,256,333,8 441,262,500,333,8 443,199,471,279,8 253,169,271,233,5 222,33,421,217,19 222,109,301,164,17 287,127,449,333,19 26,59,173,333,19 133,107,227,222,19 225,173,243,201,5 5,193,31,297,8
/media/xinje/New Volume/VOC07&12/VOC2012/JPEGImages/2009_003349.jpg 229,15,500,273,19 168,237,500,333,20 153,18,245,182,5
/media/xinje/New Volume/VOC07&12/VOC2012/JPEGImages/2009_003363.jpg 358,103,500,320,19 334,141,454,375,19 269,141,358,375,19 210,148,278,342,19 94,128,224,347,19 155,264,174,324,5 1,133,105,375,19
/media/xinje/New Volume/VOC07&12/VOC2012/JPEGImages/2009_003468.jpg 178,21,500,375,19 1,304,280,375,20 1,20,109,314,19 1,246,90,375,5
/media/xinje/New Volume/VOC07&12/VOC2012/JPEGImages/2009_003562.jpg 52,5,258,486,5
/media/xinje/New Volume/VOC07&12/VOC2012/JPEGImages/2009_003609.jpg 1,1,334,500,19 253,277,334,500,5
/media/xinje/New Volume/VOC07&12/VOC2012/JPEGImages/2009_003629.jpg 40,1,314,333,5 306,1,492,333,5
/media/xinje/New Volume/VOC07&12/VOC2012/JPEGImages/2009_003720.jpg 283,96,357,177,17 274,86,447,321,19 186,214,232,333,5 25,187,180,303,8 42,85,172,303,19
/media/xinje/New Volume/VOC07&12/VOC2012/JPEGImages/2009_003793.jpg 126,174,184,286,5
/media/xinje/New Volume/VOC07&12/VOC2012/JPEGImages/2009_003818.jpg 172,1,325,375,5 14,314,500,375,20 320,219,390,326,8
/media/xinje/New Volume/VOC07&12/VOC2012/JPEGImages/2009_003865.jpg 271,164,418,251,5
/media/xinje/New Volume/VOC07&12/VOC2012/JPEGImages/2009_003888.jpg 189,199,379,375,20 447,153,500,335,19 239,94,379,375,19 236,162,418,375,8 1,90,253,375,19 209,1,268,114,13 91,37,121,136,5 71,55,100,139,5 26,61,52,148,5 17,27,49,105,5 64,54,73,83,5 64,36,78,77,5 75,34,90,72,5 100,29,124,120,5
/media/xinje/New Volume/VOC07&12/VOC2012/JPEGImages/2009_003958.jpg 11,2,131,498,5
/media/xinje/New Volume/VOC07&12/VOC2012/JPEGImages/2009_004112.jpg 44,72,120,335,5 117,1,467,335,19
/media/xinje/New Volume/VOC07&12/VOC2012/JPEGImages/2009_004122.jpg 63,1,309,500,5
/media/xinje/New Volume/VOC07&12/VOC2012/JPEGImages/2009_004154.jpg 9,88,26,124,5 12,135,81,285,8 1,99,123,150,20 205,10,265,179,19 397,82,426,152,8 423,101,484,202,8 414,23,470,126,19 426,31,500,165,19 222,303,259,375,5 434,157,489,230,8 49,217,500,375,20 36,49,230,301,19 244,58,399,264,19
/media/xinje/New Volume/VOC07&12/VOC2012/JPEGImages/2009_004162.jpg 1,27,500,375,20 189,1,241,158,5 241,12,306,169,5 370,1,440,138,5 427,1,476,112,5 65,1,371,83,19
/media/xinje/New Volume/VOC07&12/VOC2012/JPEGImages/2009_004199.jpg 361,354,375,387,5 342,337,375,384,5 326,337,362,379,5 310,334,347,376,5 292,336,333,373,5 353,402,375,444,5 337,400,372,442,5 321,397,358,437,5 302,394,343,434,5 289,393,328,429,5 295,450,336,490,5
/media/xinje/New Volume/VOC07&12/VOC2012/JPEGImages/2009_004228.jpg 1,235,424,375,20 395,234,472,375,8 135,78,329,246,19 253,5,302,50,13 271,266,297,333,5 300,252,326,316,5 163,220,248,251,5
/media/xinje/New Volume/VOC07&12/VOC2012/JPEGImages/2009_004312.jpg 295,150,454,345,8 125,140,275,336,8 1,136,134,307,8 389,163,500,323,8 129,91,151,154,5 297,76,310,120,5 22,147,500,312,20
/media/xinje/New Volume/VOC07&12/VOC2012/JPEGImages/2009_004394.jpg 98,42,125,145,5 107,134,423,336,18 280,93,341,145,13 177,10,318,144,13 1,268,500,401,20 346,220,487,273,13 1,1,90,321,13
/media/xinje/New Volume/VOC07&12/VOC2012/JPEGImages/2009_004432.jpg 102,103,142,233,5 111,63,396,333,19 170,1,500,333,19
/media/xinje/New Volume/VOC07&12/VOC2012/JPEGImages/2009_004616.jpg 1,93,484,375,20 473,126,500,196,5
/media/xinje/New Volume/VOC07&12/VOC2012/JPEGImages/2009_004656.jpg 1,221,31,346,5 16,215,62,337,5 45,205,95,329,5 85,203,129,319,5 121,188,167,314,5 149,185,203,308,5 188,175,237,300,5 230,168,273,293,5 266,158,317,284,5 305,149,357,279,5 345,129,393,268,5 390,121,439,260,5 432,112,481,253,5 477,91,500,244,5
/media/xinje/New Volume/VOC07&12/VOC2012/JPEGImages/2009_004694.jpg 118,82,241,356,19 210,54,387,356,19 230,205,264,256,5 428,231,486,306,19 60,157,139,219,7
/media/xinje/New Volume/VOC07&12/VOC2012/JPEGImages/2009_004701.jpg 229,180,500,368,15 239,200,251,233,5 247,198,258,230,5 377,69,427,136,19 330,95,373,152,19
/media/xinje/New Volume/VOC07&12/VOC2012/JPEGImages/2009_004745.jpg 123,67,352,375,13 102,1,225,323,5
/media/xinje/New Volume/VOC07&12/VOC2012/JPEGImages/2009_004764.jpg 183,1,300,360,5
/media/xinje/New Volume/VOC07&12/VOC2012/JPEGImages/2009_004794.jpg 11,258,359,374,20 325,1,440,137,13 354,141,500,374,19 184,96,356,363,19 1,205,163,374,19 12,99,153,267,19 188,285,237,374,5
/media/xinje/New Volume/VOC07&12/VOC2012/JPEGImages/2009_004984.jpg 46,52,462,329,2 197,160,250,220,5
/media/xinje/New Volume/VOC07&12/VOC2012/JPEGImages/2009_005044.jpg 82,53,262,361,5
/media/xinje/New Volume/VOC07&12/VOC2012/JPEGImages/2009_005057.jpg 21,132,166,500,19 66,159,84,193,5 185,138,288,443,19 253,176,272,216,5
/media/xinje/New Volume/VOC07&12/VOC2012/JPEGImages/2009_005147.jpg 68,129,329,279,12 259,100,418,205,12 52,48,108,228,19 56,83,68,114,5
/media/xinje/New Volume/VOC07&12/VOC2012/JPEGImages/2009_005183.jpg 79,68,122,163,19 110,60,183,341,19 173,64,201,132,19 26,86,45,122,19 238,63,265,97,19 470,71,489,97,19 327,236,349,285,5 241,164,304,205,8 180,159,233,207,8
/media/xinje/New Volume/VOC07&12/VOC2012/JPEGImages/2009_005278.jpg 34,219,334,375,20 209,220,338,375,8 276,189,327,245,8 205,187,244,232,8 67,194,117,236,8 16,217,127,375,8 52,227,190,375,8 27,182,55,222,8 1,189,14,229,8 346,1,408,35,13 204,16,286,88,13 361,189,430,257,13 347,51,363,92,5 340,53,353,91,5 333,55,345,93,5 376,45,422,80,13
/media/xinje/New Volume/VOC07&12/VOC2012/JPEGImages/2009_005308.jpg 177,218,207,321,5
/media/xinje/New Volume/VOC07&12/VOC2012/JPEGImages/2009_005311.jpg 161,200,364,301,20 176,300,298,375,8 273,205,432,339,19 297,268,413,375,8 412,177,465,273,19 427,225,463,329,8 85,250,186,374,8 74,175,232,307,19 233,148,273,200,19 313,165,369,235,19 94,166,151,244,19 156,157,204,210,19 299,157,350,216,19 215,196,225,230,5 170,184,180,210,5 110,160,179,244,19 66,192,87,270,8
/media/xinje/New Volume/VOC07&12/VOC2012/JPEGImages/2010_000089.jpg 199,111,399,252,14 147,97,205,137,5 1,1,220,331,19
/media/xinje/New Volume/VOC07&12/VOC2012/JPEGImages/2010_000131.jpg 147,128,259,262,5 112,1,500,374,19
/media/xinje/New Volume/VOC07&12/VOC2012/JPEGImages/2010_000137.jpg 32,116,228,500,5
/media/xinje/New Volume/VOC07&12/VOC2012/JPEGImages/2010_000310.jpg 29,1,303,308,5 195,130,500,308,5
/media/xinje/New Volume/VOC07&12/VOC2012/JPEGImages/2010_000386.jpg 25,137,446,309,15 391,122,454,272,8 326,137,441,267,8 158,65,218,117,17 327,132,426,180,5 104,87,500,333,19 173,92,350,222,19
/media/xinje/New Volume/VOC07&12/VOC2012/JPEGImages/2010_000448.jpg 277,163,318,233,5 382,130,500,375,19 347,226,412,312,19 345,54,500,230,19 186,56,349,254,19 18,32,185,292,19 1,155,88,340,19 28,137,69,152,8 159,161,204,268,8 344,88,415,219,19 153,147,179,168,8
/media/xinje/New Volume/VOC07&12/VOC2012/JPEGImages/2010_000492.jpg 103,136,324,364,8 328,184,500,375,8 63,280,135,341,5 73,79,494,316,19
/media/xinje/New Volume/VOC07&12/VOC2012/JPEGImages/2010_000588.jpg 236,201,252,242,5 11,112,153,235,8 223,100,360,223,8 279,98,500,375,15
/media/xinje/New Volume/VOC07&12/VOC2012/JPEGImages/2010_000591.jpg 1,205,500,375,20 406,16,471,233,5 238,1,317,58,17 180,125,354,207,8 1,163,84,322,8
/media/xinje/New Volume/VOC07&12/VOC2012/JPEGImages/2010_000671.jpg 65,443,92,500,5 45,317,350,471,15 90,325,347,401,19
/media/xinje/New Volume/VOC07&12/VOC2012/JPEGImages/2010_000721.jpg 201,33,290,311,5
/media/xinje/New Volume/VOC07&12/VOC2012/JPEGImages/2010_000782.jpg 1,247,36,375,8 1,80,49,104,5 4,136,48,163,5 75,110,180,217,8 240,145,350,220,8 351,178,479,276,8 27,193,500,375,20
/media/xinje/New Volume/VOC07&12/VOC2012/JPEGImages/2010_000891.jpg 181,263,271,322,5 1,1,404,375,19 255,226,354,307,19
/media/xinje/New Volume/VOC07&12/VOC2012/JPEGImages/2010_001013.jpg 13,4,171,344,5
/media/xinje/New Volume/VOC07&12/VOC2012/JPEGImages/2010_001094.jpg 155,89,298,234,10 137,147,185,204,5 268,20,347,160,8 138,13,305,220,19
/media/xinje/New Volume/VOC07&12/VOC2012/JPEGImages/2010_001131.jpg 1,336,375,500,20 1,1,296,357,19 256,205,352,496,5
/media/xinje/New Volume/VOC07&12/VOC2012/JPEGImages/2010_001142.jpg 264,210,282,244,5 295,162,308,184,5 254,196,270,224,5 281,204,292,225,5 212,208,221,227,5 315,103,371,220,19 283,171,379,342,19 156,180,216,260,19 205,172,223,198,19 218,155,280,234,19 292,185,343,241,19
/media/xinje/New Volume/VOC07&12/VOC2012/JPEGImages/2010_001224.jpg 80,1,394,374,19 18,1,448,374,8 205,169,332,330,5
/media/xinje/New Volume/VOC07&12/VOC2012/JPEGImages/2010_001338.jpg 240,226,500,374,2 354,237,500,374,2 14,277,362,375,2 1,212,149,375,2 68,96,287,375,19 354,270,378,301,5 60,261,76,291,5 318,271,333,291,5
/media/xinje/New Volume/VOC07&12/VOC2012/JPEGImages/2010_001418.jpg 1,48,323,375,18 179,1,228,78,5 309,125,500,375,19
/media/xinje/New Volume/VOC07&12/VOC2012/JPEGImages/2010_001698.jpg 35,2,200,500,5
/media/xinje/New Volume/VOC07&12/VOC2012/JPEGImages/2010_001753.jpg 118,28,393,490,2 243,225,279,270,5
/media/xinje/New Volume/VOC07&12/VOC2012/JPEGImages/2010_001785.jpg 64,181,440,375,20 314,132,342,204,5 248,184,294,260,5 228,207,253,251,5 400,109,500,375,19 1,107,183,375,19 34,59,215,227,19 46,1,61,32,5 32,1,47,32,5 9,1,30,34,5 301,133,376,204,13
/media/xinje/New Volume/VOC07&12/VOC2012/JPEGImages/2010_001884.jpg 82,135,279,270,18 447,23,500,133,5
/media/xinje/New Volume/VOC07&12/VOC2012/JPEGImages/2010_001980.jpg 321,404,358,500,5
/media/xinje/New Volume/VOC07&12/VOC2012/JPEGImages/2010_002055.jpg 37,120,375,500,2 248,262,276,306,19 285,206,318,324,19 229,265,286,337,5 13,241,51,312,13
/media/xinje/New Volume/VOC07&12/VOC2012/JPEGImages/2010_002127.jpg 335,267,352,298,5 361,38,459,319,19 65,46,170,304,19 437,170,500,217,7
/media/xinje/New Volume/VOC07&12/VOC2012/JPEGImages/2010_002242.jpg 156,75,384,196,3 190,111,418,239,3 179,37,243,88,5
/media/xinje/New Volume/VOC07&12/VOC2012/JPEGImages/2010_002440.jpg 3,41,169,375,19 137,29,275,316,19 190,23,493,372,19 216,102,290,177,5 403,23,500,233,19
/media/xinje/New Volume/VOC07&12/VOC2012/JPEGImages/2010_002455.jpg 274,2,409,375,5
/media/xinje/New Volume/VOC07&12/VOC2012/JPEGImages/2010_002457.jpg 57,114,202,349,19 273,308,290,361,5 45,127,351,282,7
/media/xinje/New Volume/VOC07&12/VOC2012/JPEGImages/2010_002462.jpg 167,234,448,330,20 200,137,248,242,19 149,141,256,332,19 29,148,197,375,19 1,104,162,325,19 318,142,351,187,19 343,146,406,245,19 374,131,415,189,19 389,108,500,348,19 162,1,297,216,13 309,200,327,253,5
/media/xinje/New Volume/VOC07&12/VOC2012/JPEGImages/2010_002520.jpg 157,243,196,366,5 1,349,333,500,20 52,81,285,363,19
/media/xinje/New Volume/VOC07&12/VOC2012/JPEGImages/2010_002772.jpg 93,36,480,455,5
/media/xinje/New Volume/VOC07&12/VOC2012/JPEGImages/2010_002843.jpg 330,2,500,213,17 241,203,351,375,5 108,309,344,375,19
/media/xinje/New Volume/VOC07&12/VOC2012/JPEGImages/2010_002931.jpg 1,80,308,500,19 106,132,168,370,5
/media/xinje/New Volume/VOC07&12/VOC2012/JPEGImages/2010_002941.jpg 80,1,295,500,5
/media/xinje/New Volume/VOC07&12/VOC2012/JPEGImages/2010_003017.jpg 156,98,254,319,5 371,191,480,375,5 1,139,235,375,19 170,138,390,375,19 458,215,500,375,19 327,225,374,290,8 123,154,149,255,13 71,172,123,262,13 42,211,66,238,13 1,210,15,243,13
/media/xinje/New Volume/VOC07&12/VOC2012/JPEGImages/2010_003037.jpg 92,1,211,241,5
/media/xinje/New Volume/VOC07&12/VOC2012/JPEGImages/2010_003093.jpg 133,283,434,374,2 189,138,337,375,19 297,340,319,375,5
/media/xinje/New Volume/VOC07&12/VOC2012/JPEGImages/2010_003304.jpg 101,249,163,368,5 258,1,500,375,19 151,70,378,372,19 11,124,206,375,19 44,181,92,268,19 34,152,179,334,19
/media/xinje/New Volume/VOC07&12/VOC2012/JPEGImages/2010_003329.jpg 58,2,238,451,5
/media/xinje/New Volume/VOC07&12/VOC2012/JPEGImages/2010_003374.jpg 42,40,126,205,19 126,106,143,152,5 104,49,197,148,19 259,62,349,172,19 282,76,413,204,19 372,76,500,247,19 1,1,159,375,19 78,265,121,375,8 77,130,500,375,20 64,172,149,375,8
/media/xinje/New Volume/VOC07&12/VOC2012/JPEGImages/2010_003512.jpg 103,140,496,250,5
/media/xinje/New Volume/VOC07&12/VOC2012/JPEGImages/2010_003538.jpg 29,41,224,500,19 160,49,334,500,19 1,165,172,460,8 180,128,216,233,5 152,168,314,404,8 1,305,57,454,8
/media/xinje/New Volume/VOC07&12/VOC2012/JPEGImages/2010_003539.jpg 81,24,448,487,18 442,191,464,268,5
/media/xinje/New Volume/VOC07&12/VOC2012/JPEGImages/2010_003625.jpg 1,358,340,500,20 43,252,149,365,8 215,142,340,500,5 66,166,272,371,19
/media/xinje/New Volume/VOC07&12/VOC2012/JPEGImages/2010_003717.jpg 34,1,498,242,15 432,305,500,332,5
/media/xinje/New Volume/VOC07&12/VOC2012/JPEGImages/2010_003914.jpg 216,273,346,500,2 43,173,206,500,19 48,229,74,301,5
/media/xinje/New Volume/VOC07&12/VOC2012/JPEGImages/2010_003994.jpg 373,70,458,332,5 209,66,302,333,5 28,59,131,333,5 163,76,220,293,5 297,72,351,262,5
/media/xinje/New Volume/VOC07&12/VOC2012/JPEGImages/2010_004109.jpg 248,78,500,334,15 25,64,177,181,17 64,173,99,295,5 327,176,500,246,19
/media/xinje/New Volume/VOC07&12/VOC2012/JPEGImages/2010_004197.jpg 291,162,333,318,5 141,123,282,318,18
/media/xinje/New Volume/VOC07&12/VOC2012/JPEGImages/2010_004198.jpg 161,59,254,105,5 212,4,500,375,19 189,48,326,276,19
/media/xinje/New Volume/VOC07&12/VOC2012/JPEGImages/2010_004249.jpg 1,169,214,333,8 70,226,135,307,8 382,198,460,321,8 26,122,173,307,19 1,1,63,313,19 165,1,436,333,19 351,152,466,255,17 375,125,385,155,5 98,57,114,131,19 71,58,98,131,19 63,35,85,90,19
/media/xinje/New Volume/VOC07&12/VOC2012/JPEGImages/2010_004275.jpg 317,222,465,281,8 25,206,74,281,8 49,220,255,281,20 53,264,163,281,8 158,211,229,224,8 109,1,118,26,5 99,1,107,24,5 86,1,97,24,5 75,1,86,23,5 63,1,74,20,5 153,118,161,137,5 240,129,246,150,5 232,129,239,145,5
/media/xinje/New Volume/VOC07&12/VOC2012/JPEGImages/2010_004288.jpg 146,254,188,411,5
/media/xinje/New Volume/VOC07&12/VOC2012/JPEGImages/2010_004344.jpg 216,13,294,330,5
/media/xinje/New Volume/VOC07&12/VOC2012/JPEGImages/2010_004368.jpg 186,27,291,116,17 290,75,305,118,5 205,83,221,132,5
/media/xinje/New Volume/VOC07&12/VOC2012/JPEGImages/2010_004429.jpg 274,84,386,269,8 398,184,500,322,8 405,86,450,134,17 25,223,70,334,5
/media/xinje/New Volume/VOC07&12/VOC2012/JPEGImages/2010_004441.jpg 84,150,116,263,5 195,7,442,375,19
/media/xinje/New Volume/VOC07&12/VOC2012/JPEGImages/2010_004609.jpg 7,22,475,323,2 220,165,262,217,5
/media/xinje/New Volume/VOC07&12/VOC2012/JPEGImages/2010_004665.jpg 1,285,238,500,15 198,193,247,272,5 207,420,252,500,5 133,427,196,500,5 1,307,222,428,19 197,46,329,467,19
/media/xinje/New Volume/VOC07&12/VOC2012/JPEGImages/2010_004680.jpg 122,20,248,490,5
/media/xinje/New Volume/VOC07&12/VOC2012/JPEGImages/2010_004751.jpg 1,205,375,500,20 182,243,208,342,5 249,216,277,300,5 261,199,279,233,5 258,167,277,227,5 1,177,73,264,8 134,159,242,210,8
/media/xinje/New Volume/VOC07&12/VOC2012/JPEGImages/2010_004942.jpg 177,218,500,375,20 197,21,369,264,19 367,121,466,233,19 23,211,141,345,19 24,67,51,151,7 461,166,494,241,5 18,277,195,375,8
/media/xinje/New Volume/VOC07&12/VOC2012/JPEGImages/2010_004983.jpg 2,184,405,331,20 443,183,498,330,8 103,174,128,213,8 1,93,170,325,19 116,139,176,219,19 313,108,500,331,19 446,71,500,140,19 213,162,236,222,5 204,152,220,213,5
/media/xinje/New Volume/VOC07&12/VOC2012/JPEGImages/2010_005111.jpg 90,144,349,338,2 273,57,361,294,19 237,207,267,245,5
/media/xinje/New Volume/VOC07&12/VOC2012/JPEGImages/2010_005133.jpg 447,91,477,197,5 414,85,451,196,5 156,244,183,325,5 99,115,376,332,17
/media/xinje/New Volume/VOC07&12/VOC2012/JPEGImages/2010_005155.jpg 1,142,71,375,5
/media/xinje/New Volume/VOC07&12/VOC2012/JPEGImages/2010_005349.jpg 117,208,344,313,20 231,129,455,334,19 11,122,232,334,19 133,78,237,210,19 248,92,329,219,19 256,175,277,233,5 274,181,290,250,5 432,248,500,334,8
/media/xinje/New Volume/VOC07&12/VOC2012/JPEGImages/2010_005409.jpg 190,269,296,375,5 1,135,151,265,5 437,181,500,235,7 69,59,147,185,19 1,34,453,375,19
/media/xinje/New Volume/VOC07&12/VOC2012/JPEGImages/2010_005419.jpg 160,88,275,277,10 283,149,301,165,5 313,147,330,162,5 340,146,358,162,5 340,162,363,205,5 308,164,334,206,5 279,167,306,208,5 402,16,434,57,19
/media/xinje/New Volume/VOC07&12/VOC2012/JPEGImages/2010_005512.jpg 288,67,399,219,8 52,229,121,350,5 60,158,92,233,5 242,118,276,210,5 274,232,306,311,5 1,75,25,159,5 316,186,500,375,19 8,102,320,375,19
/media/xinje/New Volume/VOC07&12/VOC2012/JPEGImages/2010_005540.jpg 1,158,112,500,8 263,94,281,151,5 183,102,205,142,5
/media/xinje/New Volume/VOC07&12/VOC2012/JPEGImages/2010_005663.jpg 76,29,232,465,5 38,232,266,289,7 248,220,369,283,7
/media/xinje/New Volume/VOC07&12/VOC2012/JPEGImages/2010_005825.jpg 1,100,375,500,20 1,45,29,145,5
/media/xinje/New Volume/VOC07&12/VOC2012/JPEGImages/2010_005865.jpg 1,53,500,374,20 439,9,492,142,5 459,22,500,166,5 178,1,383,56,19
/media/xinje/New Volume/VOC07&12/VOC2012/JPEGImages/2010_005952.jpg 70,1,256,474,5
/media/xinje/New Volume/VOC07&12/VOC2012/JPEGImages/2010_005954.jpg 59,7,279,339,19 262,11,451,375,5
/media/xinje/New Volume/VOC07&12/VOC2012/JPEGImages/2010_006015.jpg 327,37,488,251,8 145,80,215,138,8 1,140,71,298,8 148,240,189,343,5
/media/xinje/New Volume/VOC07&12/VOC2012/JPEGImages/2011_000003.jpg 368,154,389,214,5 191,107,314,331,19 367,87,500,337,19
/media/xinje/New Volume/VOC07&12/VOC2012/JPEGImages/2011_000027.jpg 224,306,287,413,5 142,145,238,402,5
/media/xinje/New Volume/VOC07&12/VOC2012/JPEGImages/2011_000030.jpg 323,214,367,366,19 192,147,253,380,19 114,147,217,438,19 119,152,142,203,5
/media/xinje/New Volume/VOC07&12/VOC2012/JPEGImages/2011_000196.jpg 212,25,287,96,13 324,15,414,147,13 142,23,180,99,13 302,88,322,163,5 182,215,322,375,8 113,125,390,362,20 68,40,139,191,19 323,62,455,293,19 1,35,154,341,19 222,102,299,129,8 76,3,136,59,13 359,120,390,156,8
/media/xinje/New Volume/VOC07&12/VOC2012/JPEGImages/2011_000361.jpg 238,31,357,180,13 432,193,500,375,5 1,253,500,375,20 385,86,500,193,19 200,98,373,256,19 36,102,244,316,19
/media/xinje/New Volume/VOC07&12/VOC2012/JPEGImages/2011_000375.jpg 161,346,201,466,5 248,363,292,466,5 261,112,472,343,19 212,181,349,350,19 148,25,255,386,19 79,98,242,330,19 26,11,201,458,19
/media/xinje/New Volume/VOC07&12/VOC2012/JPEGImages/2011_000453.jpg 101,83,390,301,2 381,1,471,44,2 159,2,311,304,19 171,200,231,225,5 221,301,257,316,5
/media/xinje/New Volume/VOC07&12/VOC2012/JPEGImages/2011_000713.jpg 249,199,381,374,5 35,63,368,375,19
/media/xinje/New Volume/VOC07&12/VOC2012/JPEGImages/2011_000823.jpg 211,192,227,246,5 160,330,184,375,5 232,322,398,375,8 340,248,457,374,8 58,198,127,353,8 160,216,327,375,20 274,165,421,375,19 319,155,432,290,19 197,120,287,326,19 89,132,199,356,19 25,110,133,322,13
/media/xinje/New Volume/VOC07&12/VOC2012/JPEGImages/2011_000827.jpg 85,314,124,375,5 96,220,115,255,5 1,228,234,375,20 201,108,500,375,19 260,142,429,375,19 189,138,312,338,19 155,145,221,249,19 1,201,64,244,19
/media/xinje/New Volume/VOC07&12/VOC2012/JPEGImages/2011_000847.jpg 138,34,221,358,5 222,36,306,357,5 1,223,500,375,20 1,145,88,241,20
/media/xinje/New Volume/VOC07&12/VOC2012/JPEGImages/2011_000875.jpg 9,10,114,98,13 107,160,214,207,13 284,166,375,207,13 489,183,500,238,5 467,201,490,235,5 273,202,343,274,8 173,231,226,375,8 204,270,499,374,20 203,276,244,375,8 484,210,499,236,5
/media/xinje/New Volume/VOC07&12/VOC2012/JPEGImages/2011_000885.jpg 328,54,459,202,13 292,229,412,375,8 274,140,362,245,19 118,143,229,368,19 64,112,105,212,19 96,143,108,161,19 106,145,130,189,19 125,147,148,166,19 152,144,169,164,19 193,143,212,178,19 213,149,224,163,19 224,148,243,174,19 259,142,288,176,19 72,212,209,375,8 448,247,500,375,8 465,193,500,247,8 360,190,416,242,8 12,165,38,218,8 40,163,66,212,8 101,165,129,208,8 200,160,213,189,8 260,172,280,232,5 242,171,252,195,5
/media/xinje/New Volume/VOC07&12/VOC2012/JPEGImages/2011_000920.jpg 217,11,276,172,5
/media/xinje/New Volume/VOC07&12/VOC2012/JPEGImages/2011_000947.jpg 140,264,158,326,5 295,207,336,232,8 324,215,360,304,8 373,220,500,375,15 145,181,199,261,19 214,183,247,228,19 132,206,161,267,8 189,216,247,246,8 25,239,357,375,20
/media/xinje/New Volume/VOC07&12/VOC2012/JPEGImages/2011_000996.jpg 1,132,92,197,19 1,72,126,271,19 124,135,500,375,19 428,131,500,368,19 320,79,406,157,19 201,79,307,194,19 274,62,358,210,19 104,259,135,359,5 149,287,181,352,5 238,188,262,255,5 163,176,202,290,5 218,160,240,223,5 27,136,500,375,20
/media/xinje/New Volume/VOC07&12/VOC2012/JPEGImages/2011_001091.jpg 132,143,261,386,19 1,47,234,403,19 1,1,116,238,19 329,80,346,88,5 195,48,212,55,5 205,146,225,164,5 248,122,262,141,5 54,236,77,264,5
/media/xinje/New Volume/VOC07&12/VOC2012/JPEGImages/2011_001168.jpg 28,37,279,193,5 1,43,500,376,19
/media/xinje/New Volume/VOC07&12/VOC2012/JPEGImages/2011_001272.jpg 161,82,239,306,5
/media/xinje/New Volume/VOC07&12/VOC2012/JPEGImages/2011_001285.jpg 84,341,117,414,5 28,437,244,500,19 108,348,240,479,19 182,73,269,186,19 250,75,277,116,19 255,2,283,77,19
/media/xinje/New Volume/VOC07&12/VOC2012/JPEGImages/2011_001382.jpg 147,93,227,258,13 446,96,499,342,5 216,1,307,288,5 336,142,424,285,5 1,172,500,375,20 1,1,228,202,19
/media/xinje/New Volume/VOC07&12/VOC2012/JPEGImages/2011_001538.jpg 426,162,500,275,2 181,148,256,308,19 232,281,247,318,5
/media/xinje/New Volume/VOC07&12/VOC2012/JPEGImages/2011_001557.jpg 233,133,280,146,4 183,132,222,153,4 1,193,108,229,4 1,179,159,219,4 1,174,177,219,4 89,79,148,326,19 135,192,157,217,5 164,202,246,292,19 209,238,331,344,19 232,192,345,274,19 337,153,408,304,19 312,203,354,261,19 403,166,418,201,19 439,165,457,214,19 453,163,471,211,19 411,166,432,210,19
/media/xinje/New Volume/VOC07&12/VOC2012/JPEGImages/2011_001571.jpg 232,253,260,332,5 181,192,215,265,5 129,201,188,257,5 54,274,85,332,5 147,269,169,333,5 385,273,446,331,8 1,235,48,294,8 1,253,364,332,20 184,118,405,333,19 40,91,186,273,19
/media/xinje/New Volume/VOC07&12/VOC2012/JPEGImages/2011_001700.jpg 96,284,140,411,5 283,328,330,478,5 32,96,214,376,19 158,148,356,402,19 43,222,222,360,8
/media/xinje/New Volume/VOC07&12/VOC2012/JPEGImages/2011_001769.jpg 227,86,283,175,8 170,89,230,191,8 236,81,288,155,8 358,44,422,141,19 414,36,465,130,19 403,22,500,333,19 22,108,137,325,19 105,105,190,301,19 4,32,194,203,19 61,34,218,130,19 284,42,380,324,19 357,79,379,107,5 158,36,238,200,19
/media/xinje/New Volume/VOC07&12/VOC2012/JPEGImages/2011_001938.jpg 229,61,283,109,17 17,177,195,270,8 284,198,360,270,19 254,148,271,180,5
/media/xinje/New Volume/VOC07&12/VOC2012/JPEGImages/2011_002006.jpg 69,169,407,375,2 143,37,313,375,19 1,1,42,118,19 153,134,177,181,5
/media/xinje/New Volume/VOC07&12/VOC2012/JPEGImages/2011_002111.jpg 53,103,289,319,2 304,51,338,111,2 442,40,500,64,7 331,24,359,108,19 166,171,193,199,5 189,163,206,197,5
/media/xinje/New Volume/VOC07&12/VOC2012/JPEGImages/2011_002113.jpg 351,191,395,319,5 343,196,384,326,5 1,208,456,375,2 103,5,343,375,19
/media/xinje/New Volume/VOC07&12/VOC2012/JPEGImages/2011_002131.jpg 1,1,292,332,5
/media/xinje/New Volume/VOC07&12/VOC2012/JPEGImages/2011_002135.jpg 35,274,466,500,2 1,2,188,103,7 128,1,355,80,7 237,389,294,464,5 50,40,425,500,19 324,1,390,86,19 161,1,253,41,2 432,1,466,84,19 354,1,444,74,7
/media/xinje/New Volume/VOC07&12/VOC2012/JPEGImages/2011_002167.jpg 2,212,239,374,20 199,102,312,352,19 172,322,308,375,8 1,53,103,230,19 382,75,477,321,19 427,140,447,175,5
/media/xinje/New Volume/VOC07&12/VOC2012/JPEGImages/2011_002186.jpg 2,107,276,335,19 229,59,428,183,18 1,1,480,335,15 464,100,486,163,5 476,37,492,91,5
/media/xinje/New Volume/VOC07&12/VOC2012/JPEGImages/2011_002236.jpg 223,192,497,335,12 21,73,252,325,19 129,68,241,290,19 231,93,282,282,19 399,165,478,254,19 370,196,392,232,5 1,183,22,231,5
/media/xinje/New Volume/VOC07&12/VOC2012/JPEGImages/2011_002237.jpg 205,297,228,337,5 55,80,244,337,19 246,68,425,337,19
/media/xinje/New Volume/VOC07&12/VOC2012/JPEGImages/2011_002318.jpg 135,1,215,62,13 191,2,266,63,13 1,2,118,349,5
/media/xinje/New Volume/VOC07&12/VOC2012/JPEGImages/2011_002348.jpg 281,209,305,305,5 73,153,212,286,8 53,262,499,375,20 299,119,500,323,19 94,161,184,287,19 1,119,75,249,8
/media/xinje/New Volume/VOC07&12/VOC2012/JPEGImages/2011_002359.jpg 2,114,453,373,15 17,84,313,375,19 195,35,427,375,19 54,203,276,363,19 162,199,219,242,5
/media/xinje/New Volume/VOC07&12/VOC2012/JPEGImages/2011_002387.jpg 25,127,346,246,5
/media/xinje/New Volume/VOC07&12/VOC2012/JPEGImages/2011_002394.jpg 277,99,295,163,5 389,312,498,375,8 2,262,148,374,8 104,143,180,240,8 62,147,373,374,20 1,57,202,375,19 102,53,230,229,19 363,64,405,120,19 348,81,500,375,19
/media/xinje/New Volume/VOC07&12/VOC2012/JPEGImages/2011_002422.jpg 73,224,187,375,8 7,223,420,375,20 210,231,300,354,8 248,299,292,375,5 398,236,446,365,8 202,80,314,234,19
/media/xinje/New Volume/VOC07&12/VOC2012/JPEGImages/2011_002433.jpg 39,56,346,332,10 35,1,115,116,5
/media/xinje/New Volume/VOC07&12/VOC2012/JPEGImages/2011_002462.jpg 318,105,450,205,17 21,225,500,375,20 106,169,168,292,19 277,134,362,225,8 3,142,103,340,8 1,214,48,375,8 271,123,278,141,5
/media/xinje/New Volume/VOC07&12/VOC2012/JPEGImages/2011_002488.jpg 218,373,239,433,5 114,164,207,430,19 142,356,230,430,8 113,380,333,493,20
/media/xinje/New Volume/VOC07&12/VOC2012/JPEGImages/2011_002553.jpg 379,244,457,330,14 192,218,295,347,14 442,219,500,334,19 286,143,345,353,19 199,142,254,259,19 101,188,190,332,19 19,175,62,240,19 44,208,58,245,5 87,203,98,240,5
/media/xinje/New Volume/VOC07&12/VOC2012/JPEGImages/2011_002559.jpg 32,1,373,375,5
/media/xinje/New Volume/VOC07&12/VOC2012/JPEGImages/2011_002560.jpg 184,54,316,158,17 16,223,29,246,5 372,260,432,357,5
/media/xinje/New Volume/VOC07&12/VOC2012/JPEGImages/2011_002590.jpg 3,1,74,177,5 1,134,227,280,5 202,2,500,375,19
/media/xinje/New Volume/VOC07&12/VOC2012/JPEGImages/2011_002798.jpg 283,187,302,262,5 260,184,279,249,5 242,194,258,259,5 231,197,254,270,5 23,190,152,333,8 294,179,417,333,8 80,229,386,333,20 96,112,222,333,19 289,113,499,332,19 1,245,122,333,8
/media/xinje/New Volume/VOC07&12/VOC2012/JPEGImages/2011_002803.jpg 239,126,272,193,5 93,219,211,375,8 328,217,443,375,8 153,214,371,374,20 245,118,395,369,19 108,120,295,367,19
/media/xinje/New Volume/VOC07&12/VOC2012/JPEGImages/2011_002814.jpg 474,271,499,302,13 193,185,240,263,8 236,172,286,267,8 264,167,273,200,8 211,164,241,184,8 149,174,202,259,8 162,169,177,202,8 168,179,276,263,20 1,261,342,375,15 434,174,446,201,5 382,154,396,194,5 85,152,99,174,17
/media/xinje/New Volume/VOC07&12/VOC2012/JPEGImages/2011_002852.jpg 321,130,499,346,15 1,261,424,373,15 1,119,177,287,15 149,260,375,375,19 168,243,181,277,5 69,87,84,119,19 358,104,376,134,19
/media/xinje/New Volume/VOC07&12/VOC2012/JPEGImages/2011_002911.jpg 238,24,499,375,10 1,103,132,346,20 19,21,79,137,5
/media/xinje/New Volume/VOC07&12/VOC2012/JPEGImages/2011_002920.jpg 232,187,336,268,5 36,69,333,374,19 286,111,436,336,19 192,19,206,65,5 180,17,192,64,5 165,18,178,64,5 150,16,164,61,5 136,15,148,61,5 122,13,136,62,5 104,11,122,61,5 91,11,106,61,5 76,10,90,58,5 60,11,74,59,5 34,9,52,57,5 18,9,34,56,5 1,11,14,57,5 138,75,148,101,5 123,73,134,120,5 107,71,121,121,5 92,73,106,120,5 76,67,93,121,5 60,65,77,121,5 37,64,52,121,5 20,69,36,121,5 24,129,38,146,5 37,131,52,147,5 60,133,74,149,5 72,129,86,146,5 84,130,98,147,5 96,130,112,147,5 110,130,126,147,5 25,158,42,179,5 34,185,51,210,5 108,304,500,374,20 16,251,38,298,5 1,280,23,314,5 63,152,80,177,5 1,77,26,286,19
/media/xinje/New Volume/VOC07&12/VOC2012/JPEGImages/2011_002927.jpg 342,192,355,223,5 234,233,340,356,8 211,221,276,357,8 108,200,159,238,8 73,227,355,357,20 89,255,200,357,8 69,237,93,357,8 8,51,90,99,13
/media/xinje/New Volume/VOC07&12/VOC2012/JPEGImages/2011_002940.jpg 216,208,244,299,5 243,170,260,232,5 107,198,386,375,20 372,113,500,375,19 332,92,453,353,19 81,120,199,267,19 2,116,149,375,19 222,171,239,229,5 238,48,284,107,19
/media/xinje/New Volume/VOC07&12/VOC2012/JPEGImages/2011_002966.jpg 367,265,422,375,5 337,210,374,350,5 239,193,260,261,5 32,1,208,94,17 1,90,176,375,19 67,101,233,375,19 159,98,226,215,19 171,83,295,257,19 234,115,406,289,19 353,121,420,212,19 397,132,500,336,19 177,246,500,375,20
/media/xinje/New Volume/VOC07&12/VOC2012/JPEGImages/2011_002974.jpg 47,14,149,366,5 1,240,332,500,20 1,1,85,161,19 226,1,333,191,19 123,2,218,96,19
/media/xinje/New Volume/VOC07&12/VOC2012/JPEGImages/2011_003010.jpg 175,159,442,325,10 110,65,148,155,5 76,174,154,316,5 139,185,183,295,5 183,16,500,354,19
/media/xinje/New Volume/VOC07&12/VOC2012/JPEGImages/2011_003038.jpg 229,2,363,94,13 188,187,208,223,5 89,143,159,226,19 1,115,136,233,19 134,87,368,375,19 1,226,386,375,15
/media/xinje/New Volume/VOC07&12/VOC2012/JPEGImages/2011_003044.jpg 1,111,116,298,8 128,88,161,160,8 174,93,457,289,15 135,94,147,124,5 246,146,333,290,19 105,72,150,119,8
/media/xinje/New Volume/VOC07&12/VOC2012/JPEGImages/2011_003066.jpg 218,255,263,348,5 1,104,91,216,8 48,100,112,188,8 286,75,328,128,8 316,82,394,182,8 316,92,387,201,8 475,89,496,126,8 89,196,142,261,8 160,170,193,238,8 38,34,153,180,19 163,28,232,96,19 130,44,232,208,19 70,86,183,206,20 350,77,493,165,20 306,32,369,163,19 1,133,164,375,19 178,65,318,237,19 374,65,500,244,19 100,212,500,375,20
/media/xinje/New Volume/VOC07&12/VOC2012/JPEGImages/2011_003158.jpg 1,61,489,315,20 200,64,235,145,5 1,81,74,143,8 283,32,402,104,8
/media/xinje/New Volume/VOC07&12/VOC2012/JPEGImages/2011_003230.jpg 202,60,250,85,5 127,111,176,133,5 27,88,175,463,19 170,44,331,438,19
