/media/xinje/New Volume/VOC07&12/VOC2012/JPEGImages/2008_000132.jpg 431,106,474,253,19 39,111,81,262,19 1,255,500,375,6
/media/xinje/New Volume/VOC07&12/VOC2012/JPEGImages/2008_000238.jpg 1,84,479,375,6
/media/xinje/New Volume/VOC07&12/VOC2012/JPEGImages/2008_000252.jpg 184,58,339,375,19 443,109,471,181,19 165,121,204,197,19 1,130,47,170,7 194,14,500,195,6
/media/xinje/New Volume/VOC07&12/VOC2012/JPEGImages/2008_001022.jpg 29,17,436,336,6 1,173,33,259,6 449,211,475,288,19
/media/xinje/New Volume/VOC07&12/VOC2012/JPEGImages/2008_001842.jpg 21,42,161,316,19 127,1,500,328,6
/media/xinje/New Volume/VOC07&12/VOC2012/JPEGImages/2008_002229.jpg 253,171,292,201,6 1,188,197,375,7 417,181,500,375,7
/media/xinje/New Volume/VOC07&12/VOC2012/JPEGImages/2008_003060.jpg 1,132,31,202,6 31,148,132,174,6 23,164,142,285,7 421,183,487,267,7 444,176,481,261,19 134,36,424,356,6
/media/xinje/New Volume/VOC07&12/VOC2012/JPEGImages/2008_003266.jpg 31,51,465,303,6 475,207,495,260,19 490,209,500,262,19
/media/xinje/New Volume/VOC07&12/VOC2012/JPEGImages/2008_003302.jpg 21,25,350,477,6
/media/xinje/New Volume/VOC07&12/VOC2012/JPEGImages/2008_003321.jpg 150,151,406,238,6 460,194,500,226,7 405,186,474,221,7 11,206,94,264,7
/media/xinje/New Volume/VOC07&12/VOC2012/JPEGImages/2008_003373.jpg 55,132,449,265,6 1,153,62,241,6
/media/xinje/New Volume/VOC07&12/VOC2012/JPEGImages/2008_003381.jpg 32,160,430,270,6
/media/xinje/New Volume/VOC07&12/VOC2012/JPEGImages/2008_003489.jpg 295,435,332,475,6 261,452,324,500,7 127,406,256,493,6
/media/xinje/New Volume/VOC07&12/VOC2012/JPEGImages/2008_003691.jpg 121,94,468,304,6 70,185,87,218,7 471,174,500,206,7
/media/xinje/New Volume/VOC07&12/VOC2012/JPEGImages/2008_003811.jpg 311,36,500,134,6 225,125,397,196,7 1,83,43,116,7 113,79,188,121,7 108,60,167,89,7 171,61,213,93,7 142,22,175,38,7 179,26,218,45,7 244,31,276,48,7 283,45,316,82,7 208,21,236,39,7 157,10,187,23,7 250,13,273,25,7 172,18,207,34,7
/media/xinje/New Volume/VOC07&12/VOC2012/JPEGImages/2008_004055.jpg 465,134,487,188,19 444,78,500,163,6 275,37,453,202,6 145,60,287,199,6 36,52,162,192,6
/media/xinje/New Volume/VOC07&12/VOC2012/JPEGImages/2008_004679.jpg 68,1,471,345,6 56,210,80,276,19
/media/xinje/New Volume/VOC07&12/VOC2012/JPEGImages/2008_004725.jpg 26,165,382,494,6
/media/xinje/New Volume/VOC07&12/VOC2012/JPEGImages/2008_004844.jpg 126,178,449,303,6 23,224,51,312,19 1,233,24,313,19
/media/xinje/New Volume/VOC07&12/VOC2012/JPEGImages/2008_004976.jpg 73,39,341,301,6 7,91,82,216,6 15,162,55,223,7 38,162,74,225,7 435,163,473,183,7 410,162,441,178,7 383,161,413,173,7 372,160,391,172,7 362,154,376,175,19 453,157,465,184,19 241,87,277,164,19 176,81,233,165,19 162,88,187,162,19
/media/xinje/New Volume/VOC07&12/VOC2012/JPEGImages/2008_005074.jpg 25,138,120,220,6 109,151,141,211,6 134,163,157,209,6 201,149,359,237,7
/media/xinje/New Volume/VOC07&12/VOC2012/JPEGImages/2008_005196.jpg 1,87,496,231,6
/media/xinje/New Volume/VOC07&12/VOC2012/JPEGImages/2008_005266.jpg 109,327,497,375,6
/media/xinje/New Volume/VOC07&12/VOC2012/JPEGImages/2008_005350.jpg 112,288,185,347,6 104,325,230,410,6 158,382,217,417,7 240,338,279,359,7 266,321,300,343,7 323,276,347,294,7 344,270,367,287,7 363,265,375,281,7 154,444,168,476,19 159,439,172,468,19 224,484,240,500,19 236,473,253,500,19 262,484,279,500,19 249,490,264,500,19
/media/xinje/New Volume/VOC07&12/VOC2012/JPEGImages/2008_005761.jpg 386,53,442,86,6 232,22,388,103,6 23,1,250,218,6 56,42,242,258,7 178,15,332,324,19 292,97,421,381,19 344,81,500,332,7 1,101,12,173,19
/media/xinje/New Volume/VOC07&12/VOC2012/JPEGImages/2008_005878.jpg 62,1,375,500,6 18,379,53,418,7 39,392,54,423,19 12,389,29,424,19
/media/xinje/New Volume/VOC07&12/VOC2012/JPEGImages/2008_005891.jpg 246,180,418,260,7 16,118,312,249,6 324,123,478,193,6 444,116,500,178,6
/media/xinje/New Volume/VOC07&12/VOC2012/JPEGImages/2008_006483.jpg 125,142,362,255,6 298,210,398,296,7 375,197,454,247,7 457,183,473,225,19 485,181,500,231,19 368,192,380,213,19 381,190,390,202,19 389,189,400,201,19 400,188,413,200,19
/media/xinje/New Volume/VOC07&12/VOC2012/JPEGImages/2008_006748.jpg 144,106,457,226,6
/media/xinje/New Volume/VOC07&12/VOC2012/JPEGImages/2008_007101.jpg 107,1,457,243,4 237,136,283,195,19 203,139,246,191,19 453,17,491,29,6 387,26,403,32,7
/media/xinje/New Volume/VOC07&12/VOC2012/JPEGImages/2008_007254.jpg 86,207,281,500,19 4,43,375,471,6
/media/xinje/New Volume/VOC07&12/VOC2012/JPEGImages/2008_007356.jpg 27,44,334,280,6 1,180,28,218,19 1,194,24,219,12
/media/xinje/New Volume/VOC07&12/VOC2012/JPEGImages/2008_007375.jpg 135,25,365,281,6 83,191,131,225,7 359,177,382,266,19 381,178,406,269,19 402,178,421,250,19 426,179,454,256,19 446,168,475,269,19 388,178,411,259,19 122,185,137,218,19
/media/xinje/New Volume/VOC07&12/VOC2012/JPEGImages/2008_007515.jpg 26,1,338,500,6
/media/xinje/New Volume/VOC07&12/VOC2012/JPEGImages/2008_007641.jpg 1,40,375,426,6
/media/xinje/New Volume/VOC07&12/VOC2012/JPEGImages/2008_007969.jpg 1,1,500,375,6
/media/xinje/New Volume/VOC07&12/VOC2012/JPEGImages/2008_007997.jpg 104,104,276,214,6 1,184,64,224,7 475,28,500,56,7 473,1,496,14,7
/media/xinje/New Volume/VOC07&12/VOC2012/JPEGImages/2008_008043.jpg 329,11,500,201,1 249,162,284,179,7 358,149,381,171,7 249,154,285,165,7 114,148,131,160,7 138,141,175,162,6
/media/xinje/New Volume/VOC07&12/VOC2012/JPEGImages/2008_008080.jpg 56,235,486,440,2 1,70,424,191,6 458,126,500,261,13
/media/xinje/New Volume/VOC07&12/VOC2012/JPEGImages/2008_008097.jpg 424,105,500,194,7 163,180,374,288,2 364,96,438,136,12 383,80,416,125,19 244,115,325,272,19 1,49,103,178,6 77,55,193,104,6 324,18,500,109,6 119,81,206,111,7 224,75,257,93,7 195,69,236,92,7 249,75,280,90,7 266,78,281,92,7 292,70,313,91,7 307,73,327,90,7
/media/xinje/New Volume/VOC07&12/VOC2012/JPEGImages/2008_008281.jpg 111,44,360,297,6 1,119,128,274,6 468,187,487,202,7
/media/xinje/New Volume/VOC07&12/VOC2012/JPEGImages/2008_008343.jpg 401,282,493,330,7 236,207,432,333,6 34,281,53,336,19 53,282,74,336,19 134,288,149,332,19 194,287,209,327,19 208,287,223,329,19
/media/xinje/New Volume/VOC07&12/VOC2012/JPEGImages/2008_008549.jpg 35,159,369,300,6 14,222,36,254,7 364,185,423,254,6 420,212,495,246,6 312,271,348,347,19 472,270,499,333,19 91,296,123,375,19 393,223,405,253,19 76,170,103,201,19 172,188,183,203,19 197,186,207,204,19 206,186,221,204,19 303,187,319,204,19 335,193,347,204,19 224,190,235,203,19 248,187,261,204,19 285,188,299,205,19 365,220,374,250,19
/media/xinje/New Volume/VOC07&12/VOC2012/JPEGImages/2008_008674.jpg 272,140,473,323,6 131,97,184,125,7 214,91,264,115,7
/media/xinje/New Volume/VOC07&12/VOC2012/JPEGImages/2008_008701.jpg 250,161,336,255,6 207,235,239,307,19 337,218,448,288,7 222,204,235,214,7
/media/xinje/New Volume/VOC07&12/VOC2012/JPEGImages/2008_008706.jpg 156,360,238,460,6 169,416,219,450,2
/media/xinje/New Volume/VOC07&12/VOC2012/JPEGImages/2008_008719.jpg 26,91,500,375,6 197,172,251,218,19 156,178,187,218,19
/media/xinje/New Volume/VOC07&12/VOC2012/JPEGImages/2008_008748.jpg 51,17,431,318,6
/media/xinje/New Volume/VOC07&12/VOC2012/JPEGImages/2009_000006.jpg 38,9,286,330,6
/media/xinje/New Volume/VOC07&12/VOC2012/JPEGImages/2009_000027.jpg 449,172,484,189,7 441,180,488,230,7 15,64,451,292,6 1,141,19,316,7
/media/xinje/New Volume/VOC07&12/VOC2012/JPEGImages/2009_000054.jpg 58,164,333,347,6 181,216,206,266,19
/media/xinje/New Volume/VOC07&12/VOC2012/JPEGImages/2009_000104.jpg 57,49,439,219,6
/media/xinje/New Volume/VOC07&12/VOC2012/JPEGImages/2009_000135.jpg 36,145,468,275,6
/media/xinje/New Volume/VOC07&12/VOC2012/JPEGImages/2009_000140.jpg 479,192,489,203,7 464,191,480,205,7 441,192,464,208,7 431,190,440,207,7 88,64,431,317,6 289,152,324,192,19 3,201,97,256,7 1,209,23,265,7 151,134,202,185,19 190,141,223,195,19 448,239,476,320,19 474,206,500,324,19 493,191,500,228,19 429,205,439,237,7
/media/xinje/New Volume/VOC07&12/VOC2012/JPEGImages/2009_000176.jpg 309,109,500,237,6 1,135,72,202,6 43,145,385,256,6
/media/xinje/New Volume/VOC07&12/VOC2012/JPEGImages/2009_000203.jpg 221,105,340,245,6 354,197,407,236,7
/media/xinje/New Volume/VOC07&12/VOC2012/JPEGImages/2009_000239.jpg 13,51,486,330,6 452,138,500,232,6 266,138,304,217,19
/media/xinje/New Volume/VOC07&12/VOC2012/JPEGImages/2009_000290.jpg 201,161,266,201,6 357,174,366,199,19 368,171,376,197,19 130,181,141,190,7
/media/xinje/New Volume/VOC07&12/VOC2012/JPEGImages/2009_000405.jpg 19,1,300,374,6 383,1,446,38,7 367,12,435,197,19 438,53,471,278,19
/media/xinje/New Volume/VOC07&12/VOC2012/JPEGImages/2009_000408.jpg 25,64,459,294,6 299,127,336,172,19 451,155,468,218,19
/media/xinje/New Volume/VOC07&12/VOC2012/JPEGImages/2009_000532.jpg 128,100,373,274,6
/media/xinje/New Volume/VOC07&12/VOC2012/JPEGImages/2009_000557.jpg 21,70,489,325,6 363,137,500,297,6 1,214,23,234,7
/media/xinje/New Volume/VOC07&12/VOC2012/JPEGImages/2009_000617.jpg 1,135,192,375,19 108,151,216,375,19 345,154,500,375,19 81,1,500,372,6
/media/xinje/New Volume/VOC07&12/VOC2012/JPEGImages/2009_000708.jpg 49,167,106,191,7 466,174,482,199,7 422,152,467,219,6 102,88,427,298,6 23,171,47,190,7
/media/xinje/New Volume/VOC07&12/VOC2012/JPEGImages/2009_000945.jpg 13,67,442,294,6
/media/xinje/New Volume/VOC07&12/VOC2012/JPEGImages/2009_000990.jpg 76,66,440,349,6 229,173,306,244,19 344,186,388,216,19 1,229,36,349,19
/media/xinje/New Volume/VOC07&12/VOC2012/JPEGImages/2009_001091.jpg 1,1,254,251,6 1,128,74,375,19 63,146,126,350,19 120,126,185,344,19 171,122,221,283,19 189,143,251,369,19 188,120,280,306,19 217,123,355,344,19 305,117,378,352,19 370,112,440,363,19 420,113,500,375,19
/media/xinje/New Volume/VOC07&12/VOC2012/JPEGImages/2009_001098.jpg 1,1,325,300,6 305,37,472,265,6 1,131,65,225,19
/media/xinje/New Volume/VOC07&12/VOC2012/JPEGImages/2009_001138.jpg 31,98,362,231,6 438,182,471,205,7
/media/xinje/New Volume/VOC07&12/VOC2012/JPEGImages/2009_001159.jpg 46,28,475,316,6
/media/xinje/New Volume/VOC07&12/VOC2012/JPEGImages/2009_001197.jpg 130,101,467,353,6 107,180,169,253,6 7,229,110,270,7 117,250,133,302,7
/media/xinje/New Volume/VOC07&12/VOC2012/JPEGImages/2009_001237.jpg 419,245,500,320,7 89,64,403,305,6 120,191,152,219,19
/media/xinje/New Volume/VOC07&12/VOC2012/JPEGImages/2009_001354.jpg 168,124,500,316,6 28,184,45,225,19
/media/xinje/New Volume/VOC07&12/VOC2012/JPEGImages/2009_001412.jpg 1,143,82,182,6 1,174,29,199,7 92,96,429,231,16 118,208,135,223,13 153,211,173,226,13 197,215,217,232,13 247,220,270,237,13 298,223,323,242,13 409,226,431,244,13 378,187,404,242,19 361,170,374,187,19
/media/xinje/New Volume/VOC07&12/VOC2012/JPEGImages/2009_001472.jpg 30,48,460,331,6 448,208,496,240,7 1,162,37,221,6
/media/xinje/New Volume/VOC07&12/VOC2012/JPEGImages/2009_001590.jpg 43,107,428,274,6 446,182,476,250,19 428,186,460,249,19 363,168,378,201,19 311,174,353,208,19 425,185,439,203,19 34,200,40,220,19 150,164,169,200,19 234,177,260,207,19
/media/xinje/New Volume/VOC07&12/VOC2012/JPEGImages/2009_001614.jpg 106,85,345,275,6 413,194,433,249,19
/media/xinje/New Volume/VOC07&12/VOC2012/JPEGImages/2009_001674.jpg 60,87,432,292,6
/media/xinje/New Volume/VOC07&12/VOC2012/JPEGImages/2009_001734.jpg 100,154,419,269,6 52,196,79,271,19
/media/xinje/New Volume/VOC07&12/VOC2012/JPEGImages/2009_001847.jpg 49,95,445,288,6 461,172,487,249,19
/media/xinje/New Volume/VOC07&12/VOC2012/JPEGImages/2009_001897.jpg 51,7,359,302,6 356,104,500,279,6 426,213,463,300,19
/media/xinje/New Volume/VOC07&12/VOC2012/JPEGImages/2009_001910.jpg 82,27,444,318,6
/media/xinje/New Volume/VOC07&12/VOC2012/JPEGImages/2009_001997.jpg 356,193,368,201,7 297,168,311,183,6 173,203,177,217,19 213,201,223,221,19 12,212,26,247,19 14,227,26,247,2
/media/xinje/New Volume/VOC07&12/VOC2012/JPEGImages/2009_002052.jpg 63,115,422,221,6
/media/xinje/New Volume/VOC07&12/VOC2012/JPEGImages/2009_002057.jpg 78,240,114,321,19 124,238,134,255,19 420,258,500,364,7 167,164,368,291,6
/media/xinje/New Volume/VOC07&12/VOC2012/JPEGImages/2009_002066.jpg 27,104,420,310,6 90,177,112,199,19 116,176,137,202,19 140,177,157,199,19 163,170,182,197,19 194,174,215,195,19 248,152,286,216,19
/media/xinje/New Volume/VOC07&12/VOC2012/JPEGImages/2009_002105.jpg 247,145,428,273,6 28,222,119,258,7 161,225,177,242,12
/media/xinje/New Volume/VOC07&12/VOC2012/JPEGImages/2009_002126.jpg 97,32,335,277,6 1,189,96,278,7 365,192,387,253,19 405,198,415,248,19
/media/xinje/New Volume/VOC07&12/VOC2012/JPEGImages/2009_002152.jpg 29,97,467,313,6 8,216,23,264,19
/media/xinje/New Volume/VOC07&12/VOC2012/JPEGImages/2009_002203.jpg 113,134,320,264,6 102,181,112,229,6 26,172,100,237,6 372,213,395,243,2 372,196,397,234,19 476,204,497,221,7 416,209,437,225,12
/media/xinje/New Volume/VOC07&12/VOC2012/JPEGImages/2009_002271.jpg 93,174,300,310,2 303,1,500,204,6 1,120,264,242,7 184,125,263,156,7
/media/xinje/New Volume/VOC07&12/VOC2012/JPEGImages/2009_002348.jpg 479,48,500,231,6 113,95,453,191,6
/media/xinje/New Volume/VOC07&12/VOC2012/JPEGImages/2009_002505.jpg 481,127,500,178,6 444,158,471,178,7 83,41,438,279,6 102,126,182,177,6
/media/xinje/New Volume/VOC07&12/VOC2012/JPEGImages/2009_002621.jpg 10,44,393,281,6 1,177,53,272,7 418,169,445,247,19 474,163,500,237,19 458,179,477,237,19 435,155,462,240,19
/media/xinje/New Volume/VOC07&12/VOC2012/JPEGImages/2009_002626.jpg 1,171,73,275,6
/media/xinje/New Volume/VOC07&12/VOC2012/JPEGImages/2009_002843.jpg 69,16,466,349,6
/media/xinje/New Volume/VOC07&12/VOC2012/JPEGImages/2009_002853.jpg 92,158,354,307,6 414,238,463,273,2
/media/xinje/New Volume/VOC07&12/VOC2012/JPEGImages/2009_002933.jpg 357,79,500,321,6 61,45,421,375,6 1,221,67,291,7 31,197,58,221,6
/media/xinje/New Volume/VOC07&12/VOC2012/JPEGImages/2009_003053.jpg 22,29,441,268,6 322,23,460,174,6
/media/xinje/New Volume/VOC07&12/VOC2012/JPEGImages/2009_003067.jpg 115,151,308,289,6
/media/xinje/New Volume/VOC07&12/VOC2012/JPEGImages/2009_003200.jpg 80,163,336,293,6
/media/xinje/New Volume/VOC07&12/VOC2012/JPEGImages/2009_003383.jpg 25,22,465,315,6 441,167,465,263,19
/media/xinje/New Volume/VOC07&12/VOC2012/JPEGImages/2009_003385.jpg 1,11,490,500,6 432,210,475,268,19 486,221,500,293,19 460,223,500,297,19 316,136,350,224,6
/media/xinje/New Volume/VOC07&12/VOC2012/JPEGImages/2009_003447.jpg 71,69,428,308,6 437,185,469,218,7 425,184,441,219,7 1,175,59,231,7 56,189,71,218,7 329,161,370,201,19
/media/xinje/New Volume/VOC07&12/VOC2012/JPEGImages/2009_003458.jpg 72,38,398,328,6 397,112,431,171,6 1,76,150,241,6
/media/xinje/New Volume/VOC07&12/VOC2012/JPEGImages/2009_003461.jpg 19,62,447,304,6
/media/xinje/New Volume/VOC07&12/VOC2012/JPEGImages/2009_003555.jpg 82,38,301,279,6
/media/xinje/New Volume/VOC07&12/VOC2012/JPEGImages/2009_003614.jpg 54,115,411,298,6 423,204,447,289,19
/media/xinje/New Volume/VOC07&12/VOC2012/JPEGImages/2009_003636.jpg 73,36,425,342,6 301,99,365,142,19 67,168,82,200,7 1,158,12,208,19
/media/xinje/New Volume/VOC07&12/VOC2012/JPEGImages/2009_003757.jpg 25,116,97,222,6 95,112,176,226,6 117,108,235,240,6 285,27,465,277,6 270,90,284,239,6 259,165,269,226,6 176,118,242,228,6
/media/xinje/New Volume/VOC07&12/VOC2012/JPEGImages/2009_004018.jpg 153,155,291,237,6 296,189,317,236,19 26,198,91,244,7 309,184,318,220,19 342,226,500,375,7 86,193,130,227,7 14,194,45,214,7 53,179,97,216,7
/media/xinje/New Volume/VOC07&12/VOC2012/JPEGImages/2009_004037.jpg 345,196,354,206,7 319,196,331,209,7 333,197,352,213,7 58,122,324,285,6
/media/xinje/New Volume/VOC07&12/VOC2012/JPEGImages/2009_004055.jpg 4,2,500,325,6 396,107,495,336,19 80,113,156,184,19
/media/xinje/New Volume/VOC07&12/VOC2012/JPEGImages/2009_004187.jpg 79,41,446,276,6 438,84,486,195,6 41,130,87,155,7 1,133,41,157,7 35,150,51,209,19 6,143,23,200,19 20,153,36,210,19 95,129,137,150,7
/media/xinje/New Volume/VOC07&12/VOC2012/JPEGImages/2009_004231.jpg 1,1,427,375,6 425,141,500,264,6
/media/xinje/New Volume/VOC07&12/VOC2012/JPEGImages/2009_004276.jpg 1,194,53,375,19 29,219,64,360,19 166,224,227,344,19 314,215,359,350,19 267,203,323,344,19 447,193,490,262,19 1,1,447,310,6
/media/xinje/New Volume/VOC07&12/VOC2012/JPEGImages/2009_004290.jpg 136,38,356,277,6 1,147,60,266,19 7,140,61,281,19 475,190,500,222,7
/media/xinje/New Volume/VOC07&12/VOC2012/JPEGImages/2009_004295.jpg 7,88,490,332,6
/media/xinje/New Volume/VOC07&12/VOC2012/JPEGImages/2009_004328.jpg 1,224,92,296,6 90,138,402,331,6
/media/xinje/New Volume/VOC07&12/VOC2012/JPEGImages/2009_004369.jpg 64,132,466,297,6 1,200,8,252,19
/media/xinje/New Volume/VOC07&12/VOC2012/JPEGImages/2009_004374.jpg 1,63,453,200,6
/media/xinje/New Volume/VOC07&12/VOC2012/JPEGImages/2009_004383.jpg 40,122,482,284,6 476,174,500,217,6 1,150,116,273,6
/media/xinje/New Volume/VOC07&12/VOC2012/JPEGImages/2009_004417.jpg 222,187,411,304,6
/media/xinje/New Volume/VOC07&12/VOC2012/JPEGImages/2009_004667.jpg 236,131,445,251,6 214,110,251,140,7 420,140,431,169,19 435,138,442,166,19
/media/xinje/New Volume/VOC07&12/VOC2012/JPEGImages/2009_004681.jpg 96,54,395,302,6 264,190,292,232,19 3,162,96,248,6
/media/xinje/New Volume/VOC07&12/VOC2012/JPEGImages/2009_004829.jpg 86,37,392,341,6
/media/xinje/New Volume/VOC07&12/VOC2012/JPEGImages/2009_004836.jpg 9,52,492,274,6 172,117,193,171,19
/media/xinje/New Volume/VOC07&12/VOC2012/JPEGImages/2009_004871.jpg 29,87,449,311,6
/media/xinje/New Volume/VOC07&12/VOC2012/JPEGImages/2009_004962.jpg 57,79,468,294,6 29,168,58,201,7 82,156,96,174,19 150,156,162,173,19 195,155,207,171,19 309,126,343,173,19
/media/xinje/New Volume/VOC07&12/VOC2012/JPEGImages/2009_005168.jpg 483,160,500,186,7 359,154,404,181,7 332,155,347,188,19 111,103,313,195,6 34,139,54,197,19
/media/xinje/New Volume/VOC07&12/VOC2012/JPEGImages/2009_005201.jpg 18,68,486,295,6
/media/xinje/New Volume/VOC07&12/VOC2012/JPEGImages/2009_005293.jpg 452,229,486,248,7 390,229,442,260,7 382,201,429,253,6 241,184,384,277,6 130,239,250,299,7 27,177,247,278,6 464,225,493,244,7
/media/xinje/New Volume/VOC07&12/VOC2012/JPEGImages/2010_000148.jpg 80,87,355,219,6 422,133,500,176,7 55,115,153,375,19 222,172,242,228,19 5,119,77,308,19
/media/xinje/New Volume/VOC07&12/VOC2012/JPEGImages/2010_000165.jpg 28,179,256,283,6
/media/xinje/New Volume/VOC07&12/VOC2012/JPEGImages/2010_000187.jpg 80,17,425,348,6 274,51,499,308,6 17,121,88,260,6
/media/xinje/New Volume/VOC07&12/VOC2012/JPEGImages/2010_000480.jpg 128,79,414,293,6 426,166,500,254,6 1,228,96,274,7 104,228,140,263,7
/media/xinje/New Volume/VOC07&12/VOC2012/JPEGImages/2010_000770.jpg 120,261,348,370,6
/media/xinje/New Volume/VOC07&12/VOC2012/JPEGImages/2010_000855.jpg 150,14,378,319,6 1,131,155,303,6 443,108,500,325,6 1,103,148,160,6 424,198,444,241,19
/media/xinje/New Volume/VOC07&12/VOC2012/JPEGImages/2010_001087.jpg 36,13,404,316,6 339,82,500,253,6
/media/xinje/New Volume/VOC07&12/VOC2012/JPEGImages/2010_001288.jpg 1,1,361,229,6 130,119,176,239,19
/media/xinje/New Volume/VOC07&12/VOC2012/JPEGImages/2010_001410.jpg 18,73,486,302,6
/media/xinje/New Volume/VOC07&12/VOC2012/JPEGImages/2010_001458.jpg 63,67,453,318,6 1,162,73,248,6 455,223,470,288,19 469,231,489,282,19
/media/xinje/New Volume/VOC07&12/VOC2012/JPEGImages/2010_001630.jpg 89,43,299,295,6 371,126,431,211,6
/media/xinje/New Volume/VOC07&12/VOC2012/JPEGImages/2010_001650.jpg 54,26,394,370,6 1,236,29,257,7 193,210,246,264,19 196,97,209,116,19 341,103,354,120,19 264,86,321,117,19
/media/xinje/New Volume/VOC07&12/VOC2012/JPEGImages/2010_001732.jpg 172,79,354,261,6 14,80,127,209,6 270,88,289,102,7 271,73,289,88,7 279,63,297,86,6 296,78,309,87,7 295,67,312,81,6
/media/xinje/New Volume/VOC07&12/VOC2012/JPEGImages/2010_001808.jpg 24,68,488,283,6 1,162,40,226,7 335,126,374,174,19 264,153,285,173,19
/media/xinje/New Volume/VOC07&12/VOC2012/JPEGImages/2010_001982.jpg 35,266,333,384,6
/media/xinje/New Volume/VOC07&12/VOC2012/JPEGImages/2010_002203.jpg 53,118,375,363,6
/media/xinje/New Volume/VOC07&12/VOC2012/JPEGImages/2010_002218.jpg 1,82,357,500,6
/media/xinje/New Volume/VOC07&12/VOC2012/JPEGImages/2010_002263.jpg 78,127,500,339,6 1,213,82,375,19
/media/xinje/New Volume/VOC07&12/VOC2012/JPEGImages/2010_002356.jpg 147,18,454,266,6 43,68,198,244,6 294,177,340,277,19 260,156,294,256,19 479,190,500,215,7
/media/xinje/New Volume/VOC07&12/VOC2012/JPEGImages/2010_002413.jpg 380,127,500,224,6 273,137,339,179,6 106,96,320,250,6 4,118,39,174,6 60,140,107,167,6 49,132,107,163,6
/media/xinje/New Volume/VOC07&12/VOC2012/JPEGImages/2010_002438.jpg 61,70,357,266,6 464,180,490,196,2 464,172,477,199,19
/media/xinje/New Volume/VOC07&12/VOC2012/JPEGImages/2010_002978.jpg 79,54,398,311,6 416,215,445,299,19 392,217,408,304,19
/media/xinje/New Volume/VOC07&12/VOC2012/JPEGImages/2010_003057.jpg 183,102,447,363,6 1,249,34,305,7 14,237,113,296,7 77,232,149,283,7 141,225,181,276,7 1,189,110,264,6 106,201,172,246,6
/media/xinje/New Volume/VOC07&12/VOC2012/JPEGImages/2010_003173.jpg 80,61,475,336,6
/media/xinje/New Volume/VOC07&12/VOC2012/JPEGImages/2010_003179.jpg 49,33,415,327,6 410,72,500,286,6
/media/xinje/New Volume/VOC07&12/VOC2012/JPEGImages/2010_003534.jpg 58,76,450,258,6
/media/xinje/New Volume/VOC07&12/VOC2012/JPEGImages/2010_003635.jpg 38,32,440,273,12 1,27,162,151,7 150,1,478,123,6
/media/xinje/New Volume/VOC07&12/VOC2012/JPEGImages/2010_003877.jpg 204,178,303,282,6 134,188,166,270,7 314,176,335,237,19 326,173,344,236,19 121,190,148,289,19 121,189,132,204,19 145,180,165,217,19 220,196,248,221,19
/media/xinje/New Volume/VOC07&12/VOC2012/JPEGImages/2010_003893.jpg 1,139,448,314,6 1,247,126,348,7
/media/xinje/New Volume/VOC07&12/VOC2012/JPEGImages/2010_004180.jpg 185,260,440,418,6 245,297,280,328,19
/media/xinje/New Volume/VOC07&12/VOC2012/JPEGImages/2010_004367.jpg 79,152,426,277,6
/media/xinje/New Volume/VOC07&12/VOC2012/JPEGImages/2010_004558.jpg 111,205,312,344,6 71,276,94,293,7
/media/xinje/New Volume/VOC07&12/VOC2012/JPEGImages/2010_004594.jpg 143,116,328,311,6 312,47,375,383,6 201,268,284,363,7 1,210,152,500,19 128,262,280,500,19 260,265,313,400,19 105,250,173,362,19 1,230,32,302,19 132,242,140,256,19
/media/xinje/New Volume/VOC07&12/VOC2012/JPEGImages/2010_004616.jpg 1,84,460,375,6
/media/xinje/New Volume/VOC07&12/VOC2012/JPEGImages/2010_004625.jpg 64,24,474,292,6 253,114,327,166,19 48,157,57,183,19 1,151,10,190,7
/media/xinje/New Volume/VOC07&12/VOC2012/JPEGImages/2010_004696.jpg 83,178,246,226,6
/media/xinje/New Volume/VOC07&12/VOC2012/JPEGImages/2010_004806.jpg 21,38,463,186,6 458,137,481,148,7 471,129,481,159,19
/media/xinje/New Volume/VOC07&12/VOC2012/JPEGImages/2010_004844.jpg 172,305,204,371,19 286,249,500,365,6 90,325,178,372,12 181,317,283,358,7 24,306,41,340,19 121,309,151,368,19 139,306,174,363,19 173,309,205,370,19 182,332,215,365,12 194,308,206,331,19 367,217,375,227,13 449,149,465,160,19
/media/xinje/New Volume/VOC07&12/VOC2012/JPEGImages/2010_004971.jpg 102,25,477,318,6 3,155,103,252,6
/media/xinje/New Volume/VOC07&12/VOC2012/JPEGImages/2010_004997.jpg 51,87,415,266,6
/media/xinje/New Volume/VOC07&12/VOC2012/JPEGImages/2010_005041.jpg 146,100,355,252,6 425,201,499,258,7 348,204,422,250,7 1,36,64,299,6 52,158,83,245,6 75,195,111,261,19 93,200,110,263,19 112,208,126,233,19
/media/xinje/New Volume/VOC07&12/VOC2012/JPEGImages/2010_005080.jpg 243,143,369,280,6 43,125,232,277,6 380,173,448,248,6
/media/xinje/New Volume/VOC07&12/VOC2012/JPEGImages/2010_005277.jpg 32,67,439,253,6 304,113,333,156,19
/media/xinje/New Volume/VOC07&12/VOC2012/JPEGImages/2010_005389.jpg 153,176,268,220,6 44,194,58,253,19 29,204,50,254,19 48,201,73,257,19
/media/xinje/New Volume/VOC07&12/VOC2012/JPEGImages/2010_005415.jpg 31,121,493,197,6
/media/xinje/New Volume/VOC07&12/VOC2012/JPEGImages/2010_005457.jpg 52,1,452,370,6 469,162,500,229,7
/media/xinje/New Volume/VOC07&12/VOC2012/JPEGImages/2010_005596.jpg 306,117,446,225,6 462,178,486,242,19 366,177,387,250,19
/media/xinje/New Volume/VOC07&12/VOC2012/JPEGImages/2010_005959.jpg 56,1,500,374,6 1,234,155,375,7
/media/xinje/New Volume/VOC07&12/VOC2012/JPEGImages/2011_000025.jpg 85,21,437,375,6 1,102,125,284,6 410,168,500,262,7 408,185,469,203,7
/media/xinje/New Volume/VOC07&12/VOC2012/JPEGImages/2011_000048.jpg 77,55,471,336,6 6,224,52,253,7
/media/xinje/New Volume/VOC07&12/VOC2012/JPEGImages/2011_000095.jpg 41,38,486,325,6 1,225,201,332,7 470,195,500,304,19 405,82,448,124,19 440,196,459,238,19 302,85,328,120,19 374,195,405,234,19 305,190,342,239,19 213,93,247,129,19 108,201,144,234,19
/media/xinje/New Volume/VOC07&12/VOC2012/JPEGImages/2011_000138.jpg 208,80,474,259,6 433,1,497,346,6
/media/xinje/New Volume/VOC07&12/VOC2012/JPEGImages/2011_000181.jpg 119,24,391,296,6 1,139,124,234,6
/media/xinje/New Volume/VOC07&12/VOC2012/JPEGImages/2011_000208.jpg 228,84,499,298,6 20,124,473,317,6 1,14,55,331,6 11,202,68,370,19
/media/xinje/New Volume/VOC07&12/VOC2012/JPEGImages/2011_000258.jpg 103,35,425,281,6 1,191,118,268,7 425,195,474,285,19 380,169,402,210,19 316,170,336,199,19 336,168,351,202,19 285,167,315,209,19
/media/xinje/New Volume/VOC07&12/VOC2012/JPEGImages/2011_000267.jpg 1,27,496,332,6
/media/xinje/New Volume/VOC07&12/VOC2012/JPEGImages/2011_000551.jpg 74,176,202,212,6 197,147,426,234,6
/media/xinje/New Volume/VOC07&12/VOC2012/JPEGImages/2011_000703.jpg 122,23,342,321,6 1,4,103,331,6 311,38,500,303,6 96,203,110,241,19 109,199,121,242,19
/media/xinje/New Volume/VOC07&12/VOC2012/JPEGImages/2011_000804.jpg 2,59,339,500,6
/media/xinje/New Volume/VOC07&12/VOC2012/JPEGImages/2011_001015.jpg 68,174,497,328,6 2,253,31,297,19
/media/xinje/New Volume/VOC07&12/VOC2012/JPEGImages/2011_001227.jpg 93,71,411,344,6 58,173,140,282,6 1,192,42,294,7 134,165,194,209,19
/media/xinje/New Volume/VOC07&12/VOC2012/JPEGImages/2011_001255.jpg 102,79,406,226,6 409,147,437,201,19 65,150,107,181,7 275,127,312,164,19
/media/xinje/New Volume/VOC07&12/VOC2012/JPEGImages/2011_001270.jpg 65,86,491,299,6 1,228,46,248,7
/media/xinje/New Volume/VOC07&12/VOC2012/JPEGImages/2011_001411.jpg 2,87,500,292,6
/media/xinje/New Volume/VOC07&12/VOC2012/JPEGImages/2011_001479.jpg 14,1,497,363,6
/media/xinje/New Volume/VOC07&12/VOC2012/JPEGImages/2011_001519.jpg 108,53,468,325,6 478,211,500,282,19
/media/xinje/New Volume/VOC07&12/VOC2012/JPEGImages/2011_001536.jpg 54,50,482,279,6 388,112,444,167,19
/media/xinje/New Volume/VOC07&12/VOC2012/JPEGImages/2011_001826.jpg 329,85,496,208,6 158,168,377,264,7 275,143,322,259,19 325,150,352,262,19 167,140,185,188,19 218,143,232,178,19 190,142,207,186,19 53,147,65,186,19
/media/xinje/New Volume/VOC07&12/VOC2012/JPEGImages/2011_001949.jpg 154,60,377,316,6 70,215,92,263,19 1,161,144,249,6 1,216,65,249,7 1,237,35,264,2 372,208,409,258,7 402,207,446,243,7 462,214,492,278,19 1,210,20,267,19
/media/xinje/New Volume/VOC07&12/VOC2012/JPEGImages/2011_001964.jpg 64,103,383,308,6 402,200,419,250,19 25,191,50,211,7 52,194,71,213,7 487,189,500,226,19
/media/xinje/New Volume/VOC07&12/VOC2012/JPEGImages/2011_002046.jpg 1,188,42,314,6 7,91,323,392,6 56,249,116,461,19
/media/xinje/New Volume/VOC07&12/VOC2012/JPEGImages/2011_002227.jpg 253,1,490,222,6 259,120,276,214,19 170,160,246,270,19 124,196,211,300,19 104,165,166,266,19 44,165,145,364,19 4,192,51,297,19
/media/xinje/New Volume/VOC07&12/VOC2012/JPEGImages/2011_002457.jpg 1,25,499,291,6
/media/xinje/New Volume/VOC07&12/VOC2012/JPEGImages/2011_002460.jpg 130,98,311,239,6
/media/xinje/New Volume/VOC07&12/VOC2012/JPEGImages/2011_002780.jpg 1,3,500,371,6 316,175,369,224,19 151,177,186,216,19 263,186,282,226,19 233,182,264,219,19
/media/xinje/New Volume/VOC07&12/VOC2012/JPEGImages/2011_002826.jpg 355,109,404,178,6 435,117,499,162,6 399,145,438,163,6 112,85,362,291,6
/media/xinje/New Volume/VOC07&12/VOC2012/JPEGImages/2011_002932.jpg 168,4,447,275,16 17,117,122,220,6 19,102,35,124,19 43,102,62,121,19
/media/xinje/New Volume/VOC07&12/VOC2012/JPEGImages/2011_002956.jpg 69,82,399,343,6 1,221,32,276,6 366,232,500,365,7 1,263,22,311,7 50,264,82,275,7 282,226,309,259,19 284,229,317,292,19 404,252,500,281,7
/media/xinje/New Volume/VOC07&12/VOC2012/JPEGImages/2011_003065.jpg 207,188,241,216,6 88,206,117,224,7 249,204,263,217,7 279,196,287,211,7 271,209,376,244,7 299,205,315,220,7
/media/xinje/New Volume/VOC07&12/VOC2012/JPEGImages/2011_003109.jpg 135,90,405,302,6 168,179,223,216,19 366,182,405,306,19 483,202,496,247,19 75,199,136,239,7 1,210,18,243,7
/media/xinje/New Volume/VOC07&12/VOC2012/JPEGImages/2011_003247.jpg 447,192,460,210,2 32,132,323,222,6 476,184,495,201,7 449,185,460,206,19
