/media/xinje/New Volume/VOC07&12/VOC2012/JPEGImages/2008_000028.jpg 158,199,231,240,7 47,202,94,238,7
/media/xinje/New Volume/VOC07&12/VOC2012/JPEGImages/2008_000074.jpg 46,178,387,335,7
/media/xinje/New Volume/VOC07&12/VOC2012/JPEGImages/2008_000085.jpg 1,1,395,375,7
/media/xinje/New Volume/VOC07&12/VOC2012/JPEGImages/2008_000105.jpg 215,182,377,240,7
/media/xinje/New Volume/VOC07&12/VOC2012/JPEGImages/2008_000109.jpg 293,70,420,197,12 41,95,444,375,7 228,90,338,365,19
/media/xinje/New Volume/VOC07&12/VOC2012/JPEGImages/2008_000143.jpg 370,105,417,122,7 392,111,500,177,7 1,252,500,332,7 129,80,236,249,12 102,25,212,214,19
/media/xinje/New Volume/VOC07&12/VOC2012/JPEGImages/2008_000176.jpg 5,110,500,346,7 200,127,302,349,19
/media/xinje/New Volume/VOC07&12/VOC2012/JPEGImages/2008_000185.jpg 256,65,302,105,19 159,43,465,272,7
/media/xinje/New Volume/VOC07&12/VOC2012/JPEGImages/2008_000187.jpg 160,119,443,203,7
/media/xinje/New Volume/VOC07&12/VOC2012/JPEGImages/2008_000189.jpg 254,82,306,117,19 53,55,389,295,7
/media/xinje/New Volume/VOC07&12/VOC2012/JPEGImages/2008_000193.jpg 103,127,323,204,7 230,130,254,157,19
/media/xinje/New Volume/VOC07&12/VOC2012/JPEGImages/2008_000199.jpg 412,59,500,354,19 229,85,386,188,7
/media/xinje/New Volume/VOC07&12/VOC2012/JPEGImages/2008_000226.jpg 386,167,407,231,19 310,144,335,209,19 284,96,306,152,19 311,87,334,109,19 152,156,303,219,7
/media/xinje/New Volume/VOC07&12/VOC2012/JPEGImages/2008_000237.jpg 75,15,93,37,13 1,137,32,172,12 180,103,319,162,7 252,293,288,375,19 209,333,245,375,19
/media/xinje/New Volume/VOC07&12/VOC2012/JPEGImages/2008_000252.jpg 184,58,339,375,19 443,109,471,181,19 165,121,204,197,19 1,130,47,170,7 194,14,500,195,6
/media/xinje/New Volume/VOC07&12/VOC2012/JPEGImages/2008_000260.jpg 191,101,242,254,19 303,87,500,231,7 1,80,147,222,7 65,107,183,198,7 223,110,259,145,7
/media/xinje/New Volume/VOC07&12/VOC2012/JPEGImages/2008_000315.jpg 208,209,263,235,7 347,200,384,220,7 379,178,439,217,6 132,208,141,234,19 138,216,147,233,19 285,199,306,212,12
/media/xinje/New Volume/VOC07&12/VOC2012/JPEGImages/2008_000346.jpg 123,67,216,309,19 186,130,462,330,7 1,98,133,290,7
/media/xinje/New Volume/VOC07&12/VOC2012/JPEGImages/2008_000356.jpg 141,195,211,241,7
/media/xinje/New Volume/VOC07&12/VOC2012/JPEGImages/2008_000399.jpg 25,87,378,201,7
/media/xinje/New Volume/VOC07&12/VOC2012/JPEGImages/2008_000488.jpg 307,287,486,347,7 44,288,61,304,13 25,284,37,306,13
/media/xinje/New Volume/VOC07&12/VOC2012/JPEGImages/2008_000531.jpg 99,183,203,263,2 106,130,191,257,19 247,156,466,239,7
/media/xinje/New Volume/VOC07&12/VOC2012/JPEGImages/2008_000563.jpg 217,83,328,221,7 60,55,308,482,19 1,240,197,492,12
/media/xinje/New Volume/VOC07&12/VOC2012/JPEGImages/2008_000583.jpg 213,100,272,300,19 248,88,310,289,19 353,118,411,144,7 418,126,454,146,12
/media/xinje/New Volume/VOC07&12/VOC2012/JPEGImages/2008_000595.jpg 43,358,368,489,7
/media/xinje/New Volume/VOC07&12/VOC2012/JPEGImages/2008_000613.jpg 18,69,500,375,7 263,2,297,85,19 201,33,233,63,19 128,32,168,64,19 47,44,82,101,19 20,40,49,94,19 1,59,321,250,7
/media/xinje/New Volume/VOC07&12/VOC2012/JPEGImages/2008_000619.jpg 276,166,351,208,18 82,62,201,105,7 364,77,445,114,7 1,55,56,134,7
/media/xinje/New Volume/VOC07&12/VOC2012/JPEGImages/2008_000719.jpg 121,46,375,333,19 1,162,136,216,7 81,192,137,236,7 132,135,172,154,7 329,142,382,175,7 460,142,500,166,7 429,137,475,155,7 111,121,136,134,7 302,140,337,154,7
/media/xinje/New Volume/VOC07&12/VOC2012/JPEGImages/2008_000833.jpg 56,26,382,233,4 392,182,500,314,7 266,180,292,229,19 334,183,357,236,19 354,170,382,246,19 208,174,231,235,19 233,175,254,233,19 291,180,303,212,19 245,174,259,209,19
/media/xinje/New Volume/VOC07&12/VOC2012/JPEGImages/2008_000944.jpg 37,61,460,277,7 230,69,257,90,19 106,87,236,131,7
/media/xinje/New Volume/VOC07&12/VOC2012/JPEGImages/2008_000953.jpg 168,148,232,329,19 154,83,250,200,19 342,1,363,36,5 122,1,233,41,7 269,1,327,38,7
/media/xinje/New Volume/VOC07&12/VOC2012/JPEGImages/2008_000959.jpg 26,78,496,338,7 124,19,160,111,19
/media/xinje/New Volume/VOC07&12/VOC2012/JPEGImages/2008_000979.jpg 50,125,444,315,7 3,47,81,287,19 181,68,235,145,19 278,85,322,127,19
/media/xinje/New Volume/VOC07&12/VOC2012/JPEGImages/2008_001018.jpg 481,251,494,280,19 423,255,458,272,7
/media/xinje/New Volume/VOC07&12/VOC2012/JPEGImages/2008_001039.jpg 332,146,395,322,19 266,146,292,222,19 174,161,202,241,19 227,143,294,197,7
/media/xinje/New Volume/VOC07&12/VOC2012/JPEGImages/2008_001042.jpg 428,274,500,351,7 285,272,469,342,7 210,269,331,332,7 69,263,213,320,7 1,284,62,372,7 1,353,226,375,7 162,262,189,278,7 299,242,366,271,7
/media/xinje/New Volume/VOC07&12/VOC2012/JPEGImages/2008_001104.jpg 247,67,491,375,19 1,130,196,375,19 137,195,272,259,7 119,230,188,281,7 409,179,448,210,7
/media/xinje/New Volume/VOC07&12/VOC2012/JPEGImages/2008_001169.jpg 3,71,484,300,16 455,229,491,243,7
/media/xinje/New Volume/VOC07&12/VOC2012/JPEGImages/2008_001196.jpg 323,117,500,215,7 176,151,195,222,19 198,155,220,219,19
/media/xinje/New Volume/VOC07&12/VOC2012/JPEGImages/2008_001208.jpg 214,432,375,500,7
/media/xinje/New Volume/VOC07&12/VOC2012/JPEGImages/2008_001274.jpg 1,114,485,274,7
/media/xinje/New Volume/VOC07&12/VOC2012/JPEGImages/2008_001329.jpg 123,194,342,389,7 115,184,160,286,19 35,179,68,267,19 63,190,87,269,19 84,209,107,266,19 108,179,129,263,19
/media/xinje/New Volume/VOC07&12/VOC2012/JPEGImages/2008_001359.jpg 1,89,463,400,9 324,54,479,400,19 182,102,313,162,7
/media/xinje/New Volume/VOC07&12/VOC2012/JPEGImages/2008_001375.jpg 275,249,500,333,2 1,290,198,333,2 235,122,383,252,7 358,50,500,333,19 9,41,257,333,19
/media/xinje/New Volume/VOC07&12/VOC2012/JPEGImages/2008_001440.jpg 205,79,268,116,7 14,67,132,139,7 1,135,109,478,7 1,106,45,136,7 59,97,309,500,19 5,51,307,500,19
/media/xinje/New Volume/VOC07&12/VOC2012/JPEGImages/2008_001446.jpg 69,22,447,338,7 176,14,249,41,7
/media/xinje/New Volume/VOC07&12/VOC2012/JPEGImages/2008_001500.jpg 223,288,267,322,7 197,312,247,349,7 251,268,282,291,7
/media/xinje/New Volume/VOC07&12/VOC2012/JPEGImages/2008_001533.jpg 141,106,207,322,19 218,61,303,318,19 320,72,438,329,19 1,128,155,262,7 288,48,500,329,7
/media/xinje/New Volume/VOC07&12/VOC2012/JPEGImages/2008_001541.jpg 39,7,88,75,13 193,113,213,139,13 247,223,257,242,13 268,213,277,229,13 220,140,234,161,13 209,126,223,151,13 339,212,370,237,7 307,212,320,224,7
/media/xinje/New Volume/VOC07&12/VOC2012/JPEGImages/2008_001631.jpg 39,97,95,137,7 398,98,455,127,7 7,95,49,119,7 159,66,200,104,19 246,37,322,153,19 311,50,362,181,19 360,56,409,166,19 470,62,500,189,19 12,85,310,354,12 101,91,116,129,19 114,88,127,129,19 13,89,24,129,19 7,97,18,132,19 1,108,10,133,19 436,101,475,126,7
/media/xinje/New Volume/VOC07&12/VOC2012/JPEGImages/2008_001632.jpg 11,157,468,292,7
/media/xinje/New Volume/VOC07&12/VOC2012/JPEGImages/2008_001716.jpg 201,128,429,272,7
/media/xinje/New Volume/VOC07&12/VOC2012/JPEGImages/2008_001746.jpg 112,107,182,171,7 384,138,500,249,7 351,104,404,126,7 248,105,278,126,7 84,113,125,145,7 5,117,33,148,7 97,43,266,375,19
/media/xinje/New Volume/VOC07&12/VOC2012/JPEGImages/2008_001860.jpg 271,129,400,292,19 1,86,98,320,19 1,201,151,333,2 430,231,500,274,7 395,235,427,281,7
/media/xinje/New Volume/VOC07&12/VOC2012/JPEGImages/2008_001941.jpg 96,1,500,363,7
/media/xinje/New Volume/VOC07&12/VOC2012/JPEGImages/2008_002062.jpg 1,20,404,331,7 220,1,473,83,7
/media/xinje/New Volume/VOC07&12/VOC2012/JPEGImages/2008_002118.jpg 236,456,375,500,7
/media/xinje/New Volume/VOC07&12/VOC2012/JPEGImages/2008_002197.jpg 1,205,83,320,7 34,208,147,237,7 185,191,274,266,7 259,186,328,267,7 310,173,500,310,7
/media/xinje/New Volume/VOC07&12/VOC2012/JPEGImages/2008_002202.jpg 8,137,288,456,12 258,201,320,242,7
/media/xinje/New Volume/VOC07&12/VOC2012/JPEGImages/2008_002229.jpg 253,171,292,201,6 1,188,197,375,7 417,181,500,375,7
/media/xinje/New Volume/VOC07&12/VOC2012/JPEGImages/2008_002258.jpg 130,95,447,241,7
/media/xinje/New Volume/VOC07&12/VOC2012/JPEGImages/2008_002327.jpg 1,59,500,375,7 309,24,321,52,19
/media/xinje/New Volume/VOC07&12/VOC2012/JPEGImages/2008_002368.jpg 164,10,496,191,7
/media/xinje/New Volume/VOC07&12/VOC2012/JPEGImages/2008_002437.jpg 193,152,240,178,7
/media/xinje/New Volume/VOC07&12/VOC2012/JPEGImages/2008_002442.jpg 5,37,386,375,10 1,1,374,375,19 296,1,332,41,8 257,1,292,40,8 114,12,189,114,8 65,10,119,141,8 159,7,200,66,8 65,1,128,127,8 359,1,481,56,7
/media/xinje/New Volume/VOC07&12/VOC2012/JPEGImages/2008_002461.jpg 201,115,308,213,7
/media/xinje/New Volume/VOC07&12/VOC2012/JPEGImages/2008_002466.jpg 31,80,450,300,7 461,171,500,348,7 1,65,38,80,7 321,56,351,66,7
/media/xinje/New Volume/VOC07&12/VOC2012/JPEGImages/2008_002473.jpg 85,32,347,245,7
/media/xinje/New Volume/VOC07&12/VOC2012/JPEGImages/2008_002501.jpg 125,33,328,375,19 1,105,167,375,19 431,180,500,232,7 34,152,65,173,7 370,152,382,195,19
/media/xinje/New Volume/VOC07&12/VOC2012/JPEGImages/2008_002524.jpg 75,380,120,500,19 1,378,25,466,19 32,379,54,434,19 35,378,74,406,7 6,374,43,400,7
/media/xinje/New Volume/VOC07&12/VOC2012/JPEGImages/2008_002555.jpg 194,288,267,403,19 1,289,83,427,19 194,289,375,385,7 139,110,201,187,19 357,273,375,319,19 86,266,100,285,19 6,259,22,284,19 1,259,9,284,19 164,264,176,286,19
/media/xinje/New Volume/VOC07&12/VOC2012/JPEGImages/2008_002672.jpg 340,160,417,191,7 473,168,500,196,7
/media/xinje/New Volume/VOC07&12/VOC2012/JPEGImages/2008_002704.jpg 40,73,459,328,7
/media/xinje/New Volume/VOC07&12/VOC2012/JPEGImages/2008_002710.jpg 68,157,439,281,7
/media/xinje/New Volume/VOC07&12/VOC2012/JPEGImages/2008_002741.jpg 219,189,389,375,19 1,178,478,354,7
/media/xinje/New Volume/VOC07&12/VOC2012/JPEGImages/2008_002834.jpg 105,139,326,259,7
/media/xinje/New Volume/VOC07&12/VOC2012/JPEGImages/2008_002857.jpg 291,109,500,228,7 1,141,169,253,7 152,83,258,332,19
/media/xinje/New Volume/VOC07&12/VOC2012/JPEGImages/2008_002890.jpg 1,1,374,500,7
/media/xinje/New Volume/VOC07&12/VOC2012/JPEGImages/2008_002891.jpg 1,216,98,352,7 331,240,500,310,7
/media/xinje/New Volume/VOC07&12/VOC2012/JPEGImages/2008_002943.jpg 76,114,413,282,7 412,149,500,235,7 4,117,77,174,7 81,129,158,172,7
/media/xinje/New Volume/VOC07&12/VOC2012/JPEGImages/2008_002977.jpg 371,225,491,271,7 1,1,494,375,1
/media/xinje/New Volume/VOC07&12/VOC2012/JPEGImages/2008_003021.jpg 22,1,500,355,7
/media/xinje/New Volume/VOC07&12/VOC2012/JPEGImages/2008_003057.jpg 77,91,500,375,7
/media/xinje/New Volume/VOC07&12/VOC2012/JPEGImages/2008_003060.jpg 1,132,31,202,6 31,148,132,174,6 23,164,142,285,7 421,183,487,267,7 444,176,481,261,19 134,36,424,356,6
/media/xinje/New Volume/VOC07&12/VOC2012/JPEGImages/2008_003061.jpg 335,43,434,99,7 216,34,337,100,7 83,44,185,107,7 109,17,138,47,19 1,28,48,212,19 84,98,483,285,7 13,19,97,228,19
/media/xinje/New Volume/VOC07&12/VOC2012/JPEGImages/2008_003140.jpg 385,111,414,129,7 385,116,433,153,7 421,123,500,187,7 303,131,435,236,7 166,125,198,211,19 189,147,314,330,19 89,103,183,375,19 62,239,417,375,2 1,217,276,375,2
/media/xinje/New Volume/VOC07&12/VOC2012/JPEGImages/2008_003261.jpg 17,68,490,223,1 432,170,465,181,7
/media/xinje/New Volume/VOC07&12/VOC2012/JPEGImages/2008_003321.jpg 150,151,406,238,6 460,194,500,226,7 405,186,474,221,7 11,206,94,264,7
/media/xinje/New Volume/VOC07&12/VOC2012/JPEGImages/2008_003329.jpg 385,137,500,375,19 255,91,406,375,19 226,123,279,256,19 154,116,190,210,19 165,108,178,129,19 237,301,427,375,2 424,296,500,375,2 229,183,277,280,2 153,155,186,217,2 348,135,500,219,7
/media/xinje/New Volume/VOC07&12/VOC2012/JPEGImages/2008_003378.jpg 398,238,440,276,7 313,241,354,273,7 68,261,113,334,8 214,250,245,288,2
/media/xinje/New Volume/VOC07&12/VOC2012/JPEGImages/2008_003415.jpg 1,85,500,285,7
/media/xinje/New Volume/VOC07&12/VOC2012/JPEGImages/2008_003452.jpg 1,42,477,307,7 225,33,441,136,7 435,48,475,138,19 376,45,397,95,19 188,44,231,85,19 171,44,202,89,19 152,47,176,89,19
/media/xinje/New Volume/VOC07&12/VOC2012/JPEGImages/2008_003489.jpg 295,435,332,475,6 261,452,324,500,7 127,406,256,493,6
/media/xinje/New Volume/VOC07&12/VOC2012/JPEGImages/2008_003498.jpg 1,280,107,326,7 164,291,222,319,7 102,291,136,319,12
/media/xinje/New Volume/VOC07&12/VOC2012/JPEGImages/2008_003582.jpg 263,14,391,59,7 146,17,228,58,7 86,30,144,59,7 41,31,99,59,7 1,39,77,145,7 33,58,487,312,7
/media/xinje/New Volume/VOC07&12/VOC2012/JPEGImages/2008_003685.jpg 1,75,496,294,7 194,34,314,312,19
/media/xinje/New Volume/VOC07&12/VOC2012/JPEGImages/2008_003691.jpg 121,94,468,304,6 70,185,87,218,7 471,174,500,206,7
/media/xinje/New Volume/VOC07&12/VOC2012/JPEGImages/2008_003719.jpg 230,209,337,298,7
/media/xinje/New Volume/VOC07&12/VOC2012/JPEGImages/2008_003764.jpg 119,79,328,375,19 241,101,404,375,19 437,166,500,207,7 367,163,442,207,7 338,167,378,204,7 71,156,165,222,7 1,185,37,214,7 40,174,62,195,7
/media/xinje/New Volume/VOC07&12/VOC2012/JPEGImages/2008_003791.jpg 103,47,349,500,19 17,129,153,500,19 1,1,222,76,7
/media/xinje/New Volume/VOC07&12/VOC2012/JPEGImages/2008_003811.jpg 311,36,500,134,6 225,125,397,196,7 1,83,43,116,7 113,79,188,121,7 108,60,167,89,7 171,61,213,93,7 142,22,175,38,7 179,26,218,45,7 244,31,276,48,7 283,45,316,82,7 208,21,236,39,7 157,10,187,23,7 250,13,273,25,7 172,18,207,34,7
/media/xinje/New Volume/VOC07&12/VOC2012/JPEGImages/2008_003854.jpg 394,190,440,263,19 324,142,438,216,7
/media/xinje/New Volume/VOC07&12/VOC2012/JPEGImages/2008_003888.jpg 13,107,395,227,7 100,173,156,248,10 75,177,136,244,10 232,94,310,235,19 232,158,291,235,2
/media/xinje/New Volume/VOC07&12/VOC2012/JPEGImages/2008_003925.jpg 405,126,434,193,19 342,151,368,279,19 317,170,350,298,19 240,172,286,302,19 279,156,319,299,19 73,166,125,200,7 112,165,143,190,7 160,163,180,179,7 117,159,148,187,7 219,155,248,285,19
/media/xinje/New Volume/VOC07&12/VOC2012/JPEGImages/2008_003970.jpg 385,169,500,280,7 1,214,34,241,7
/media/xinje/New Volume/VOC07&12/VOC2012/JPEGImages/2008_003986.jpg 38,61,454,314,7
/media/xinje/New Volume/VOC07&12/VOC2012/JPEGImages/2008_003992.jpg 69,23,375,430,16 426,139,452,162,7 15,87,26,107,19 453,122,460,142,7
/media/xinje/New Volume/VOC07&12/VOC2012/JPEGImages/2008_004080.jpg 22,108,484,324,7
/media/xinje/New Volume/VOC07&12/VOC2012/JPEGImages/2008_004100.jpg 36,92,500,200,1 458,191,500,222,7 55,207,66,235,19
/media/xinje/New Volume/VOC07&12/VOC2012/JPEGImages/2008_004102.jpg 2,1,500,375,7 207,122,300,171,19
/media/xinje/New Volume/VOC07&12/VOC2012/JPEGImages/2008_004112.jpg 56,103,441,268,7
/media/xinje/New Volume/VOC07&12/VOC2012/JPEGImages/2008_004113.jpg 228,174,269,249,19 280,174,314,250,19 262,174,277,210,19 281,205,309,258,2 232,209,259,260,2 265,191,276,216,2 1,178,27,216,7
/media/xinje/New Volume/VOC07&12/VOC2012/JPEGImages/2008_004224.jpg 189,193,311,242,7
/media/xinje/New Volume/VOC07&12/VOC2012/JPEGImages/2008_004231.jpg 31,64,500,320,7 35,45,104,156,19 218,37,258,113,19 283,47,304,68,19 423,50,472,126,19 1,1,194,184,7
/media/xinje/New Volume/VOC07&12/VOC2012/JPEGImages/2008_004288.jpg 165,50,351,375,19 63,149,467,375,12 1,147,114,242,7 1,134,94,168,7
/media/xinje/New Volume/VOC07&12/VOC2012/JPEGImages/2008_004307.jpg 205,51,355,364,19 1,64,328,477,7
/media/xinje/New Volume/VOC07&12/VOC2012/JPEGImages/2008_004387.jpg 385,263,486,303,7 193,264,216,281,7 171,263,187,276,7 154,262,169,273,7 102,262,112,291,19 118,263,129,291,19 275,257,284,279,19 296,261,301,278,19 285,259,290,280,19 139,265,147,272,7 135,267,141,273,7 148,263,157,272,7
/media/xinje/New Volume/VOC07&12/VOC2012/JPEGImages/2008_004411.jpg 25,71,438,306,7 1,68,140,219,7
/media/xinje/New Volume/VOC07&12/VOC2012/JPEGImages/2008_004436.jpg 55,1,195,300,19 281,103,400,300,19 218,111,339,300,19 18,95,40,153,19 51,110,72,152,19 4,96,55,119,7 1,91,25,116,7
/media/xinje/New Volume/VOC07&12/VOC2012/JPEGImages/2008_004441.jpg 1,1,356,233,2 143,125,394,264,19 5,1,500,164,7
/media/xinje/New Volume/VOC07&12/VOC2012/JPEGImages/2008_004458.jpg 427,65,500,295,7 323,124,366,144,7 200,119,260,141,7 134,116,201,139,7 365,127,387,144,7 1,125,31,150,7
/media/xinje/New Volume/VOC07&12/VOC2012/JPEGImages/2008_004488.jpg 20,16,470,246,7 1,3,26,213,19
/media/xinje/New Volume/VOC07&12/VOC2012/JPEGImages/2008_004515.jpg 76,159,197,239,18 296,113,372,274,10 341,188,401,300,10 338,55,477,272,19 213,1,500,117,7
/media/xinje/New Volume/VOC07&12/VOC2012/JPEGImages/2008_004559.jpg 193,412,305,470,7 286,409,375,485,7 1,340,35,366,7
/media/xinje/New Volume/VOC07&12/VOC2012/JPEGImages/2008_004574.jpg 173,90,237,325,19 104,1,223,97,2 174,2,287,99,2 1,104,53,302,7 13,103,305,283,7 242,101,342,320,19 190,284,472,375,2 119,80,194,307,19
/media/xinje/New Volume/VOC07&12/VOC2012/JPEGImages/2008_004667.jpg 377,165,415,196,7
/media/xinje/New Volume/VOC07&12/VOC2012/JPEGImages/2008_004668.jpg 1,80,164,248,7 479,1,500,121,19 1,1,46,87,19 12,28,455,375,12
/media/xinje/New Volume/VOC07&12/VOC2012/JPEGImages/2008_004678.jpg 81,21,500,328,7 28,1,99,172,19 256,1,299,56,19 78,1,230,58,7
/media/xinje/New Volume/VOC07&12/VOC2012/JPEGImages/2008_004713.jpg 402,30,459,144,19 454,56,471,156,19 86,64,106,133,19 1,71,103,223,7 1,51,63,71,7 80,46,449,342,7
/media/xinje/New Volume/VOC07&12/VOC2012/JPEGImages/2008_004783.jpg 144,255,172,275,3 157,189,212,216,7 426,194,435,208,19
/media/xinje/New Volume/VOC07&12/VOC2012/JPEGImages/2008_004850.jpg 81,348,221,407,7 58,426,287,500,7
/media/xinje/New Volume/VOC07&12/VOC2012/JPEGImages/2008_004858.jpg 86,73,405,225,7 36,66,71,155,19 443,74,474,151,19 432,96,452,140,19 460,75,476,136,19 1,77,16,118,7 428,123,479,151,2
/media/xinje/New Volume/VOC07&12/VOC2012/JPEGImages/2008_004872.jpg 1,205,59,306,7 331,93,448,375,19
/media/xinje/New Volume/VOC07&12/VOC2012/JPEGImages/2008_004876.jpg 70,148,286,280,7
/media/xinje/New Volume/VOC07&12/VOC2012/JPEGImages/2008_004899.jpg 274,294,385,328,7 331,293,395,319,7 299,315,313,354,19 187,185,269,212,1
/media/xinje/New Volume/VOC07&12/VOC2012/JPEGImages/2008_004917.jpg 3,74,494,214,1 1,124,58,171,1 414,179,438,191,7
/media/xinje/New Volume/VOC07&12/VOC2012/JPEGImages/2008_004945.jpg 220,256,410,348,7 21,288,134,375,7 9,269,42,287,7
/media/xinje/New Volume/VOC07&12/VOC2012/JPEGImages/2008_004976.jpg 73,39,341,301,6 7,91,82,216,6 15,162,55,223,7 38,162,74,225,7 435,163,473,183,7 410,162,441,178,7 383,161,413,173,7 372,160,391,172,7 362,154,376,175,19 453,157,465,184,19 241,87,277,164,19 176,81,233,165,19 162,88,187,162,19
/media/xinje/New Volume/VOC07&12/VOC2012/JPEGImages/2008_005045.jpg 7,162,333,431,7 1,161,58,218,7 28,114,171,442,19 135,204,239,410,19
/media/xinje/New Volume/VOC07&12/VOC2012/JPEGImages/2008_005074.jpg 25,138,120,220,6 109,151,141,211,6 134,163,157,209,6 201,149,359,237,7
/media/xinje/New Volume/VOC07&12/VOC2012/JPEGImages/2008_005078.jpg 1,32,492,286,1 21,191,61,222,7 459,211,473,243,19 9,188,30,231,19 144,196,151,224,19
/media/xinje/New Volume/VOC07&12/VOC2012/JPEGImages/2008_005101.jpg 117,145,276,400,10 1,1,286,500,19 114,1,400,500,7
/media/xinje/New Volume/VOC07&12/VOC2012/JPEGImages/2008_005127.jpg 392,260,500,375,7
/media/xinje/New Volume/VOC07&12/VOC2012/JPEGImages/2008_005158.jpg 389,244,457,259,7
/media/xinje/New Volume/VOC07&12/VOC2012/JPEGImages/2008_005159.jpg 205,205,295,286,7 67,211,165,279,7 363,216,500,273,7 275,204,397,266,7 103,206,220,251,7 1,209,68,274,7 464,245,500,289,7 462,215,500,235,7
/media/xinje/New Volume/VOC07&12/VOC2012/JPEGImages/2008_005171.jpg 142,132,500,314,7 216,141,285,268,19 350,125,405,146,7 81,105,122,126,7
/media/xinje/New Volume/VOC07&12/VOC2012/JPEGImages/2008_005201.jpg 1,128,162,281,2 116,95,371,319,2 252,108,472,359,2 182,23,325,292,19 363,4,415,24,7 451,3,486,22,7 408,202,452,236,5 350,165,365,186,5 203,123,232,157,5 1,163,28,199,5
/media/xinje/New Volume/VOC07&12/VOC2012/JPEGImages/2008_005216.jpg 1,1,500,360,7
/media/xinje/New Volume/VOC07&12/VOC2012/JPEGImages/2008_005218.jpg 55,167,375,369,7 1,160,299,315,7 110,130,182,416,19 181,130,269,405,19
/media/xinje/New Volume/VOC07&12/VOC2012/JPEGImages/2008_005220.jpg 130,237,255,280,7 380,219,469,250,7
/media/xinje/New Volume/VOC07&12/VOC2012/JPEGImages/2008_005234.jpg 20,61,463,364,7 451,155,500,243,7
/media/xinje/New Volume/VOC07&12/VOC2012/JPEGImages/2008_005283.jpg 33,45,433,302,7
/media/xinje/New Volume/VOC07&12/VOC2012/JPEGImages/2008_005294.jpg 197,32,252,172,19 18,65,335,162,7 60,62,113,77,7
/media/xinje/New Volume/VOC07&12/VOC2012/JPEGImages/2008_005325.jpg 11,1,471,369,7
/media/xinje/New Volume/VOC07&12/VOC2012/JPEGImages/2008_005336.jpg 182,11,500,375,19 233,269,500,375,8 408,138,489,225,8 71,215,132,361,10 181,139,231,174,7 417,121,457,151,7 3,19,106,365,19 131,143,172,162,7 5,83,107,163,19 137,235,227,306,10 238,133,292,170,7
/media/xinje/New Volume/VOC07&12/VOC2012/JPEGImages/2008_005349.jpg 9,22,491,198,7
/media/xinje/New Volume/VOC07&12/VOC2012/JPEGImages/2008_005350.jpg 112,288,185,347,6 104,325,230,410,6 158,382,217,417,7 240,338,279,359,7 266,321,300,343,7 323,276,347,294,7 344,270,367,287,7 363,265,375,281,7 154,444,168,476,19 159,439,172,468,19 224,484,240,500,19 236,473,253,500,19 262,484,279,500,19 249,490,264,500,19
/media/xinje/New Volume/VOC07&12/VOC2012/JPEGImages/2008_005405.jpg 200,198,311,305,7 394,203,500,302,7 307,234,330,258,7 100,240,118,256,7 1,220,23,242,7
/media/xinje/New Volume/VOC07&12/VOC2012/JPEGImages/2008_005572.jpg 1,224,196,339,7 401,255,500,375,7
/media/xinje/New Volume/VOC07&12/VOC2012/JPEGImages/2008_005593.jpg 75,96,453,132,4 57,105,101,128,4 25,140,433,295,7 405,154,471,239,12
/media/xinje/New Volume/VOC07&12/VOC2012/JPEGImages/2008_005641.jpg 170,91,411,188,7 29,94,51,129,19 51,94,75,129,19 76,95,100,128,19
/media/xinje/New Volume/VOC07&12/VOC2012/JPEGImages/2008_005675.jpg 43,165,119,229,7
/media/xinje/New Volume/VOC07&12/VOC2012/JPEGImages/2008_005707.jpg 1,158,491,375,7 324,108,500,275,19 221,174,350,375,19 140,122,291,169,7 393,51,425,69,7
/media/xinje/New Volume/VOC07&12/VOC2012/JPEGImages/2008_005747.jpg 1,32,369,500,7
/media/xinje/New Volume/VOC07&12/VOC2012/JPEGImages/2008_005761.jpg 386,53,442,86,6 232,22,388,103,6 23,1,250,218,6 56,42,242,258,7 178,15,332,324,19 292,97,421,381,19 344,81,500,332,7 1,101,12,173,19
/media/xinje/New Volume/VOC07&12/VOC2012/JPEGImages/2008_005822.jpg 140,173,363,265,7 370,183,500,250,7
/media/xinje/New Volume/VOC07&12/VOC2012/JPEGImages/2008_005832.jpg 1,88,69,147,7 160,127,289,228,7 48,94,109,311,19 96,58,178,314,19 237,90,289,140,7
/media/xinje/New Volume/VOC07&12/VOC2012/JPEGImages/2008_005878.jpg 62,1,375,500,6 18,379,53,418,7 39,392,54,423,19 12,389,29,424,19
/media/xinje/New Volume/VOC07&12/VOC2012/JPEGImages/2008_005891.jpg 246,180,418,260,7 16,118,312,249,6 324,123,478,193,6 444,116,500,178,6
/media/xinje/New Volume/VOC07&12/VOC2012/JPEGImages/2008_005893.jpg 23,1,483,316,12 1,1,500,196,7
/media/xinje/New Volume/VOC07&12/VOC2012/JPEGImages/2008_005902.jpg 80,115,237,445,12 1,79,20,134,2 38,78,67,130,2 113,91,174,121,2 261,52,375,126,7 214,39,248,100,19 207,41,229,96,19 172,39,203,105,19 85,76,110,128,2
/media/xinje/New Volume/VOC07&12/VOC2012/JPEGImages/2008_005960.jpg 11,96,472,349,7
/media/xinje/New Volume/VOC07&12/VOC2012/JPEGImages/2008_005972.jpg 12,137,289,333,10 181,91,500,304,19 1,68,500,381,7 116,10,500,153,7 173,1,214,18,7 211,1,252,18,7 256,1,292,17,7 311,1,349,12,7 358,1,392,16,7 429,1,468,11,7 465,1,492,14,7 486,1,500,16,7
/media/xinje/New Volume/VOC07&12/VOC2012/JPEGImages/2008_006092.jpg 211,251,323,306,7
/media/xinje/New Volume/VOC07&12/VOC2012/JPEGImages/2008_006181.jpg 103,20,271,480,19 257,184,353,294,7 1,154,101,366,7
/media/xinje/New Volume/VOC07&12/VOC2012/JPEGImages/2008_006188.jpg 25,133,399,347,7 319,122,401,326,19
/media/xinje/New Volume/VOC07&12/VOC2012/JPEGImages/2008_006215.jpg 58,50,440,335,7 1,63,230,229,7 435,97,482,203,19 423,96,448,170,19
/media/xinje/New Volume/VOC07&12/VOC2012/JPEGImages/2008_006220.jpg 259,121,316,169,10 20,1,500,326,7 1,4,23,68,7
/media/xinje/New Volume/VOC07&12/VOC2012/JPEGImages/2008_006224.jpg 9,55,495,294,7 314,39,475,110,7 97,34,168,74,7
/media/xinje/New Volume/VOC07&12/VOC2012/JPEGImages/2008_006225.jpg 9,1,382,129,7
/media/xinje/New Volume/VOC07&12/VOC2012/JPEGImages/2008_006244.jpg 194,350,243,368,7 351,362,396,381,7 427,364,481,394,7 466,341,500,378,6
/media/xinje/New Volume/VOC07&12/VOC2012/JPEGImages/2008_006257.jpg 166,207,290,443,2 175,93,291,415,19 33,11,380,332,7 321,81,420,264,7 34,24,99,151,19
/media/xinje/New Volume/VOC07&12/VOC2012/JPEGImages/2008_006272.jpg 1,165,277,360,7 36,110,135,378,19 166,113,245,373,19
/media/xinje/New Volume/VOC07&12/VOC2012/JPEGImages/2008_006336.jpg 31,194,237,272,7
/media/xinje/New Volume/VOC07&12/VOC2012/JPEGImages/2008_006365.jpg 1,229,38,258,7 23,234,78,254,7 66,225,102,249,7 89,77,436,301,16
/media/xinje/New Volume/VOC07&12/VOC2012/JPEGImages/2008_006417.jpg 42,246,155,292,7 49,224,111,247,7 386,229,400,237,7
/media/xinje/New Volume/VOC07&12/VOC2012/JPEGImages/2008_006475.jpg 322,110,489,202,7
/media/xinje/New Volume/VOC07&12/VOC2012/JPEGImages/2008_006483.jpg 125,142,362,255,6 298,210,398,296,7 375,197,454,247,7 457,183,473,225,19 485,181,500,231,19 368,192,380,213,19 381,190,390,202,19 389,189,400,201,19 400,188,413,200,19
/media/xinje/New Volume/VOC07&12/VOC2012/JPEGImages/2008_006506.jpg 46,365,153,404,7
/media/xinje/New Volume/VOC07&12/VOC2012/JPEGImages/2008_006522.jpg 1,157,45,185,7
/media/xinje/New Volume/VOC07&12/VOC2012/JPEGImages/2008_006538.jpg 237,229,251,258,19 252,233,265,261,19 289,209,420,326,7
/media/xinje/New Volume/VOC07&12/VOC2012/JPEGImages/2008_006562.jpg 59,1,339,375,13 269,48,442,335,13 31,183,303,271,7
/media/xinje/New Volume/VOC07&12/VOC2012/JPEGImages/2008_006634.jpg 1,78,225,332,7
/media/xinje/New Volume/VOC07&12/VOC2012/JPEGImages/2008_006638.jpg 250,68,453,192,7 38,79,377,349,7 1,50,137,375,7 368,72,474,127,7 416,64,500,121,7
/media/xinje/New Volume/VOC07&12/VOC2012/JPEGImages/2008_006649.jpg 31,19,461,474,7
/media/xinje/New Volume/VOC07&12/VOC2012/JPEGImages/2008_006691.jpg 1,281,295,479,7 324,300,367,364,8
/media/xinje/New Volume/VOC07&12/VOC2012/JPEGImages/2008_006718.jpg 5,66,378,268,7 363,65,464,153,7
/media/xinje/New Volume/VOC07&12/VOC2012/JPEGImages/2008_006762.jpg 131,140,404,306,7 364,129,396,144,7 131,110,167,124,7 82,105,103,120,7 49,107,59,114,7 289,118,299,135,19
/media/xinje/New Volume/VOC07&12/VOC2012/JPEGImages/2008_006819.jpg 61,16,463,341,7 98,31,173,95,7
/media/xinje/New Volume/VOC07&12/VOC2012/JPEGImages/2008_006827.jpg 302,160,366,227,9 269,161,309,223,9 88,162,119,207,9 64,169,88,198,9 133,167,157,200,9 172,166,195,194,9 172,163,291,254,7 368,152,449,224,7 321,141,354,166,7
/media/xinje/New Volume/VOC07&12/VOC2012/JPEGImages/2008_006872.jpg 433,159,477,269,19 65,158,445,283,7 284,148,305,193,19 1,159,193,235,7 1,158,75,187,7
/media/xinje/New Volume/VOC07&12/VOC2012/JPEGImages/2008_006921.jpg 31,104,458,350,7
/media/xinje/New Volume/VOC07&12/VOC2012/JPEGImages/2008_006936.jpg 305,316,489,375,7
/media/xinje/New Volume/VOC07&12/VOC2012/JPEGImages/2008_006961.jpg 9,137,357,374,7 339,1,437,52,4 265,33,341,78,4 265,187,473,321,7 373,204,483,243,7 116,1,500,230,4
/media/xinje/New Volume/VOC07&12/VOC2012/JPEGImages/2008_006992.jpg 99,379,146,410,5 315,63,375,116,7
/media/xinje/New Volume/VOC07&12/VOC2012/JPEGImages/2008_007060.jpg 44,49,467,236,7
/media/xinje/New Volume/VOC07&12/VOC2012/JPEGImages/2008_007090.jpg 25,170,156,244,12 6,166,180,228,7 421,157,490,197,7 359,152,423,187,7 326,151,379,183,7 294,156,339,182,7 245,158,270,177,7 255,159,281,263,19 198,159,240,276,19 171,146,212,276,19
/media/xinje/New Volume/VOC07&12/VOC2012/JPEGImages/2008_007138.jpg 133,1,500,277,12 292,1,443,287,19 1,11,73,52,7 29,1,138,46,7 440,1,500,91,19
/media/xinje/New Volume/VOC07&12/VOC2012/JPEGImages/2008_007179.jpg 84,211,148,260,2 213,228,259,253,4 254,232,275,248,4 332,207,357,235,7
/media/xinje/New Volume/VOC07&12/VOC2012/JPEGImages/2008_007197.jpg 461,275,500,312,7
/media/xinje/New Volume/VOC07&12/VOC2012/JPEGImages/2008_007221.jpg 490,92,500,106,7 470,93,492,106,7 446,93,475,108,7 406,97,432,105,7 350,95,411,124,7 304,92,364,115,7 259,100,304,108,7 53,90,190,143,7 1,113,23,140,7 1,138,40,187,7 400,98,459,131,7 439,105,500,153,7 121,105,424,230,7
/media/xinje/New Volume/VOC07&12/VOC2012/JPEGImages/2008_007321.jpg 152,201,278,371,10 272,231,347,381,10 397,87,500,123,7 275,91,366,114,7 188,90,257,117,7 85,81,181,118,7
/media/xinje/New Volume/VOC07&12/VOC2012/JPEGImages/2008_007346.jpg 82,142,88,154,19 280,185,297,205,19 267,184,280,204,19 255,183,269,204,19 243,184,257,203,19 208,199,344,212,4 410,117,456,132,7 71,142,109,153,7
/media/xinje/New Volume/VOC07&12/VOC2012/JPEGImages/2008_007364.jpg 43,62,425,327,7 47,81,78,136,13 292,1,334,29,13 144,1,175,26,13
/media/xinje/New Volume/VOC07&12/VOC2012/JPEGImages/2008_007375.jpg 135,25,365,281,6 83,191,131,225,7 359,177,382,266,19 381,178,406,269,19 402,178,421,250,19 426,179,454,256,19 446,168,475,269,19 388,178,411,259,19 122,185,137,218,19
/media/xinje/New Volume/VOC07&12/VOC2012/JPEGImages/2008_007432.jpg 252,227,311,271,7
/media/xinje/New Volume/VOC07&12/VOC2012/JPEGImages/2008_007448.jpg 172,233,191,248,7
/media/xinje/New Volume/VOC07&12/VOC2012/JPEGImages/2008_007456.jpg 117,261,392,375,7 140,241,294,315,7 3,250,93,330,7 1,261,38,360,7
/media/xinje/New Volume/VOC07&12/VOC2012/JPEGImages/2008_007500.jpg 351,220,411,276,7 274,212,299,234,7 237,210,264,229,7 194,222,207,235,7 150,143,161,155,7 93,99,105,111,7
/media/xinje/New Volume/VOC07&12/VOC2012/JPEGImages/2008_007528.jpg 314,1,350,70,19 174,360,208,434,5 144,309,190,336,5 189,293,220,335,5 180,318,222,366,5 157,1,223,50,7 236,1,264,38,7 62,16,89,37,7 103,10,132,27,7 196,281,257,307,5
/media/xinje/New Volume/VOC07&12/VOC2012/JPEGImages/2008_007573.jpg 173,1,500,375,7
/media/xinje/New Volume/VOC07&12/VOC2012/JPEGImages/2008_007611.jpg 3,84,485,280,7
/media/xinje/New Volume/VOC07&12/VOC2012/JPEGImages/2008_007660.jpg 241,114,328,163,12 276,102,318,156,19 388,145,500,247,7
/media/xinje/New Volume/VOC07&12/VOC2012/JPEGImages/2008_007698.jpg 189,318,305,367,7 1,326,112,364,7 485,325,500,339,7 135,324,193,361,7
/media/xinje/New Volume/VOC07&12/VOC2012/JPEGImages/2008_007786.jpg 329,267,339,295,19 354,265,363,286,19 360,264,367,285,19 364,261,374,283,19 294,262,308,279,19 86,261,99,281,19 349,258,500,326,7 450,298,500,342,7 234,276,369,330,7 1,238,76,347,7 63,267,101,287,7 1,258,336,375,7
/media/xinje/New Volume/VOC07&12/VOC2012/JPEGImages/2008_007825.jpg 22,144,455,304,7
/media/xinje/New Volume/VOC07&12/VOC2012/JPEGImages/2008_007869.jpg 72,263,115,287,7 51,260,85,284,7 64,246,104,266,7 146,245,185,269,7 163,241,187,252,7 185,245,203,258,7 196,244,223,258,7 221,243,241,254,7 277,242,298,257,7
/media/xinje/New Volume/VOC07&12/VOC2012/JPEGImages/2008_007877.jpg 1,215,103,287,7 23,195,55,218,7
/media/xinje/New Volume/VOC07&12/VOC2012/JPEGImages/2008_007895.jpg 110,120,287,484,19 1,175,331,491,7
/media/xinje/New Volume/VOC07&12/VOC2012/JPEGImages/2008_007918.jpg 434,228,473,247,7 379,228,396,273,19 190,242,227,293,13 242,243,275,283,13 298,233,313,267,13 312,233,319,266,13 209,122,230,137,13 358,181,367,189,13 388,187,398,196,13
/media/xinje/New Volume/VOC07&12/VOC2012/JPEGImages/2008_007947.jpg 1,1,463,331,7 291,1,500,123,7
/media/xinje/New Volume/VOC07&12/VOC2012/JPEGImages/2008_007997.jpg 104,104,276,214,6 1,184,64,224,7 475,28,500,56,7 473,1,496,14,7
/media/xinje/New Volume/VOC07&12/VOC2012/JPEGImages/2008_008043.jpg 329,11,500,201,1 249,162,284,179,7 358,149,381,171,7 249,154,285,165,7 114,148,131,160,7 138,141,175,162,6
/media/xinje/New Volume/VOC07&12/VOC2012/JPEGImages/2008_008097.jpg 424,105,500,194,7 163,180,374,288,2 364,96,438,136,12 383,80,416,125,19 244,115,325,272,19 1,49,103,178,6 77,55,193,104,6 324,18,500,109,6 119,81,206,111,7 224,75,257,93,7 195,69,236,92,7 249,75,280,90,7 266,78,281,92,7 292,70,313,91,7 307,73,327,90,7
/media/xinje/New Volume/VOC07&12/VOC2012/JPEGImages/2008_008262.jpg 1,210,90,287,11 110,219,247,320,11 131,198,257,302,11 418,180,470,223,11 376,241,409,368,19 418,231,441,333,19 374,203,404,268,19 222,231,246,321,19 82,220,98,288,19 311,182,383,232,7
/media/xinje/New Volume/VOC07&12/VOC2012/JPEGImages/2008_008315.jpg 198,208,312,340,2 169,114,322,319,19 1,61,493,344,7
/media/xinje/New Volume/VOC07&12/VOC2012/JPEGImages/2008_008338.jpg 212,78,292,118,13 31,113,468,358,7 1,152,156,264,7
/media/xinje/New Volume/VOC07&12/VOC2012/JPEGImages/2008_008343.jpg 401,282,493,330,7 236,207,432,333,6 34,281,53,336,19 53,282,74,336,19 134,288,149,332,19 194,287,209,327,19 208,287,223,329,19
/media/xinje/New Volume/VOC07&12/VOC2012/JPEGImages/2008_008416.jpg 246,187,347,266,12 253,133,332,229,19 28,127,91,179,7 144,114,185,137,7
/media/xinje/New Volume/VOC07&12/VOC2012/JPEGImages/2008_008432.jpg 16,92,481,369,1 329,317,491,375,7 313,289,500,375,7 180,230,208,260,19 169,242,183,285,19
/media/xinje/New Volume/VOC07&12/VOC2012/JPEGImages/2008_008674.jpg 272,140,473,323,6 131,97,184,125,7 214,91,264,115,7
/media/xinje/New Volume/VOC07&12/VOC2012/JPEGImages/2008_008681.jpg 29,25,500,303,16 250,228,500,357,7
/media/xinje/New Volume/VOC07&12/VOC2012/JPEGImages/2008_008701.jpg 250,161,336,255,6 207,235,239,307,19 337,218,448,288,7 222,204,235,214,7
/media/xinje/New Volume/VOC07&12/VOC2012/JPEGImages/2009_000021.jpg 39,152,215,308,7 216,172,311,279,7 1,153,47,244,7 260,138,315,295,19 297,165,318,309,19 260,150,280,183,19 207,156,228,213,19 180,150,204,210,19 13,133,35,171,19 32,138,53,195,19 54,149,69,195,19
/media/xinje/New Volume/VOC07&12/VOC2012/JPEGImages/2009_000027.jpg 449,172,484,189,7 441,180,488,230,7 15,64,451,292,6 1,141,19,316,7
/media/xinje/New Volume/VOC07&12/VOC2012/JPEGImages/2009_000042.jpg 243,130,390,184,7
/media/xinje/New Volume/VOC07&12/VOC2012/JPEGImages/2009_000140.jpg 479,192,489,203,7 464,191,480,205,7 441,192,464,208,7 431,190,440,207,7 88,64,431,317,6 289,152,324,192,19 3,201,97,256,7 1,209,23,265,7 151,134,202,185,19 190,141,223,195,19 448,239,476,320,19 474,206,500,324,19 493,191,500,228,19 429,205,439,237,7
/media/xinje/New Volume/VOC07&12/VOC2012/JPEGImages/2009_000160.jpg 1,307,251,391,7 1,311,56,336,7 158,304,246,329,7
/media/xinje/New Volume/VOC07&12/VOC2012/JPEGImages/2009_000203.jpg 221,105,340,245,6 354,197,407,236,7
/media/xinje/New Volume/VOC07&12/VOC2012/JPEGImages/2009_000280.jpg 263,132,347,184,7 477,144,500,174,12 125,141,165,186,12 126,134,166,179,19
/media/xinje/New Volume/VOC07&12/VOC2012/JPEGImages/2009_000290.jpg 201,161,266,201,6 357,174,366,199,19 368,171,376,197,19 130,181,141,190,7
/media/xinje/New Volume/VOC07&12/VOC2012/JPEGImages/2009_000341.jpg 1,15,500,278,12 465,48,500,90,7 352,50,383,85,7
/media/xinje/New Volume/VOC07&12/VOC2012/JPEGImages/2009_000390.jpg 112,7,500,285,7 27,132,123,182,7
/media/xinje/New Volume/VOC07&12/VOC2012/JPEGImages/2009_000405.jpg 19,1,300,374,6 383,1,446,38,7 367,12,435,197,19 438,53,471,278,19
/media/xinje/New Volume/VOC07&12/VOC2012/JPEGImages/2009_000522.jpg 90,112,370,228,7 232,127,256,148,19
/media/xinje/New Volume/VOC07&12/VOC2012/JPEGImages/2009_000547.jpg 186,140,407,343,11 53,153,230,335,11 64,48,403,336,11 1,26,264,293,7 334,27,453,312,19 237,54,315,326,19
/media/xinje/New Volume/VOC07&12/VOC2012/JPEGImages/2009_000557.jpg 21,70,489,325,6 363,137,500,297,6 1,214,23,234,7
/media/xinje/New Volume/VOC07&12/VOC2012/JPEGImages/2009_000591.jpg 21,28,500,326,7
/media/xinje/New Volume/VOC07&12/VOC2012/JPEGImages/2009_000602.jpg 22,14,487,260,12 50,9,116,133,12 436,1,500,123,7
/media/xinje/New Volume/VOC07&12/VOC2012/JPEGImages/2009_000708.jpg 49,167,106,191,7 466,174,482,199,7 422,152,467,219,6 102,88,427,298,6 23,171,47,190,7
/media/xinje/New Volume/VOC07&12/VOC2012/JPEGImages/2009_000720.jpg 94,87,271,159,7
/media/xinje/New Volume/VOC07&12/VOC2012/JPEGImages/2009_000737.jpg 1,91,386,289,7
/media/xinje/New Volume/VOC07&12/VOC2012/JPEGImages/2009_000755.jpg 171,149,327,500,7 80,64,250,417,19
/media/xinje/New Volume/VOC07&12/VOC2012/JPEGImages/2009_000777.jpg 5,32,478,369,7 1,101,83,165,7 66,98,176,172,7 473,119,481,153,19 486,124,500,141,7
/media/xinje/New Volume/VOC07&12/VOC2012/JPEGImages/2009_000882.jpg 19,73,477,335,12 386,163,490,234,2 460,173,500,232,7 392,145,500,203,7
/media/xinje/New Volume/VOC07&12/VOC2012/JPEGImages/2009_000889.jpg 9,26,460,313,7 74,2,122,92,19
/media/xinje/New Volume/VOC07&12/VOC2012/JPEGImages/2009_000906.jpg 363,184,500,330,7
/media/xinje/New Volume/VOC07&12/VOC2012/JPEGImages/2009_000967.jpg 1,68,459,260,1 453,127,500,166,7 378,127,441,144,7
/media/xinje/New Volume/VOC07&12/VOC2012/JPEGImages/2009_001019.jpg 145,48,182,59,7 49,1,104,51,4 1,45,116,109,4 97,77,448,169,4 325,80,335,91,19
/media/xinje/New Volume/VOC07&12/VOC2012/JPEGImages/2009_001078.jpg 111,54,394,271,16 56,87,102,112,7 180,59,212,75,7 278,55,286,62,7 285,56,298,62,7 242,62,257,70,7
/media/xinje/New Volume/VOC07&12/VOC2012/JPEGImages/2009_001111.jpg 150,38,297,198,17 14,62,50,176,17 265,12,416,330,19 459,174,490,264,19 14,157,92,254,19 67,266,158,293,7 201,271,287,330,17 178,214,254,330,19
/media/xinje/New Volume/VOC07&12/VOC2012/JPEGImages/2009_001138.jpg 31,98,362,231,6 438,182,471,205,7
/media/xinje/New Volume/VOC07&12/VOC2012/JPEGImages/2009_001197.jpg 130,101,467,353,6 107,180,169,253,6 7,229,110,270,7 117,250,133,302,7
/media/xinje/New Volume/VOC07&12/VOC2012/JPEGImages/2009_001216.jpg 153,40,316,133,7 1,91,333,500,7
/media/xinje/New Volume/VOC07&12/VOC2012/JPEGImages/2009_001237.jpg 419,245,500,320,7 89,64,403,305,6 120,191,152,219,19
/media/xinje/New Volume/VOC07&12/VOC2012/JPEGImages/2009_001306.jpg 324,287,500,349,7
/media/xinje/New Volume/VOC07&12/VOC2012/JPEGImages/2009_001374.jpg 1,78,463,294,7
/media/xinje/New Volume/VOC07&12/VOC2012/JPEGImages/2009_001388.jpg 250,164,328,217,7
/media/xinje/New Volume/VOC07&12/VOC2012/JPEGImages/2009_001412.jpg 1,143,82,182,6 1,174,29,199,7 92,96,429,231,16 118,208,135,223,13 153,211,173,226,13 197,215,217,232,13 247,220,270,237,13 298,223,323,242,13 409,226,431,244,13 378,187,404,242,19 361,170,374,187,19
/media/xinje/New Volume/VOC07&12/VOC2012/JPEGImages/2009_001463.jpg 333,157,500,333,7 15,85,89,324,19 153,78,228,307,19
/media/xinje/New Volume/VOC07&12/VOC2012/JPEGImages/2009_001472.jpg 30,48,460,331,6 448,208,496,240,7 1,162,37,221,6
/media/xinje/New Volume/VOC07&12/VOC2012/JPEGImages/2009_001481.jpg 37,70,356,296,2 415,192,500,256,7
/media/xinje/New Volume/VOC07&12/VOC2012/JPEGImages/2009_001500.jpg 121,89,364,294,11 382,87,423,118,11 1,93,46,238,11 115,79,171,115,7
/media/xinje/New Volume/VOC07&12/VOC2012/JPEGImages/2009_001546.jpg 414,283,500,361,7 430,293,449,311,19 304,296,437,357,7 1,216,343,375,7
/media/xinje/New Volume/VOC07&12/VOC2012/JPEGImages/2009_001585.jpg 4,103,329,497,19 4,127,330,497,7
/media/xinje/New Volume/VOC07&12/VOC2012/JPEGImages/2009_001612.jpg 51,81,461,308,7 1,64,231,127,7 1,71,231,244,7
/media/xinje/New Volume/VOC07&12/VOC2012/JPEGImages/2009_001677.jpg 1,52,28,84,7 15,51,69,85,7 59,45,132,89,7 114,30,169,77,7 123,36,136,85,19 134,37,153,85,19 164,36,208,63,7 207,36,229,59,7 222,29,255,61,7 291,37,349,71,7 339,38,426,76,7 416,29,500,79,7 80,103,390,358,12 180,16,335,348,19
/media/xinje/New Volume/VOC07&12/VOC2012/JPEGImages/2009_001678.jpg 117,43,500,334,7
/media/xinje/New Volume/VOC07&12/VOC2012/JPEGImages/2009_001744.jpg 79,80,423,276,7
/media/xinje/New Volume/VOC07&12/VOC2012/JPEGImages/2009_001782.jpg 19,80,448,275,7
/media/xinje/New Volume/VOC07&12/VOC2012/JPEGImages/2009_001861.jpg 37,32,474,288,7 216,80,298,152,19
/media/xinje/New Volume/VOC07&12/VOC2012/JPEGImages/2009_001898.jpg 260,29,458,92,7
/media/xinje/New Volume/VOC07&12/VOC2012/JPEGImages/2009_001917.jpg 1,96,413,289,7
/media/xinje/New Volume/VOC07&12/VOC2012/JPEGImages/2009_001997.jpg 356,193,368,201,7 297,168,311,183,6 173,203,177,217,19 213,201,223,221,19 12,212,26,247,19 14,227,26,247,2
/media/xinje/New Volume/VOC07&12/VOC2012/JPEGImages/2009_002000.jpg 1,1,375,500,7
/media/xinje/New Volume/VOC07&12/VOC2012/JPEGImages/2009_002010.jpg 21,76,478,267,7 313,97,359,141,10
/media/xinje/New Volume/VOC07&12/VOC2012/JPEGImages/2009_002044.jpg 399,20,422,39,7 348,73,397,105,8 242,78,274,136,8 199,86,241,162,8 154,104,195,196,8 80,129,146,223,8 3,164,51,296,8 394,92,484,187,8 394,111,490,211,8 370,132,484,275,8 330,171,483,367,8 279,248,472,374,8 2,105,423,373,20
/media/xinje/New Volume/VOC07&12/VOC2012/JPEGImages/2009_002057.jpg 78,240,114,321,19 124,238,134,255,19 420,258,500,364,7 167,164,368,291,6
/media/xinje/New Volume/VOC07&12/VOC2012/JPEGImages/2009_002103.jpg 315,200,497,259,7 1,188,45,280,7 25,201,63,234,7 175,191,262,219,7 7,197,385,382,7
/media/xinje/New Volume/VOC07&12/VOC2012/JPEGImages/2009_002105.jpg 247,145,428,273,6 28,222,119,258,7 161,225,177,242,12
/media/xinje/New Volume/VOC07&12/VOC2012/JPEGImages/2009_002117.jpg 48,85,426,242,7
/media/xinje/New Volume/VOC07&12/VOC2012/JPEGImages/2009_002120.jpg 1,1,500,332,7 431,1,500,99,7
/media/xinje/New Volume/VOC07&12/VOC2012/JPEGImages/2009_002126.jpg 97,32,335,277,6 1,189,96,278,7 365,192,387,253,19 405,198,415,248,19
/media/xinje/New Volume/VOC07&12/VOC2012/JPEGImages/2009_002145.jpg 217,224,383,375,2 1,80,124,375,19 118,100,221,375,19 358,220,500,375,19 202,338,239,365,7 154,347,200,371,7
/media/xinje/New Volume/VOC07&12/VOC2012/JPEGImages/2009_002149.jpg 204,100,333,192,7
/media/xinje/New Volume/VOC07&12/VOC2012/JPEGImages/2009_002197.jpg 194,29,397,188,16 157,47,183,63,7
/media/xinje/New Volume/VOC07&12/VOC2012/JPEGImages/2009_002203.jpg 113,134,320,264,6 102,181,112,229,6 26,172,100,237,6 372,213,395,243,2 372,196,397,234,19 476,204,497,221,7 416,209,437,225,12
/media/xinje/New Volume/VOC07&12/VOC2012/JPEGImages/2009_002271.jpg 93,174,300,310,2 303,1,500,204,6 1,120,264,242,7 184,125,263,156,7
/media/xinje/New Volume/VOC07&12/VOC2012/JPEGImages/2009_002299.jpg 50,51,500,285,7
/media/xinje/New Volume/VOC07&12/VOC2012/JPEGImages/2009_002312.jpg 137,205,148,226,19 318,227,422,280,7
/media/xinje/New Volume/VOC07&12/VOC2012/JPEGImages/2009_002343.jpg 463,137,500,164,7 332,125,480,204,4 25,131,148,175,7 3,115,18,166,19 1,110,367,315,7
/media/xinje/New Volume/VOC07&12/VOC2012/JPEGImages/2009_002387.jpg 76,117,438,264,7
/media/xinje/New Volume/VOC07&12/VOC2012/JPEGImages/2009_002424.jpg 105,93,342,266,7
/media/xinje/New Volume/VOC07&12/VOC2012/JPEGImages/2009_002505.jpg 481,127,500,178,6 444,158,471,178,7 83,41,438,279,6 102,126,182,177,6
/media/xinje/New Volume/VOC07&12/VOC2012/JPEGImages/2009_002621.jpg 10,44,393,281,6 1,177,53,272,7 418,169,445,247,19 474,163,500,237,19 458,179,477,237,19 435,155,462,240,19
/media/xinje/New Volume/VOC07&12/VOC2012/JPEGImages/2009_002676.jpg 95,38,500,322,16 163,42,184,53,7
/media/xinje/New Volume/VOC07&12/VOC2012/JPEGImages/2009_002695.jpg 1,151,500,261,16 475,224,500,303,7 360,242,470,307,7 207,242,352,316,7 72,244,238,317,7 1,231,30,275,7 1,246,123,312,7
/media/xinje/New Volume/VOC07&12/VOC2012/JPEGImages/2009_002784.jpg 141,82,376,285,12 239,53,282,158,10 204,11,324,242,19 301,34,500,164,7
/media/xinje/New Volume/VOC07&12/VOC2012/JPEGImages/2009_002824.jpg 1,86,33,109,7 1,82,208,178,7 177,72,199,92,7 183,71,206,100,7 205,70,242,98,7 255,47,334,92,7 361,54,500,108,7 211,31,282,320,19 11,87,245,352,12 221,74,460,395,12
/media/xinje/New Volume/VOC07&12/VOC2012/JPEGImages/2009_002862.jpg 303,155,408,214,7
/media/xinje/New Volume/VOC07&12/VOC2012/JPEGImages/2009_002933.jpg 357,79,500,321,6 61,45,421,375,6 1,221,67,291,7 31,197,58,221,6
/media/xinje/New Volume/VOC07&12/VOC2012/JPEGImages/2009_002971.jpg 110,70,459,228,7
/media/xinje/New Volume/VOC07&12/VOC2012/JPEGImages/2009_003091.jpg 2,92,436,350,7 280,95,500,199,7
/media/xinje/New Volume/VOC07&12/VOC2012/JPEGImages/2009_003138.jpg 466,137,500,176,7 395,141,481,189,7 117,119,398,301,7 40,160,202,268,7 38,158,142,196,7 145,147,203,161,7 93,149,153,165,7 52,149,111,181,7 198,143,248,170,7
/media/xinje/New Volume/VOC07&12/VOC2012/JPEGImages/2009_003155.jpg 1,84,356,500,7
/media/xinje/New Volume/VOC07&12/VOC2012/JPEGImages/2009_003267.jpg 176,343,325,435,7 1,341,97,437,7
/media/xinje/New Volume/VOC07&12/VOC2012/JPEGImages/2009_003310.jpg 177,57,356,375,19 1,1,162,375,7 94,1,500,319,7
/media/xinje/New Volume/VOC07&12/VOC2012/JPEGImages/2009_003360.jpg 42,95,454,260,7
/media/xinje/New Volume/VOC07&12/VOC2012/JPEGImages/2009_003386.jpg 1,212,60,234,7 243,208,314,236,7 303,213,338,228,7
/media/xinje/New Volume/VOC07&12/VOC2012/JPEGImages/2009_003416.jpg 89,124,323,283,12 1,114,227,228,7
/media/xinje/New Volume/VOC07&12/VOC2012/JPEGImages/2009_003447.jpg 71,69,428,308,6 437,185,469,218,7 425,184,441,219,7 1,175,59,231,7 56,189,71,218,7 329,161,370,201,19
/media/xinje/New Volume/VOC07&12/VOC2012/JPEGImages/2009_003600.jpg 115,27,499,337,4 79,46,192,164,4 31,38,54,60,7
/media/xinje/New Volume/VOC07&12/VOC2012/JPEGImages/2009_003636.jpg 73,36,425,342,6 301,99,365,142,19 67,168,82,200,7 1,158,12,208,19
/media/xinje/New Volume/VOC07&12/VOC2012/JPEGImages/2009_003657.jpg 26,36,74,74,7 65,40,82,69,7
/media/xinje/New Volume/VOC07&12/VOC2012/JPEGImages/2009_003709.jpg 1,88,493,254,7
/media/xinje/New Volume/VOC07&12/VOC2012/JPEGImages/2009_003722.jpg 215,46,376,363,19 33,71,458,340,12 280,41,303,70,8 1,1,292,181,7
/media/xinje/New Volume/VOC07&12/VOC2012/JPEGImages/2009_003743.jpg 35,96,474,345,12 2,65,148,295,7 152,72,354,285,7 435,88,500,249,7 413,133,440,148,7
/media/xinje/New Volume/VOC07&12/VOC2012/JPEGImages/2009_003801.jpg 27,20,465,322,7 1,98,138,252,7 262,44,500,182,7
/media/xinje/New Volume/VOC07&12/VOC2012/JPEGImages/2009_003838.jpg 342,243,377,276,7 322,266,364,299,7 1,261,25,296,7 403,314,500,334,7
/media/xinje/New Volume/VOC07&12/VOC2012/JPEGImages/2009_003974.jpg 33,99,456,281,7
/media/xinje/New Volume/VOC07&12/VOC2012/JPEGImages/2009_004018.jpg 153,155,291,237,6 296,189,317,236,19 26,198,91,244,7 309,184,318,220,19 342,226,500,375,7 86,193,130,227,7 14,194,45,214,7 53,179,97,216,7
/media/xinje/New Volume/VOC07&12/VOC2012/JPEGImages/2009_004037.jpg 345,196,354,206,7 319,196,331,209,7 333,197,352,213,7 58,122,324,285,6
/media/xinje/New Volume/VOC07&12/VOC2012/JPEGImages/2009_004096.jpg 1,80,479,315,7 327,1,500,192,7
/media/xinje/New Volume/VOC07&12/VOC2012/JPEGImages/2009_004133.jpg 112,80,273,333,19 340,66,456,333,19 22,202,358,333,7
/media/xinje/New Volume/VOC07&12/VOC2012/JPEGImages/2009_004171.jpg 369,171,449,269,14 145,159,255,260,14 171,90,281,178,7
/media/xinje/New Volume/VOC07&12/VOC2012/JPEGImages/2009_004179.jpg 204,65,423,283,10 95,25,240,284,19 1,1,48,192,19 462,89,500,204,10 382,71,454,161,8 293,92,356,142,10 226,41,262,75,19 10,14,126,119,7 190,1,345,121,7 344,30,500,134,7 125,22,150,52,7
/media/xinje/New Volume/VOC07&12/VOC2012/JPEGImages/2009_004187.jpg 79,41,446,276,6 438,84,486,195,6 41,130,87,155,7 1,133,41,157,7 35,150,51,209,19 6,143,23,200,19 20,153,36,210,19 95,129,137,150,7
/media/xinje/New Volume/VOC07&12/VOC2012/JPEGImages/2009_004202.jpg 55,55,469,324,12 200,16,362,319,19 365,87,500,247,7
/media/xinje/New Volume/VOC07&12/VOC2012/JPEGImages/2009_004249.jpg 1,1,111,60,7 77,17,376,400,12
/media/xinje/New Volume/VOC07&12/VOC2012/JPEGImages/2009_004271.jpg 208,203,259,245,7 250,204,265,230,7
/media/xinje/New Volume/VOC07&12/VOC2012/JPEGImages/2009_004290.jpg 136,38,356,277,6 1,147,60,266,19 7,140,61,281,19 475,190,500,222,7
/media/xinje/New Volume/VOC07&12/VOC2012/JPEGImages/2009_004327.jpg 40,71,459,278,7
/media/xinje/New Volume/VOC07&12/VOC2012/JPEGImages/2009_004340.jpg 85,45,413,286,7 64,58,146,210,12 1,96,53,207,2
/media/xinje/New Volume/VOC07&12/VOC2012/JPEGImages/2009_004370.jpg 1,48,500,204,7
/media/xinje/New Volume/VOC07&12/VOC2012/JPEGImages/2009_004513.jpg 201,137,282,197,7 84,168,262,398,14
/media/xinje/New Volume/VOC07&12/VOC2012/JPEGImages/2009_004572.jpg 49,57,448,265,7
/media/xinje/New Volume/VOC07&12/VOC2012/JPEGImages/2009_004667.jpg 236,131,445,251,6 214,110,251,140,7 420,140,431,169,19 435,138,442,166,19
/media/xinje/New Volume/VOC07&12/VOC2012/JPEGImages/2009_004684.jpg 422,276,464,314,7 467,294,488,309,7 388,270,405,275,7
/media/xinje/New Volume/VOC07&12/VOC2012/JPEGImages/2009_004694.jpg 118,82,241,356,19 210,54,387,356,19 230,205,264,256,5 428,231,486,306,19 60,157,139,219,7
/media/xinje/New Volume/VOC07&12/VOC2012/JPEGImages/2009_004731.jpg 33,126,315,264,2 1,62,97,113,7 133,47,206,96,7 89,13,232,264,19
/media/xinje/New Volume/VOC07&12/VOC2012/JPEGImages/2009_004798.jpg 1,6,95,375,19 62,34,500,362,7
/media/xinje/New Volume/VOC07&12/VOC2012/JPEGImages/2009_004824.jpg 1,33,492,303,7
/media/xinje/New Volume/VOC07&12/VOC2012/JPEGImages/2009_004830.jpg 1,229,102,500,19 59,236,144,500,19 338,275,355,286,7 299,274,320,285,7
/media/xinje/New Volume/VOC07&12/VOC2012/JPEGImages/2009_004903.jpg 1,23,117,142,7 19,43,471,304,7
/media/xinje/New Volume/VOC07&12/VOC2012/JPEGImages/2009_004962.jpg 57,79,468,294,6 29,168,58,201,7 82,156,96,174,19 150,156,162,173,19 195,155,207,171,19 309,126,343,173,19
/media/xinje/New Volume/VOC07&12/VOC2012/JPEGImages/2009_004986.jpg 171,107,415,216,7
/media/xinje/New Volume/VOC07&12/VOC2012/JPEGImages/2009_005085.jpg 117,114,442,333,7 257,151,299,190,19
/media/xinje/New Volume/VOC07&12/VOC2012/JPEGImages/2009_005094.jpg 121,344,148,428,19 1,356,39,384,7
/media/xinje/New Volume/VOC07&12/VOC2012/JPEGImages/2009_005133.jpg 445,196,500,235,7 390,191,468,215,7
/media/xinje/New Volume/VOC07&12/VOC2012/JPEGImages/2009_005154.jpg 29,4,433,322,2 200,38,474,213,7 459,92,500,170,7
/media/xinje/New Volume/VOC07&12/VOC2012/JPEGImages/2009_005168.jpg 483,160,500,186,7 359,154,404,181,7 332,155,347,188,19 111,103,313,195,6 34,139,54,197,19
/media/xinje/New Volume/VOC07&12/VOC2012/JPEGImages/2009_005293.jpg 452,229,486,248,7 390,229,442,260,7 382,201,429,253,6 241,184,384,277,6 130,239,250,299,7 27,177,247,278,6 464,225,493,244,7
/media/xinje/New Volume/VOC07&12/VOC2012/JPEGImages/2010_000031.jpg 131,2,230,56,7 18,34,240,194,7 4,230,276,500,7
/media/xinje/New Volume/VOC07&12/VOC2012/JPEGImages/2010_000073.jpg 10,34,500,333,7
/media/xinje/New Volume/VOC07&12/VOC2012/JPEGImages/2010_000076.jpg 470,64,500,99,7 210,138,285,195,12 230,115,280,175,19
/media/xinje/New Volume/VOC07&12/VOC2012/JPEGImages/2010_000148.jpg 80,87,355,219,6 422,133,500,176,7 55,115,153,375,19 222,172,242,228,19 5,119,77,308,19
/media/xinje/New Volume/VOC07&12/VOC2012/JPEGImages/2010_000198.jpg 3,35,500,374,7
/media/xinje/New Volume/VOC07&12/VOC2012/JPEGImages/2010_000248.jpg 3,105,500,315,7 1,5,182,163,7
/media/xinje/New Volume/VOC07&12/VOC2012/JPEGImages/2010_000249.jpg 40,162,51,182,19 48,165,57,181,19 153,133,326,186,16 11,177,68,235,7 1,175,36,254,7
/media/xinje/New Volume/VOC07&12/VOC2012/JPEGImages/2010_000264.jpg 37,34,332,500,7
/media/xinje/New Volume/VOC07&12/VOC2012/JPEGImages/2010_000302.jpg 72,65,417,288,7
/media/xinje/New Volume/VOC07&12/VOC2012/JPEGImages/2010_000394.jpg 62,118,329,265,7
/media/xinje/New Volume/VOC07&12/VOC2012/JPEGImages/2010_000466.jpg 15,92,382,235,7
/media/xinje/New Volume/VOC07&12/VOC2012/JPEGImages/2010_000480.jpg 128,79,414,293,6 426,166,500,254,6 1,228,96,274,7 104,228,140,263,7
/media/xinje/New Volume/VOC07&12/VOC2012/JPEGImages/2010_000503.jpg 320,178,488,241,7 125,154,196,375,19 245,144,326,375,19 198,168,255,375,19
/media/xinje/New Volume/VOC07&12/VOC2012/JPEGImages/2010_000508.jpg 295,132,500,238,7 1,86,231,246,7
/media/xinje/New Volume/VOC07&12/VOC2012/JPEGImages/2010_000522.jpg 40,32,419,305,7
/media/xinje/New Volume/VOC07&12/VOC2012/JPEGImages/2010_000556.jpg 198,138,293,219,7
/media/xinje/New Volume/VOC07&12/VOC2012/JPEGImages/2010_000571.jpg 13,2,500,375,7 154,31,359,170,2
/media/xinje/New Volume/VOC07&12/VOC2012/JPEGImages/2010_000645.jpg 402,200,490,375,19 1,203,60,283,7 28,212,137,253,7 273,211,334,232,7 302,221,321,261,19
/media/xinje/New Volume/VOC07&12/VOC2012/JPEGImages/2010_000664.jpg 25,133,461,300,7
/media/xinje/New Volume/VOC07&12/VOC2012/JPEGImages/2010_000723.jpg 433,139,454,199,19 46,86,421,270,7 422,132,500,176,7
/media/xinje/New Volume/VOC07&12/VOC2012/JPEGImages/2010_000908.jpg 108,115,372,330,7 275,143,397,187,19
/media/xinje/New Volume/VOC07&12/VOC2012/JPEGImages/2010_000922.jpg 125,89,314,360,19 1,134,430,401,15 112,45,330,142,7 9,67,139,149,7
/media/xinje/New Volume/VOC07&12/VOC2012/JPEGImages/2010_001043.jpg 448,69,468,146,7 324,69,466,172,7 72,88,413,245,7 1,99,67,168,7 68,83,155,169,7
/media/xinje/New Volume/VOC07&12/VOC2012/JPEGImages/2010_001044.jpg 1,32,499,367,7
/media/xinje/New Volume/VOC07&12/VOC2012/JPEGImages/2010_001110.jpg 32,1,487,333,7 275,1,499,188,7
/media/xinje/New Volume/VOC07&12/VOC2012/JPEGImages/2010_001118.jpg 1,196,62,329,6 165,232,454,489,7 58,301,118,330,7
/media/xinje/New Volume/VOC07&12/VOC2012/JPEGImages/2010_001121.jpg 380,85,500,321,7 43,84,383,253,7 1,83,168,200,7
/media/xinje/New Volume/VOC07&12/VOC2012/JPEGImages/2010_001152.jpg 357,91,446,129,7 431,112,500,199,7 31,115,90,157,7 142,104,207,122,7 107,112,450,332,7 471,90,500,128,7 101,109,150,134,7 6,124,16,151,19 20,114,34,147,19
/media/xinje/New Volume/VOC07&12/VOC2012/JPEGImages/2010_001185.jpg 75,58,161,176,10 1,1,250,176,7
/media/xinje/New Volume/VOC07&12/VOC2012/JPEGImages/2010_001274.jpg 228,264,272,301,7
/media/xinje/New Volume/VOC07&12/VOC2012/JPEGImages/2010_001275.jpg 228,112,432,195,7 43,105,246,193,7
/media/xinje/New Volume/VOC07&12/VOC2012/JPEGImages/2010_001337.jpg 94,315,138,359,10 93,84,141,264,19 83,208,163,339,19 207,198,333,387,7
/media/xinje/New Volume/VOC07&12/VOC2012/JPEGImages/2010_001360.jpg 5,81,253,183,7
/media/xinje/New Volume/VOC07&12/VOC2012/JPEGImages/2010_001413.jpg 34,114,471,228,1 486,195,500,217,7 470,186,481,217,19 489,185,495,196,19
/media/xinje/New Volume/VOC07&12/VOC2012/JPEGImages/2010_001431.jpg 36,242,367,437,2 1,113,46,141,7 45,118,65,140,7 152,115,171,135,7 152,117,204,164,7 318,82,375,349,19 178,64,280,491,19 169,192,192,236,8
/media/xinje/New Volume/VOC07&12/VOC2012/JPEGImages/2010_001478.jpg 37,104,334,251,7
/media/xinje/New Volume/VOC07&12/VOC2012/JPEGImages/2010_001550.jpg 48,14,467,330,7
/media/xinje/New Volume/VOC07&12/VOC2012/JPEGImages/2010_001561.jpg 13,59,488,350,7
/media/xinje/New Volume/VOC07&12/VOC2012/JPEGImages/2010_001572.jpg 216,141,478,250,7 49,140,309,265,7
/media/xinje/New Volume/VOC07&12/VOC2012/JPEGImages/2010_001638.jpg 57,70,454,317,7 404,71,440,129,19 375,80,403,139,19 380,66,408,103,19 106,52,131,88,19 75,59,102,90,19
/media/xinje/New Volume/VOC07&12/VOC2012/JPEGImages/2010_001650.jpg 54,26,394,370,6 1,236,29,257,7 193,210,246,264,19 196,97,209,116,19 341,103,354,120,19 264,86,321,117,19
/media/xinje/New Volume/VOC07&12/VOC2012/JPEGImages/2010_001732.jpg 172,79,354,261,6 14,80,127,209,6 270,88,289,102,7 271,73,289,88,7 279,63,297,86,6 296,78,309,87,7 295,67,312,81,6
/media/xinje/New Volume/VOC07&12/VOC2012/JPEGImages/2010_001770.jpg 113,182,155,197,7
/media/xinje/New Volume/VOC07&12/VOC2012/JPEGImages/2010_001808.jpg 24,68,488,283,6 1,162,40,226,7 335,126,374,174,19 264,153,285,173,19
/media/xinje/New Volume/VOC07&12/VOC2012/JPEGImages/2010_001850.jpg 112,172,210,282,10 67,191,150,318,10 398,10,500,375,19 3,84,367,375,7 248,133,410,250,7 365,131,414,170,7
/media/xinje/New Volume/VOC07&12/VOC2012/JPEGImages/2010_001948.jpg 44,7,495,356,7
/media/xinje/New Volume/VOC07&12/VOC2012/JPEGImages/2010_001981.jpg 1,24,420,366,7 1,1,193,162,7 409,1,474,75,8
/media/xinje/New Volume/VOC07&12/VOC2012/JPEGImages/2010_001993.jpg 92,106,448,233,7 304,104,354,150,19
/media/xinje/New Volume/VOC07&12/VOC2012/JPEGImages/2010_002039.jpg 128,141,234,301,14 235,170,317,288,14 315,157,353,231,14 383,191,440,277,14 373,25,452,58,7 1,32,38,375,19 236,90,271,184,19 273,118,307,182,19 302,111,339,238,19 330,103,366,216,19 359,93,436,198,19 450,124,500,265,19 476,145,500,308,19
/media/xinje/New Volume/VOC07&12/VOC2012/JPEGImages/2010_002044.jpg 38,30,472,328,7 399,78,500,243,7 63,10,93,121,19 198,13,222,43,19 192,95,215,179,19 221,80,291,164,19 351,69,439,133,19 363,34,405,87,19 483,56,497,100,19 450,113,500,373,19
/media/xinje/New Volume/VOC07&12/VOC2012/JPEGImages/2010_002107.jpg 106,49,293,190,7 185,120,464,318,7 450,92,500,310,19
/media/xinje/New Volume/VOC07&12/VOC2012/JPEGImages/2010_002127.jpg 335,267,352,298,5 361,38,459,319,19 65,46,170,304,19 437,170,500,217,7
/media/xinje/New Volume/VOC07&12/VOC2012/JPEGImages/2010_002132.jpg 36,76,487,285,7
/media/xinje/New Volume/VOC07&12/VOC2012/JPEGImages/2010_002185.jpg 81,113,404,273,7 278,121,352,273,19
/media/xinje/New Volume/VOC07&12/VOC2012/JPEGImages/2010_002236.jpg 100,168,445,282,7
/media/xinje/New Volume/VOC07&12/VOC2012/JPEGImages/2010_002363.jpg 65,74,405,358,7 353,26,437,206,19
/media/xinje/New Volume/VOC07&12/VOC2012/JPEGImages/2010_002368.jpg 48,67,370,307,7 249,91,285,127,19
/media/xinje/New Volume/VOC07&12/VOC2012/JPEGImages/2010_002387.jpg 212,210,434,315,7 461,234,500,260,7 439,231,483,259,7
/media/xinje/New Volume/VOC07&12/VOC2012/JPEGImages/2010_002424.jpg 407,14,500,66,7 255,32,500,126,7 10,43,474,266,7 378,1,412,54,19 293,13,325,27,7 320,14,339,24,7
/media/xinje/New Volume/VOC07&12/VOC2012/JPEGImages/2010_002457.jpg 57,114,202,349,19 273,308,290,361,5 45,127,351,282,7
/media/xinje/New Volume/VOC07&12/VOC2012/JPEGImages/2010_002507.jpg 162,117,259,174,14 142,128,308,268,7
/media/xinje/New Volume/VOC07&12/VOC2012/JPEGImages/2010_002592.jpg 11,1,500,332,7
/media/xinje/New Volume/VOC07&12/VOC2012/JPEGImages/2010_002647.jpg 350,142,492,219,7 192,143,388,229,7 15,125,220,262,7
/media/xinje/New Volume/VOC07&12/VOC2012/JPEGImages/2010_002702.jpg 141,167,253,374,19 77,73,487,247,4 36,209,104,264,7 1,231,35,273,7
/media/xinje/New Volume/VOC07&12/VOC2012/JPEGImages/2010_002841.jpg 7,65,497,317,7
/media/xinje/New Volume/VOC07&12/VOC2012/JPEGImages/2010_002844.jpg 62,122,420,323,7 212,65,268,167,19
/media/xinje/New Volume/VOC07&12/VOC2012/JPEGImages/2010_002865.jpg 385,138,500,210,7 409,171,500,375,7 160,156,183,172,7 141,156,154,166,7 164,116,308,319,19
/media/xinje/New Volume/VOC07&12/VOC2012/JPEGImages/2010_002903.jpg 1,121,398,348,7 182,138,246,183,19
/media/xinje/New Volume/VOC07&12/VOC2012/JPEGImages/2010_002948.jpg 106,52,499,375,11 94,159,247,304,11 56,150,123,212,11 1,133,194,375,7
/media/xinje/New Volume/VOC07&12/VOC2012/JPEGImages/2010_003047.jpg 1,1,485,327,7
/media/xinje/New Volume/VOC07&12/VOC2012/JPEGImages/2010_003057.jpg 183,102,447,363,6 1,249,34,305,7 14,237,113,296,7 77,232,149,283,7 141,225,181,276,7 1,189,110,264,6 106,201,172,246,6
/media/xinje/New Volume/VOC07&12/VOC2012/JPEGImages/2010_003191.jpg 88,188,412,287,7
/media/xinje/New Volume/VOC07&12/VOC2012/JPEGImages/2010_003206.jpg 1,50,154,155,7 18,60,488,348,7
/media/xinje/New Volume/VOC07&12/VOC2012/JPEGImages/2010_003256.jpg 1,59,500,292,7
/media/xinje/New Volume/VOC07&12/VOC2012/JPEGImages/2010_003264.jpg 465,289,500,339,2 314,254,410,331,2 328,214,393,314,19 1,235,166,375,7 247,350,500,375,7
/media/xinje/New Volume/VOC07&12/VOC2012/JPEGImages/2010_003290.jpg 1,167,24,189,7 34,166,88,188,7 116,165,158,190,7 156,164,186,194,7 183,54,500,307,7 67,168,111,190,7 18,143,43,209,19 110,160,119,173,19 92,165,157,189,7
/media/xinje/New Volume/VOC07&12/VOC2012/JPEGImages/2010_003367.jpg 112,17,409,328,2 1,1,140,154,7 332,1,460,36,7 285,1,499,206,7
/media/xinje/New Volume/VOC07&12/VOC2012/JPEGImages/2010_003400.jpg 39,71,466,254,7
/media/xinje/New Volume/VOC07&12/VOC2012/JPEGImages/2010_003415.jpg 1,169,336,461,7 143,211,263,279,19 166,213,224,270,19
/media/xinje/New Volume/VOC07&12/VOC2012/JPEGImages/2010_003432.jpg 1,29,64,134,12 56,23,278,207,12 195,1,320,39,7 14,1,99,19,7
/media/xinje/New Volume/VOC07&12/VOC2012/JPEGImages/2010_003478.jpg 38,66,476,337,7
/media/xinje/New Volume/VOC07&12/VOC2012/JPEGImages/2010_003481.jpg 327,192,500,332,18 9,1,500,285,7
/media/xinje/New Volume/VOC07&12/VOC2012/JPEGImages/2010_003574.jpg 131,79,229,155,7 172,77,476,295,7 213,105,262,142,19
/media/xinje/New Volume/VOC07&12/VOC2012/JPEGImages/2010_003612.jpg 27,81,478,282,7 49,91,75,156,19 70,95,100,152,19 94,106,107,148,19 1,89,30,190,19 216,107,263,147,19 261,66,321,149,19 307,70,345,148,19
/media/xinje/New Volume/VOC07&12/VOC2012/JPEGImages/2010_003635.jpg 38,32,440,273,12 1,27,162,151,7 150,1,478,123,6
/media/xinje/New Volume/VOC07&12/VOC2012/JPEGImages/2010_003656.jpg 69,343,226,459,7
/media/xinje/New Volume/VOC07&12/VOC2012/JPEGImages/2010_003734.jpg 229,105,326,311,10 1,1,500,375,7 48,121,132,155,7
/media/xinje/New Volume/VOC07&12/VOC2012/JPEGImages/2010_003789.jpg 1,1,497,373,7
/media/xinje/New Volume/VOC07&12/VOC2012/JPEGImages/2010_003877.jpg 204,178,303,282,6 134,188,166,270,7 314,176,335,237,19 326,173,344,236,19 121,190,148,289,19 121,189,132,204,19 145,180,165,217,19 220,196,248,221,19
/media/xinje/New Volume/VOC07&12/VOC2012/JPEGImages/2010_003893.jpg 1,139,448,314,6 1,247,126,348,7
/media/xinje/New Volume/VOC07&12/VOC2012/JPEGImages/2010_003931.jpg 1,149,500,277,7
/media/xinje/New Volume/VOC07&12/VOC2012/JPEGImages/2010_004005.jpg 311,113,500,312,7 1,119,159,301,7
/media/xinje/New Volume/VOC07&12/VOC2012/JPEGImages/2010_004014.jpg 1,79,58,151,7 365,52,500,212,7 4,1,500,326,7
/media/xinje/New Volume/VOC07&12/VOC2012/JPEGImages/2010_004045.jpg 209,181,283,255,11 222,233,304,274,11 159,147,266,275,11 400,201,484,245,7 315,186,397,217,7
/media/xinje/New Volume/VOC07&12/VOC2012/JPEGImages/2010_004059.jpg 64,127,435,324,7
/media/xinje/New Volume/VOC07&12/VOC2012/JPEGImages/2010_004116.jpg 49,81,498,359,7
/media/xinje/New Volume/VOC07&12/VOC2012/JPEGImages/2010_004160.jpg 211,118,249,207,19 255,127,366,231,11 324,117,488,248,11 287,90,318,153,19 1,112,101,177,7 211,120,254,142,11 193,109,206,126,19 177,109,188,123,19 430,112,447,138,19
/media/xinje/New Volume/VOC07&12/VOC2012/JPEGImages/2010_004172.jpg 401,255,500,344,7
/media/xinje/New Volume/VOC07&12/VOC2012/JPEGImages/2010_004186.jpg 294,105,489,272,7 57,116,432,324,7 1,143,243,375,7 450,141,500,271,19 474,103,500,188,19
/media/xinje/New Volume/VOC07&12/VOC2012/JPEGImages/2010_004239.jpg 1,112,499,431,7 1,72,128,315,7
/media/xinje/New Volume/VOC07&12/VOC2012/JPEGImages/2010_004258.jpg 272,130,495,307,7
/media/xinje/New Volume/VOC07&12/VOC2012/JPEGImages/2010_004333.jpg 74,41,441,316,7 407,98,480,143,7 383,100,438,143,7
/media/xinje/New Volume/VOC07&12/VOC2012/JPEGImages/2010_004336.jpg 1,105,50,133,7 253,102,282,123,7 288,97,315,119,7 282,90,450,333,12 23,112,291,316,12
/media/xinje/New Volume/VOC07&12/VOC2012/JPEGImages/2010_004349.jpg 10,171,84,221,7 66,164,193,233,7 182,156,493,264,7 418,164,455,179,7 388,166,416,180,7 461,160,493,179,7
/media/xinje/New Volume/VOC07&12/VOC2012/JPEGImages/2010_004373.jpg 25,73,487,320,7
/media/xinje/New Volume/VOC07&12/VOC2012/JPEGImages/2010_004459.jpg 14,88,482,338,7
/media/xinje/New Volume/VOC07&12/VOC2012/JPEGImages/2010_004558.jpg 111,205,312,344,6 71,276,94,293,7
/media/xinje/New Volume/VOC07&12/VOC2012/JPEGImages/2010_004569.jpg 2,1,500,375,7
/media/xinje/New Volume/VOC07&12/VOC2012/JPEGImages/2010_004577.jpg 25,29,487,374,7 454,3,500,98,7 402,2,483,38,7 95,19,147,83,19 131,48,147,80,8 1,23,46,112,19 55,12,98,91,19 63,1,125,28,7 86,17,102,52,19
/media/xinje/New Volume/VOC07&12/VOC2012/JPEGImages/2010_004581.jpg 60,53,368,226,7 384,1,484,220,19
/media/xinje/New Volume/VOC07&12/VOC2012/JPEGImages/2010_004594.jpg 143,116,328,311,6 312,47,375,383,6 201,268,284,363,7 1,210,152,500,19 128,262,280,500,19 260,265,313,400,19 105,250,173,362,19 1,230,32,302,19 132,242,140,256,19
/media/xinje/New Volume/VOC07&12/VOC2012/JPEGImages/2010_004601.jpg 84,202,103,231,19 78,91,399,221,1 347,189,500,247,7
/media/xinje/New Volume/VOC07&12/VOC2012/JPEGImages/2010_004646.jpg 209,125,252,172,18 65,149,500,333,7
/media/xinje/New Volume/VOC07&12/VOC2012/JPEGImages/2010_004690.jpg 1,1,500,375,7
/media/xinje/New Volume/VOC07&12/VOC2012/JPEGImages/2010_004782.jpg 139,28,438,375,19 39,141,249,375,19 1,71,50,156,7 159,52,192,86,7 119,60,147,84,7 67,58,107,81,7 192,63,209,84,7 1,53,21,73,7
/media/xinje/New Volume/VOC07&12/VOC2012/JPEGImages/2010_004824.jpg 139,291,345,382,7
/media/xinje/New Volume/VOC07&12/VOC2012/JPEGImages/2010_004844.jpg 172,305,204,371,19 286,249,500,365,6 90,325,178,372,12 181,317,283,358,7 24,306,41,340,19 121,309,151,368,19 139,306,174,363,19 173,309,205,370,19 182,332,215,365,12 194,308,206,331,19 367,217,375,227,13 449,149,465,160,19
/media/xinje/New Volume/VOC07&12/VOC2012/JPEGImages/2010_004890.jpg 7,10,500,364,7
/media/xinje/New Volume/VOC07&12/VOC2012/JPEGImages/2010_004943.jpg 313,152,390,184,7
/media/xinje/New Volume/VOC07&12/VOC2012/JPEGImages/2010_004966.jpg 327,187,406,216,7 221,180,267,194,7 156,160,177,168,7 93,157,110,167,7 483,199,500,227,7 182,99,318,150,1
/media/xinje/New Volume/VOC07&12/VOC2012/JPEGImages/2010_004995.jpg 5,87,77,200,19 273,96,325,297,19 1,140,144,500,12 1,110,254,348,12 154,150,270,279,12 171,149,372,221,7
/media/xinje/New Volume/VOC07&12/VOC2012/JPEGImages/2010_005019.jpg 78,107,452,350,11 212,40,288,240,19 424,152,500,188,7
/media/xinje/New Volume/VOC07&12/VOC2012/JPEGImages/2010_005041.jpg 146,100,355,252,6 425,201,499,258,7 348,204,422,250,7 1,36,64,299,6 52,158,83,245,6 75,195,111,261,19 93,200,110,263,19 112,208,126,233,19
/media/xinje/New Volume/VOC07&12/VOC2012/JPEGImages/2010_005119.jpg 64,60,435,224,7
/media/xinje/New Volume/VOC07&12/VOC2012/JPEGImages/2010_005147.jpg 1,119,500,333,7
/media/xinje/New Volume/VOC07&12/VOC2012/JPEGImages/2010_005211.jpg 31,40,482,322,2 118,1,167,22,8 70,1,109,25,8 431,1,500,51,7
/media/xinje/New Volume/VOC07&12/VOC2012/JPEGImages/2010_005236.jpg 1,74,374,500,7 88,102,214,189,19
/media/xinje/New Volume/VOC07&12/VOC2012/JPEGImages/2010_005261.jpg 3,91,210,199,7 25,28,477,311,7 1,89,60,121,7 14,47,31,94,19
/media/xinje/New Volume/VOC07&12/VOC2012/JPEGImages/2010_005318.jpg 55,111,445,252,7 247,126,278,161,19 70,74,100,151,19 90,62,128,148,19 144,101,179,146,19 236,85,278,136,19 311,74,340,135,19 131,109,155,146,8
/media/xinje/New Volume/VOC07&12/VOC2012/JPEGImages/2010_005377.jpg 14,96,479,331,7
/media/xinje/New Volume/VOC07&12/VOC2012/JPEGImages/2010_005409.jpg 190,269,296,375,5 1,135,151,265,5 437,181,500,235,7 69,59,147,185,19 1,34,453,375,19
/media/xinje/New Volume/VOC07&12/VOC2012/JPEGImages/2010_005437.jpg 1,27,500,374,7
/media/xinje/New Volume/VOC07&12/VOC2012/JPEGImages/2010_005457.jpg 52,1,452,370,6 469,162,500,229,7
/media/xinje/New Volume/VOC07&12/VOC2012/JPEGImages/2010_005518.jpg 109,113,380,296,7 79,86,113,160,19 119,92,152,154,19 130,91,145,144,19 1,109,86,140,7 187,104,252,119,7
/media/xinje/New Volume/VOC07&12/VOC2012/JPEGImages/2010_005546.jpg 65,86,489,251,7
/media/xinje/New Volume/VOC07&12/VOC2012/JPEGImages/2010_005571.jpg 1,268,67,374,7 231,208,264,316,19 162,250,197,326,19 127,76,135,143,19
/media/xinje/New Volume/VOC07&12/VOC2012/JPEGImages/2010_005663.jpg 76,29,232,465,5 38,232,266,289,7 248,220,369,283,7
/media/xinje/New Volume/VOC07&12/VOC2012/JPEGImages/2010_005672.jpg 1,30,500,373,7
/media/xinje/New Volume/VOC07&12/VOC2012/JPEGImages/2010_005700.jpg 110,1,353,358,19 108,163,401,375,7 1,185,156,246,7
/media/xinje/New Volume/VOC07&12/VOC2012/JPEGImages/2010_005750.jpg 65,85,394,249,7 145,236,500,333,7 451,212,500,298,7
/media/xinje/New Volume/VOC07&12/VOC2012/JPEGImages/2010_005785.jpg 88,118,434,257,7
/media/xinje/New Volume/VOC07&12/VOC2012/JPEGImages/2010_005836.jpg 1,26,458,374,7 323,60,487,188,7 224,68,333,99,7 165,93,256,125,7 472,88,500,210,12
/media/xinje/New Volume/VOC07&12/VOC2012/JPEGImages/2010_005845.jpg 1,59,484,375,7
/media/xinje/New Volume/VOC07&12/VOC2012/JPEGImages/2010_005875.jpg 343,60,500,203,7 69,73,349,255,7 315,126,412,289,19
/media/xinje/New Volume/VOC07&12/VOC2012/JPEGImages/2010_005891.jpg 38,9,490,315,7
/media/xinje/New Volume/VOC07&12/VOC2012/JPEGImages/2010_005949.jpg 260,403,375,478,7
/media/xinje/New Volume/VOC07&12/VOC2012/JPEGImages/2010_005951.jpg 1,129,318,324,7
/media/xinje/New Volume/VOC07&12/VOC2012/JPEGImages/2010_005959.jpg 56,1,500,374,6 1,234,155,375,7
/media/xinje/New Volume/VOC07&12/VOC2012/JPEGImages/2010_005987.jpg 233,160,260,205,10 110,35,249,96,7
/media/xinje/New Volume/VOC07&12/VOC2012/JPEGImages/2010_006009.jpg 337,157,500,375,10 1,1,179,128,7
/media/xinje/New Volume/VOC07&12/VOC2012/JPEGImages/2010_006012.jpg 1,18,491,361,7 256,34,272,57,19 282,25,304,69,19
/media/xinje/New Volume/VOC07&12/VOC2012/JPEGImages/2011_000048.jpg 77,55,471,336,6 6,224,52,253,7
/media/xinje/New Volume/VOC07&12/VOC2012/JPEGImages/2011_000095.jpg 41,38,486,325,6 1,225,201,332,7 470,195,500,304,19 405,82,448,124,19 440,196,459,238,19 302,85,328,120,19 374,195,405,234,19 305,190,342,239,19 213,93,247,129,19 108,201,144,234,19
/media/xinje/New Volume/VOC07&12/VOC2012/JPEGImages/2011_000176.jpg 15,48,493,300,7
/media/xinje/New Volume/VOC07&12/VOC2012/JPEGImages/2011_000252.jpg 107,144,415,347,7 108,96,191,323,19 11,145,139,252,7 1,150,55,218,7
/media/xinje/New Volume/VOC07&12/VOC2012/JPEGImages/2011_000258.jpg 103,35,425,281,6 1,191,118,268,7 425,195,474,285,19 380,169,402,210,19 316,170,336,199,19 336,168,351,202,19 285,167,315,209,19
/media/xinje/New Volume/VOC07&12/VOC2012/JPEGImages/2011_000293.jpg 189,186,463,305,7
/media/xinje/New Volume/VOC07&12/VOC2012/JPEGImages/2011_000416.jpg 118,41,480,300,7 126,54,162,81,7 2,25,163,360,19 279,307,310,360,5 438,177,480,360,19
/media/xinje/New Volume/VOC07&12/VOC2012/JPEGImages/2011_000496.jpg 194,201,242,278,12 270,180,346,250,7 194,178,240,252,19
/media/xinje/New Volume/VOC07&12/VOC2012/JPEGImages/2011_000505.jpg 55,193,266,323,2 320,215,368,241,7 370,215,406,240,7 252,214,293,244,7 1,210,71,247,7 16,214,97,248,7 96,112,194,325,19 267,217,280,250,19 464,209,476,250,19 456,213,469,250,19 447,210,458,237,19 302,216,325,232,7
/media/xinje/New Volume/VOC07&12/VOC2012/JPEGImages/2011_000509.jpg 11,122,465,337,7 244,74,376,160,7 2,91,67,163,7 374,77,448,122,7 132,69,154,133,19 163,72,180,131,19 461,54,500,225,19 68,68,81,146,19 401,60,420,118,19 441,61,467,149,19 213,70,228,124,19 232,68,249,122,19
/media/xinje/New Volume/VOC07&12/VOC2012/JPEGImages/2011_000560.jpg 10,3,446,190,7 429,1,500,105,7 91,20,424,361,12
/media/xinje/New Volume/VOC07&12/VOC2012/JPEGImages/2011_000684.jpg 460,157,500,225,7 4,188,75,343,19 150,124,205,299,19 197,147,271,325,19 295,163,346,342,19 346,153,429,343,19 461,214,500,327,19 437,174,473,279,19 114,278,172,343,8 186,290,286,343,8 400,277,480,343,8 460,259,500,343,8 257,264,358,343,20 407,246,434,306,20
/media/xinje/New Volume/VOC07&12/VOC2012/JPEGImages/2011_000701.jpg 1,100,434,297,7
/media/xinje/New Volume/VOC07&12/VOC2012/JPEGImages/2011_000954.jpg 1,108,385,375,7 296,124,489,235,7 69,134,134,200,19 183,133,249,185,19 250,103,329,222,19 319,90,347,157,19 405,116,434,156,19 293,112,308,133,19 1,137,35,199,7
/media/xinje/New Volume/VOC07&12/VOC2012/JPEGImages/2011_001004.jpg 32,46,489,324,7
/media/xinje/New Volume/VOC07&12/VOC2012/JPEGImages/2011_001033.jpg 76,194,165,256,7
/media/xinje/New Volume/VOC07&12/VOC2012/JPEGImages/2011_001062.jpg 1,38,499,375,7 240,95,500,205,7 357,79,462,132,7 1,81,50,168,19 179,41,204,62,19 215,42,249,179,19 310,84,338,120,19 393,69,427,127,19 473,64,498,134,19 417,69,454,130,19
/media/xinje/New Volume/VOC07&12/VOC2012/JPEGImages/2011_001136.jpg 30,125,460,286,7 330,95,500,213,7
/media/xinje/New Volume/VOC07&12/VOC2012/JPEGImages/2011_001193.jpg 39,137,216,233,7 220,146,248,222,19 458,153,477,203,19
/media/xinje/New Volume/VOC07&12/VOC2012/JPEGImages/2011_001227.jpg 93,71,411,344,6 58,173,140,282,6 1,192,42,294,7 134,165,194,209,19
/media/xinje/New Volume/VOC07&12/VOC2012/JPEGImages/2011_001253.jpg 54,127,500,449,11 414,168,498,194,7 192,64,290,292,19
/media/xinje/New Volume/VOC07&12/VOC2012/JPEGImages/2011_001255.jpg 102,79,406,226,6 409,147,437,201,19 65,150,107,181,7 275,127,312,164,19
/media/xinje/New Volume/VOC07&12/VOC2012/JPEGImages/2011_001270.jpg 65,86,491,299,6 1,228,46,248,7
/media/xinje/New Volume/VOC07&12/VOC2012/JPEGImages/2011_001286.jpg 349,80,500,233,7 9,55,44,76,7 45,57,80,76,7 14,143,424,355,12 163,49,210,150,19 61,65,285,147,7 258,62,393,355,19
/media/xinje/New Volume/VOC07&12/VOC2012/JPEGImages/2011_001449.jpg 193,114,211,129,7 232,119,299,193,12 173,107,190,168,19 212,101,223,125,19 214,105,241,161,19 193,114,238,172,19 237,95,281,177,19
/media/xinje/New Volume/VOC07&12/VOC2012/JPEGImages/2011_001455.jpg 422,44,499,94,1 316,26,477,78,1 1,38,456,198,1 236,142,500,333,7
/media/xinje/New Volume/VOC07&12/VOC2012/JPEGImages/2011_001542.jpg 302,97,438,144,7 9,100,487,265,7
/media/xinje/New Volume/VOC07&12/VOC2012/JPEGImages/2011_001606.jpg 100,64,451,225,7 1,57,43,128,7
/media/xinje/New Volume/VOC07&12/VOC2012/JPEGImages/2011_001625.jpg 154,96,420,279,11 131,106,374,277,11 73,112,118,269,19 108,120,128,268,19 65,109,139,224,19 444,197,500,228,7
/media/xinje/New Volume/VOC07&12/VOC2012/JPEGImages/2011_001632.jpg 1,201,494,375,2 55,146,413,366,7 173,12,293,375,19 156,6,416,375,19
/media/xinje/New Volume/VOC07&12/VOC2012/JPEGImages/2011_001673.jpg 387,1,490,48,7 464,6,499,56,7 23,17,495,374,7
/media/xinje/New Volume/VOC07&12/VOC2012/JPEGImages/2011_001695.jpg 151,265,185,296,7 387,283,415,298,7 182,269,194,277,7 307,280,323,289,7
/media/xinje/New Volume/VOC07&12/VOC2012/JPEGImages/2011_001698.jpg 273,189,281,204,2 215,175,249,200,7 272,184,284,196,19
/media/xinje/New Volume/VOC07&12/VOC2012/JPEGImages/2011_001799.jpg 96,20,472,312,12 1,1,188,84,7 1,141,500,374,12
/media/xinje/New Volume/VOC07&12/VOC2012/JPEGImages/2011_001826.jpg 329,85,496,208,6 158,168,377,264,7 275,143,322,259,19 325,150,352,262,19 167,140,185,188,19 218,143,232,178,19 190,142,207,186,19 53,147,65,186,19
/media/xinje/New Volume/VOC07&12/VOC2012/JPEGImages/2011_001885.jpg 155,208,180,237,7 209,242,257,320,12 259,215,279,275,19 283,221,301,282,19 212,219,252,307,19 239,212,263,281,19 321,240,344,294,19 138,202,148,224,19
/media/xinje/New Volume/VOC07&12/VOC2012/JPEGImages/2011_001891.jpg 268,105,500,240,7 68,102,315,275,7 433,82,500,121,7 451,110,500,146,7 340,84,437,110,7 241,87,315,125,7 136,88,216,125,7 292,73,319,131,19 352,71,368,110,19
/media/xinje/New Volume/VOC07&12/VOC2012/JPEGImages/2011_001901.jpg 1,64,500,368,4 296,164,470,234,4 90,198,170,245,4 204,241,217,266,19 1,330,189,375,7
/media/xinje/New Volume/VOC07&12/VOC2012/JPEGImages/2011_001929.jpg 44,88,321,228,7
/media/xinje/New Volume/VOC07&12/VOC2012/JPEGImages/2011_001949.jpg 154,60,377,316,6 70,215,92,263,19 1,161,144,249,6 1,216,65,249,7 1,237,35,264,2 372,208,409,258,7 402,207,446,243,7 462,214,492,278,19 1,210,20,267,19
/media/xinje/New Volume/VOC07&12/VOC2012/JPEGImages/2011_001961.jpg 5,247,491,375,4 96,35,176,78,7 129,36,370,375,19
/media/xinje/New Volume/VOC07&12/VOC2012/JPEGImages/2011_002096.jpg 105,62,409,333,7 1,87,41,196,7
/media/xinje/New Volume/VOC07&12/VOC2012/JPEGImages/2011_002106.jpg 272,98,478,256,7 261,95,326,180,7 389,91,410,117,19 155,98,220,297,19 25,98,95,300,19 209,132,235,167,19
/media/xinje/New Volume/VOC07&12/VOC2012/JPEGImages/2011_002111.jpg 53,103,289,319,2 304,51,338,111,2 442,40,500,64,7 331,24,359,108,19 166,171,193,199,5 189,163,206,197,5
/media/xinje/New Volume/VOC07&12/VOC2012/JPEGImages/2011_002135.jpg 35,274,466,500,2 1,2,188,103,7 128,1,355,80,7 237,389,294,464,5 50,40,425,500,19 324,1,390,86,19 161,1,253,41,2 432,1,466,84,19 354,1,444,74,7
/media/xinje/New Volume/VOC07&12/VOC2012/JPEGImages/2011_002143.jpg 220,287,273,361,7 45,261,167,387,7 155,289,186,368,7 171,293,221,347,7 253,286,295,383,7 266,235,332,394,7 1,106,172,459,7 82,137,245,195,7 233,111,375,247,7
/media/xinje/New Volume/VOC07&12/VOC2012/JPEGImages/2011_002224.jpg 122,239,204,324,7
/media/xinje/New Volume/VOC07&12/VOC2012/JPEGImages/2011_002253.jpg 1,29,494,374,7
/media/xinje/New Volume/VOC07&12/VOC2012/JPEGImages/2011_002303.jpg 78,138,206,180,7 374,34,472,331,19 223,25,363,333,19
/media/xinje/New Volume/VOC07&12/VOC2012/JPEGImages/2011_002410.jpg 18,85,479,282,7
/media/xinje/New Volume/VOC07&12/VOC2012/JPEGImages/2011_002420.jpg 16,44,500,378,7 1,98,20,164,19
/media/xinje/New Volume/VOC07&12/VOC2012/JPEGImages/2011_002484.jpg 1,122,88,195,7 27,53,459,327,7 356,85,443,175,7 431,108,494,157,7 1,114,89,149,7 12,98,32,117,19
/media/xinje/New Volume/VOC07&12/VOC2012/JPEGImages/2011_002526.jpg 263,170,366,246,7 243,176,273,213,7 214,180,266,210,7 468,187,500,206,7 387,186,421,200,7
/media/xinje/New Volume/VOC07&12/VOC2012/JPEGImages/2011_002585.jpg 88,53,193,160,2 110,1,195,149,19 189,1,255,31,7 272,8,305,29,7
/media/xinje/New Volume/VOC07&12/VOC2012/JPEGImages/2011_002598.jpg 1,142,401,320,12 3,88,266,229,12 231,44,340,316,19 112,73,268,320,19 78,29,212,161,19 1,12,129,161,7 197,8,244,40,7 259,3,309,41,7 138,1,187,35,7
/media/xinje/New Volume/VOC07&12/VOC2012/JPEGImages/2011_002676.jpg 397,151,482,200,7 421,159,486,198,7 443,171,486,203,7
/media/xinje/New Volume/VOC07&12/VOC2012/JPEGImages/2011_002782.jpg 263,215,404,313,7
/media/xinje/New Volume/VOC07&12/VOC2012/JPEGImages/2011_002790.jpg 76,120,453,276,7 203,80,263,160,19 478,68,500,286,19
/media/xinje/New Volume/VOC07&12/VOC2012/JPEGImages/2011_002956.jpg 69,82,399,343,6 1,221,32,276,6 366,232,500,365,7 1,263,22,311,7 50,264,82,275,7 282,226,309,259,19 284,229,317,292,19 404,252,500,281,7
/media/xinje/New Volume/VOC07&12/VOC2012/JPEGImages/2011_003016.jpg 179,124,395,276,9 29,63,440,230,7 266,84,318,118,19 61,100,82,130,19
/media/xinje/New Volume/VOC07&12/VOC2012/JPEGImages/2011_003065.jpg 207,188,241,216,6 88,206,117,224,7 249,204,263,217,7 279,196,287,211,7 271,209,376,244,7 299,205,315,220,7
/media/xinje/New Volume/VOC07&12/VOC2012/JPEGImages/2011_003073.jpg 406,251,473,333,7 97,284,131,324,7
/media/xinje/New Volume/VOC07&12/VOC2012/JPEGImages/2011_003109.jpg 135,90,405,302,6 168,179,223,216,19 366,182,405,306,19 483,202,496,247,19 75,199,136,239,7 1,210,18,243,7
/media/xinje/New Volume/VOC07&12/VOC2012/JPEGImages/2011_003121.jpg 466,212,500,281,7 97,145,475,334,7
/media/xinje/New Volume/VOC07&12/VOC2012/JPEGImages/2011_003132.jpg 147,187,227,287,16 219,211,245,258,16 1,229,38,279,7 36,248,70,276,7 112,247,133,295,19 87,246,104,290,19
/media/xinje/New Volume/VOC07&12/VOC2012/JPEGImages/2011_003192.jpg 74,50,423,305,7 65,19,233,111,7 357,1,500,130,7
/media/xinje/New Volume/VOC07&12/VOC2012/JPEGImages/2011_003247.jpg 447,192,460,210,2 32,132,323,222,6 476,184,495,201,7 449,185,460,206,19
