/media/xinje/New Volume/VOC07&12/VOC2012/JPEGImages/2008_000041.jpg 271,170,386,234,19 295,189,328,231,19 206,176,256,236,19 122,162,198,330,19 457,212,500,297,19 438,173,500,243,19 351,272,452,375,8 265,250,353,364,8 189,260,286,375,8 149,224,402,331,20 54,189,84,214,13 358,188,469,359,19
/media/xinje/New Volume/VOC07&12/VOC2012/JPEGImages/2008_000070.jpg 180,260,213,293,17 367,244,447,353,8 255,247,371,375,8
/media/xinje/New Volume/VOC07&12/VOC2012/JPEGImages/2008_000089.jpg 71,18,307,494,8
/media/xinje/New Volume/VOC07&12/VOC2012/JPEGImages/2008_000093.jpg 392,3,479,95,17 307,178,412,280,8 328,194,473,328,8 143,163,320,247,15 1,173,145,317,15
/media/xinje/New Volume/VOC07&12/VOC2012/JPEGImages/2008_000202.jpg 60,58,125,140,19 145,38,252,333,19 245,152,342,280,19 337,140,461,306,19 17,39,159,157,17 430,258,454,322,5 14,169,94,258,8
/media/xinje/New Volume/VOC07&12/VOC2012/JPEGImages/2008_000227.jpg 120,152,424,346,18 194,1,384,121,8 1,90,468,375,20
/media/xinje/New Volume/VOC07&12/VOC2012/JPEGImages/2008_000273.jpg 184,50,443,285,10 1,158,240,319,10 1,1,464,110,8 1,1,223,161,8
/media/xinje/New Volume/VOC07&12/VOC2012/JPEGImages/2008_000297.jpg 2,87,302,296,19 87,205,230,331,8 260,188,372,331,8 5,141,121,293,8 225,113,355,335,19
/media/xinje/New Volume/VOC07&12/VOC2012/JPEGImages/2008_000397.jpg 1,333,189,500,8 17,284,375,500,20 61,269,216,469,8 150,259,267,443,8 321,257,375,419,8
/media/xinje/New Volume/VOC07&12/VOC2012/JPEGImages/2008_000432.jpg 215,2,446,375,19 36,1,142,200,8
/media/xinje/New Volume/VOC07&12/VOC2012/JPEGImages/2008_000495.jpg 1,53,157,206,17 273,240,500,375,8 401,124,434,179,5
/media/xinje/New Volume/VOC07&12/VOC2012/JPEGImages/2008_000572.jpg 1,1,148,260,19 348,199,500,325,8
/media/xinje/New Volume/VOC07&12/VOC2012/JPEGImages/2008_000588.jpg 151,55,393,323,19 33,1,287,338,19 169,45,479,373,8 1,77,188,375,8
/media/xinje/New Volume/VOC07&12/VOC2012/JPEGImages/2008_000626.jpg 73,307,265,500,8
/media/xinje/New Volume/VOC07&12/VOC2012/JPEGImages/2008_000704.jpg 87,179,179,282,8 136,173,397,337,15 131,164,327,337,19 6,153,169,261,15
/media/xinje/New Volume/VOC07&12/VOC2012/JPEGImages/2008_000760.jpg 392,27,500,346,8 1,16,125,326,8 27,1,134,124,8 130,1,247,124,8 247,1,394,121,8 102,20,337,362,8
/media/xinje/New Volume/VOC07&12/VOC2012/JPEGImages/2008_000790.jpg 356,6,475,89,13 168,20,243,88,13 206,259,271,310,13 350,282,391,333,13 29,113,108,208,13 182,111,273,225,8 448,134,500,248,8 124,29,242,199,13 445,250,465,287,13
/media/xinje/New Volume/VOC07&12/VOC2012/JPEGImages/2008_000824.jpg 82,88,358,318,18 45,55,500,375,8
/media/xinje/New Volume/VOC07&12/VOC2012/JPEGImages/2008_000847.jpg 220,138,377,293,18 35,68,446,375,19 365,219,455,334,8
/media/xinje/New Volume/VOC07&12/VOC2012/JPEGImages/2008_000870.jpg 86,179,314,500,19 1,255,248,500,8
/media/xinje/New Volume/VOC07&12/VOC2012/JPEGImages/2008_000914.jpg 13,57,267,276,8
/media/xinje/New Volume/VOC07&12/VOC2012/JPEGImages/2008_000941.jpg 1,59,70,334,19 363,232,431,334,8 228,233,264,334,8 157,20,368,334,19 125,6,251,334,19
/media/xinje/New Volume/VOC07&12/VOC2012/JPEGImages/2008_001073.jpg 15,53,266,375,19 262,79,450,265,17 1,222,67,375,8
/media/xinje/New Volume/VOC07&12/VOC2012/JPEGImages/2008_001083.jpg 204,107,267,168,19 21,138,204,333,19 81,99,136,200,19 348,96,420,254,19 262,99,364,309,19 12,226,182,333,8 264,188,371,332,8 361,156,401,291,8 1,179,49,223,8 113,170,303,333,20
/media/xinje/New Volume/VOC07&12/VOC2012/JPEGImages/2008_001133.jpg 1,184,388,347,15 1,265,317,375,15 53,256,162,337,8 1,266,45,351,8 151,247,249,326,8 68,241,179,309,8 1,235,100,286,8 449,113,500,250,13
/media/xinje/New Volume/VOC07&12/VOC2012/JPEGImages/2008_001143.jpg 293,161,337,212,17 42,203,181,334,8 320,186,363,253,17
/media/xinje/New Volume/VOC07&12/VOC2012/JPEGImages/2008_001147.jpg 3,36,207,332,19 298,104,498,331,19 17,111,260,331,8 261,144,391,332,8
/media/xinje/New Volume/VOC07&12/VOC2012/JPEGImages/2008_001434.jpg 173,169,350,370,19 238,160,297,254,19 211,271,346,375,8 1,262,73,365,8 79,197,149,229,8 330,194,434,306,8 428,152,500,375,13 52,215,284,375,20
/media/xinje/New Volume/VOC07&12/VOC2012/JPEGImages/2008_001461.jpg 439,94,500,228,8 433,74,498,124,17 1,91,189,288,15 107,30,240,254,19 196,178,276,309,10
/media/xinje/New Volume/VOC07&12/VOC2012/JPEGImages/2008_001467.jpg 36,36,144,253,19 335,1,403,140,13 55,107,151,259,8 229,80,331,141,13
/media/xinje/New Volume/VOC07&12/VOC2012/JPEGImages/2008_001493.jpg 131,21,262,369,19 245,80,341,368,19 318,53,423,375,19 6,66,157,375,19 442,64,481,197,19 434,199,500,375,8 401,72,421,108,19 406,68,440,192,19
/media/xinje/New Volume/VOC07&12/VOC2012/JPEGImages/2008_001563.jpg 237,59,500,375,19 62,72,365,375,19 87,1,266,196,19 301,1,493,266,19 354,120,500,304,8 1,129,78,375,8 1,33,106,204,8 38,101,109,201,8 37,188,115,375,8 194,158,425,375,8 459,104,500,213,8
/media/xinje/New Volume/VOC07&12/VOC2012/JPEGImages/2008_001617.jpg 71,149,126,228,19 384,163,468,284,19 105,239,278,348,8 28,271,107,369,8 358,222,486,346,8
/media/xinje/New Volume/VOC07&12/VOC2012/JPEGImages/2008_001641.jpg 227,278,320,430,8 125,217,202,282,17
/media/xinje/New Volume/VOC07&12/VOC2012/JPEGImages/2008_001666.jpg 470,81,500,198,8 475,44,500,142,19 83,51,296,375,19 239,61,393,231,19 239,222,332,316,19 285,117,434,291,19 95,103,264,175,20
/media/xinje/New Volume/VOC07&12/VOC2012/JPEGImages/2008_001673.jpg 201,116,289,257,3 231,32,292,91,3 160,71,354,375,19 20,230,173,375,8
/media/xinje/New Volume/VOC07&12/VOC2012/JPEGImages/2008_001694.jpg 1,183,89,314,8 426,188,476,233,13 115,162,408,270,15
/media/xinje/New Volume/VOC07&12/VOC2012/JPEGImages/2008_001737.jpg 248,69,500,333,19 1,69,224,333,19 129,114,221,333,8 156,142,500,333,8 335,246,364,305,5 449,260,493,314,5
/media/xinje/New Volume/VOC07&12/VOC2012/JPEGImages/2008_001751.jpg 1,139,133,363,8 142,135,244,283,8 287,137,385,298,8 221,89,375,217,19 35,6,72,75,13 233,108,282,153,13
/media/xinje/New Volume/VOC07&12/VOC2012/JPEGImages/2008_001783.jpg 38,51,303,446,8
/media/xinje/New Volume/VOC07&12/VOC2012/JPEGImages/2008_001809.jpg 1,279,142,375,15 104,194,210,359,8 202,196,321,371,8 273,185,372,332,8 155,182,261,327,8 288,183,373,307,8 299,154,313,199,5 99,196,367,374,20
/media/xinje/New Volume/VOC07&12/VOC2012/JPEGImages/2008_001997.jpg 358,47,452,145,17 320,156,500,375,8 8,127,85,259,17 148,165,309,375,8
/media/xinje/New Volume/VOC07&12/VOC2012/JPEGImages/2008_002112.jpg 40,28,403,375,19 380,85,498,358,19 13,136,265,375,8 301,129,316,188,5
/media/xinje/New Volume/VOC07&12/VOC2012/JPEGImages/2008_002119.jpg 81,125,434,343,15 1,234,214,375,8 182,21,224,72,17 385,117,408,146,13
/media/xinje/New Volume/VOC07&12/VOC2012/JPEGImages/2008_002148.jpg 2,21,399,400,8 18,45,291,386,19
/media/xinje/New Volume/VOC07&12/VOC2012/JPEGImages/2008_002175.jpg 375,251,500,333,20 363,260,460,375,8 353,217,449,373,8 469,289,500,375,8
/media/xinje/New Volume/VOC07&12/VOC2012/JPEGImages/2008_002218.jpg 87,185,254,320,17 95,50,221,201,8 246,68,428,310,8
/media/xinje/New Volume/VOC07&12/VOC2012/JPEGImages/2008_002288.jpg 121,205,370,500,8
/media/xinje/New Volume/VOC07&12/VOC2012/JPEGImages/2008_002311.jpg 262,387,328,500,5 350,454,375,500,5 220,359,274,500,5 140,174,214,444,5 96,284,375,500,20 297,178,375,294,8 262,232,332,304,8 1,189,74,383,8 45,50,349,500,19
/media/xinje/New Volume/VOC07&12/VOC2012/JPEGImages/2008_002442.jpg 5,37,386,375,10 1,1,374,375,19 296,1,332,41,8 257,1,292,40,8 114,12,189,114,8 65,10,119,141,8 159,7,200,66,8 65,1,128,127,8 359,1,481,56,7
/media/xinje/New Volume/VOC07&12/VOC2012/JPEGImages/2008_002448.jpg 31,171,95,309,19 129,157,202,317,19 246,159,306,310,19 113,233,147,287,8
/media/xinje/New Volume/VOC07&12/VOC2012/JPEGImages/2008_002601.jpg 18,20,372,500,19 251,301,383,386,19 232,283,295,325,5 1,18,401,500,8
/media/xinje/New Volume/VOC07&12/VOC2012/JPEGImages/2008_002613.jpg 88,72,500,375,19 11,150,424,375,8
/media/xinje/New Volume/VOC07&12/VOC2012/JPEGImages/2008_002649.jpg 1,149,313,500,19 95,234,215,450,19 1,144,101,389,15 47,183,333,500,8
/media/xinje/New Volume/VOC07&12/VOC2012/JPEGImages/2008_002674.jpg 1,17,356,500,19 17,181,189,449,19 92,3,363,500,8
/media/xinje/New Volume/VOC07&12/VOC2012/JPEGImages/2008_002676.jpg 121,209,357,375,17 196,123,324,213,19 82,168,410,342,8
/media/xinje/New Volume/VOC07&12/VOC2012/JPEGImages/2008_002758.jpg 278,32,331,84,8 457,149,489,182,19
/media/xinje/New Volume/VOC07&12/VOC2012/JPEGImages/2008_002776.jpg 8,52,136,161,17 454,23,463,48,5 332,181,477,292,19 258,138,373,256,8 325,198,500,333,15
/media/xinje/New Volume/VOC07&12/VOC2012/JPEGImages/2008_002885.jpg 232,137,370,370,8 194,39,331,308,19
/media/xinje/New Volume/VOC07&12/VOC2012/JPEGImages/2008_002892.jpg 19,225,369,420,20 331,145,443,407,19 38,135,143,330,19 107,139,161,242,19 278,139,363,284,19 257,172,303,236,19 368,303,449,420,8 19,255,88,391,8
/media/xinje/New Volume/VOC07&12/VOC2012/JPEGImages/2008_002903.jpg 274,228,300,243,8 230,232,240,249,8 302,236,318,311,8 240,241,282,319,8 122,262,246,374,8 1,326,202,500,8 1,270,70,360,15 223,242,308,318,20
/media/xinje/New Volume/VOC07&12/VOC2012/JPEGImages/2008_003093.jpg 243,1,500,375,19 141,100,282,273,19 102,1,240,277,19 73,1,119,267,19 267,1,331,113,19 238,148,500,375,8
/media/xinje/New Volume/VOC07&12/VOC2012/JPEGImages/2008_003146.jpg 114,93,312,375,19 289,122,497,375,19 1,300,92,375,8 74,262,105,375,8 1,244,45,315,8 1,264,39,325,20 90,201,225,270,20
/media/xinje/New Volume/VOC07&12/VOC2012/JPEGImages/2008_003168.jpg 303,197,375,391,8
/media/xinje/New Volume/VOC07&12/VOC2012/JPEGImages/2008_003252.jpg 136,77,436,373,8
/media/xinje/New Volume/VOC07&12/VOC2012/JPEGImages/2008_003264.jpg 89,212,326,373,20 226,224,323,375,8 111,213,208,369,8 83,207,127,342,8 106,196,160,228,8 219,202,265,232,8 265,206,313,236,8 106,175,144,218,17
/media/xinje/New Volume/VOC07&12/VOC2012/JPEGImages/2008_003265.jpg 43,9,194,375,19 292,129,500,375,19 1,229,107,375,8
/media/xinje/New Volume/VOC07&12/VOC2012/JPEGImages/2008_003290.jpg 230,7,431,500,19 7,12,166,500,19 143,160,304,500,19 133,309,285,500,8 47,126,75,202,5
/media/xinje/New Volume/VOC07&12/VOC2012/JPEGImages/2008_003378.jpg 398,238,440,276,7 313,241,354,273,7 68,261,113,334,8 214,250,245,288,2
/media/xinje/New Volume/VOC07&12/VOC2012/JPEGImages/2008_003448.jpg 60,224,233,304,19 78,101,273,365,8 1,39,37,218,8
/media/xinje/New Volume/VOC07&12/VOC2012/JPEGImages/2008_003501.jpg 44,145,280,409,18 1,1,375,500,8
/media/xinje/New Volume/VOC07&12/VOC2012/JPEGImages/2008_003504.jpg 141,88,415,375,8 47,38,68,64,19 67,40,89,63,19
/media/xinje/New Volume/VOC07&12/VOC2012/JPEGImages/2008_003559.jpg 88,21,439,276,18 34,135,429,375,18 50,1,500,394,8
/media/xinje/New Volume/VOC07&12/VOC2012/JPEGImages/2008_003629.jpg 226,164,345,226,20 254,154,298,236,8 162,86,192,208,19
/media/xinje/New Volume/VOC07&12/VOC2012/JPEGImages/2008_003667.jpg 39,211,293,429,17 72,242,275,373,19 314,303,375,500,8
/media/xinje/New Volume/VOC07&12/VOC2012/JPEGImages/2008_003689.jpg 264,99,396,375,19 1,296,230,375,8 356,261,500,375,8 131,221,228,355,8 349,33,410,79,13 198,92,232,141,8 218,89,243,138,8 133,40,153,86,19 244,219,399,362,8 364,157,466,271,8
/media/xinje/New Volume/VOC07&12/VOC2012/JPEGImages/2008_003726.jpg 20,95,274,382,8 1,78,281,343,18 351,1,500,218,13
/media/xinje/New Volume/VOC07&12/VOC2012/JPEGImages/2008_003762.jpg 218,155,370,375,19 124,31,500,375,19 1,113,81,375,19 423,86,500,250,8 37,110,235,375,8 357,286,500,375,20
/media/xinje/New Volume/VOC07&12/VOC2012/JPEGImages/2008_003774.jpg 31,195,225,333,20 110,187,222,333,8 37,169,143,331,8
/media/xinje/New Volume/VOC07&12/VOC2012/JPEGImages/2008_003796.jpg 310,121,463,375,19 393,98,448,199,19 295,98,372,192,19 20,103,147,342,19 93,115,169,231,19 136,107,222,217,19 87,282,248,375,8 339,218,485,375,8 1,211,27,327,8 283,181,302,252,5 202,163,218,206,5 68,175,347,375,20
/media/xinje/New Volume/VOC07&12/VOC2012/JPEGImages/2008_003914.jpg 82,111,341,465,8 81,82,356,494,19
/media/xinje/New Volume/VOC07&12/VOC2012/JPEGImages/2008_003967.jpg 265,33,465,375,19 106,186,225,337,19 66,63,231,375,19 420,152,500,363,8 64,239,236,375,8 1,234,58,375,8
/media/xinje/New Volume/VOC07&12/VOC2012/JPEGImages/2008_003998.jpg 1,34,500,375,20 288,1,447,88,8
/media/xinje/New Volume/VOC07&12/VOC2012/JPEGImages/2008_004008.jpg 206,181,331,354,8 350,251,500,375,8 208,87,294,163,17
/media/xinje/New Volume/VOC07&12/VOC2012/JPEGImages/2008_004077.jpg 140,52,360,315,19 338,55,425,197,8
/media/xinje/New Volume/VOC07&12/VOC2012/JPEGImages/2008_004122.jpg 289,77,409,305,8 319,120,381,214,10
/media/xinje/New Volume/VOC07&12/VOC2012/JPEGImages/2008_004208.jpg 1,143,132,374,19 1,259,116,375,8
/media/xinje/New Volume/VOC07&12/VOC2012/JPEGImages/2008_004280.jpg 17,17,500,342,2 9,26,173,310,8 269,1,334,69,13 152,49,440,274,20 341,92,449,226,8
/media/xinje/New Volume/VOC07&12/VOC2012/JPEGImages/2008_004313.jpg 346,161,410,279,8 196,176,261,288,8 239,167,293,259,8 252,177,326,303,8
/media/xinje/New Volume/VOC07&12/VOC2012/JPEGImages/2008_004321.jpg 212,135,324,274,19 312,137,437,324,19 402,238,500,333,19 117,157,188,333,19 1,160,122,333,19 135,245,415,333,20 348,193,469,333,8 430,167,500,252,17 61,175,312,333,15
/media/xinje/New Volume/VOC07&12/VOC2012/JPEGImages/2008_004372.jpg 232,105,276,172,8 1,213,44,267,8 372,205,400,267,8 230,96,377,267,19 35,102,169,267,19 147,67,260,183,19 143,196,168,253,5 157,154,172,191,5 166,148,178,180,5 103,167,280,267,20
/media/xinje/New Volume/VOC07&12/VOC2012/JPEGImages/2008_004412.jpg 121,340,246,500,8
/media/xinje/New Volume/VOC07&12/VOC2012/JPEGImages/2008_004435.jpg 83,1,153,109,13 13,25,74,125,8 101,29,214,184,19 131,77,355,336,19 177,114,188,139,5 142,52,469,375,15
/media/xinje/New Volume/VOC07&12/VOC2012/JPEGImages/2008_004457.jpg 1,277,83,375,8 106,221,193,333,8 318,237,405,367,8 307,193,368,273,8 423,191,492,278,8 467,216,500,280,8 167,246,297,365,20 485,202,500,242,19 371,174,458,284,19 306,183,349,228,19 238,132,280,248,19 191,138,233,247,19 12,116,59,233,19 51,120,100,234,19 1,227,72,375,19 284,185,400,362,19 120,197,204,329,19
/media/xinje/New Volume/VOC07&12/VOC2012/JPEGImages/2008_004490.jpg 125,97,327,227,18 20,28,369,500,8
/media/xinje/New Volume/VOC07&12/VOC2012/JPEGImages/2008_004492.jpg 45,85,477,240,15 1,86,46,257,8 309,259,472,375,17 118,101,226,245,19 276,119,423,291,19
/media/xinje/New Volume/VOC07&12/VOC2012/JPEGImages/2008_004506.jpg 45,99,113,158,17 116,117,178,170,17 176,112,244,170,17 241,115,305,178,17 1,262,127,375,8 4,235,25,260,5 82,27,118,93,19 411,45,437,85,19 271,212,306,241,17
/media/xinje/New Volume/VOC07&12/VOC2012/JPEGImages/2008_004585.jpg 1,176,98,375,8 1,37,117,232,8 1,1,126,99,8 413,1,498,107,8 353,2,449,61,8 326,1,385,27,8
/media/xinje/New Volume/VOC07&12/VOC2012/JPEGImages/2008_004661.jpg 215,208,471,333,15 422,234,500,333,17 68,165,116,250,8 24,165,75,247,8 90,157,129,241,8 46,153,78,231,8 36,175,132,255,20 125,133,293,304,13
/media/xinje/New Volume/VOC07&12/VOC2012/JPEGImages/2008_004697.jpg 75,72,213,308,8 232,13,386,331,8 414,89,500,377,8 1,84,437,377,15
/media/xinje/New Volume/VOC07&12/VOC2012/JPEGImages/2008_004776.jpg 214,236,268,362,8 17,297,93,375,8 22,240,223,375,20
/media/xinje/New Volume/VOC07&12/VOC2012/JPEGImages/2008_004777.jpg 360,235,430,336,8
/media/xinje/New Volume/VOC07&12/VOC2012/JPEGImages/2008_004834.jpg 202,148,283,368,19 258,161,429,267,20 124,153,205,272,8 252,135,316,259,8 383,145,451,264,8 343,147,401,255,8
/media/xinje/New Volume/VOC07&12/VOC2012/JPEGImages/2008_004874.jpg 1,238,133,500,8 133,331,375,500,20 87,99,375,500,19 289,67,375,290,19
/media/xinje/New Volume/VOC07&12/VOC2012/JPEGImages/2008_004964.jpg 157,273,375,500,15 36,237,136,406,8
/media/xinje/New Volume/VOC07&12/VOC2012/JPEGImages/2008_004985.jpg 174,197,225,277,8 194,226,249,310,8
/media/xinje/New Volume/VOC07&12/VOC2012/JPEGImages/2008_005066.jpg 1,51,65,207,17 177,99,500,371,8 135,71,411,371,19
/media/xinje/New Volume/VOC07&12/VOC2012/JPEGImages/2008_005081.jpg 218,116,335,287,8 315,109,400,263,8 89,96,196,269,8 82,81,176,202,8 142,65,195,95,8 198,61,247,90,8 310,68,358,106,8 355,78,400,113,8 112,82,400,283,20
/media/xinje/New Volume/VOC07&12/VOC2012/JPEGImages/2008_005136.jpg 194,253,306,429,8
/media/xinje/New Volume/VOC07&12/VOC2012/JPEGImages/2008_005146.jpg 198,121,328,279,13 159,5,327,375,19 48,13,182,335,19 323,148,378,219,8 371,145,427,215,8 74,161,93,195,5 421,116,470,234,19
/media/xinje/New Volume/VOC07&12/VOC2012/JPEGImages/2008_005150.jpg 132,193,421,375,20 89,278,207,375,8 92,239,183,346,8 86,114,149,324,19 126,104,183,290,19 287,117,385,237,19 378,149,490,375,19 450,145,500,253,19 197,117,258,194,19
/media/xinje/New Volume/VOC07&12/VOC2012/JPEGImages/2008_005248.jpg 261,167,372,307,8 166,173,262,291,8 137,156,158,194,5 370,59,500,201,13 137,191,151,224,13
/media/xinje/New Volume/VOC07&12/VOC2012/JPEGImages/2008_005342.jpg 333,128,457,226,17 1,225,344,375,20 245,200,365,375,8 400,85,418,127,5 343,136,370,217,5 267,139,290,244,5 209,133,239,207,5 176,133,206,160,5 248,147,271,207,5 216,147,233,205,5
/media/xinje/New Volume/VOC07&12/VOC2012/JPEGImages/2008_005414.jpg 129,117,165,172,8 197,113,243,170,8 197,90,247,170,19 239,105,285,172,19 323,115,361,171,8
/media/xinje/New Volume/VOC07&12/VOC2012/JPEGImages/2008_005456.jpg 42,25,380,500,8
/media/xinje/New Volume/VOC07&12/VOC2012/JPEGImages/2008_005519.jpg 2,151,477,319,20 257,120,352,230,13 76,148,165,255,13 373,17,444,171,19 279,51,360,138,19 318,54,355,122,19 63,96,91,161,8 353,87,365,125,8 254,90,302,131,8 148,89,196,154,8 98,81,150,152,8 21,83,56,162,8 1,126,48,169,8 224,117,273,146,8 125,82,279,123,20 1,97,57,154,20
/media/xinje/New Volume/VOC07&12/VOC2012/JPEGImages/2008_005549.jpg 462,180,475,212,5 355,190,437,281,8 264,144,378,225,19 106,5,362,281,19
/media/xinje/New Volume/VOC07&12/VOC2012/JPEGImages/2008_005561.jpg 67,127,317,444,8 45,105,221,344,8
/media/xinje/New Volume/VOC07&12/VOC2012/JPEGImages/2008_005570.jpg 70,213,474,375,20 1,119,115,357,19 71,128,135,232,19 143,113,234,218,19 284,113,356,269,19 339,99,464,307,19 362,209,500,375,19 361,65,418,165,19 294,72,357,183,19 292,79,342,103,19 238,177,288,236,8 118,181,154,220,8
/media/xinje/New Volume/VOC07&12/VOC2012/JPEGImages/2008_005616.jpg 138,274,255,500,19 12,247,131,500,19 1,281,124,456,8 144,297,270,495,8 244,291,270,313,8
/media/xinje/New Volume/VOC07&12/VOC2012/JPEGImages/2008_005698.jpg 73,205,298,384,8 229,34,386,384,19
/media/xinje/New Volume/VOC07&12/VOC2012/JPEGImages/2008_005739.jpg 27,37,75,122,8
/media/xinje/New Volume/VOC07&12/VOC2012/JPEGImages/2008_005767.jpg 1,41,333,486,8 217,1,333,203,8
/media/xinje/New Volume/VOC07&12/VOC2012/JPEGImages/2008_005794.jpg 406,70,497,179,13 308,69,358,231,19 179,135,237,215,19 137,52,178,208,19 169,92,202,194,19 171,58,207,153,19 255,74,284,155,19 61,77,98,144,19 17,44,67,215,19 287,52,330,128,13 67,100,103,146,8 104,100,140,139,8 209,48,254,151,19 358,65,398,169,19 386,81,402,142,19 357,72,370,96,19 329,59,362,102,19 224,109,287,208,19
/media/xinje/New Volume/VOC07&12/VOC2012/JPEGImages/2008_005937.jpg 48,75,316,470,19 34,216,129,378,8 1,133,28,246,8
/media/xinje/New Volume/VOC07&12/VOC2012/JPEGImages/2008_005954.jpg 389,214,452,328,8 352,300,393,375,8 136,247,237,291,8 1,203,57,297,8 1,278,295,375,20 431,239,500,375,20 194,99,315,171,17 419,269,500,375,8 8,30,131,233,13 443,174,500,250,15
/media/xinje/New Volume/VOC07&12/VOC2012/JPEGImages/2008_006076.jpg 100,228,343,375,8 139,44,337,375,19
/media/xinje/New Volume/VOC07&12/VOC2012/JPEGImages/2008_006111.jpg 388,1,413,64,5 417,1,446,75,5 446,1,477,80,5 121,78,150,183,5 110,86,214,159,8 270,130,442,371,8 358,189,500,375,8
/media/xinje/New Volume/VOC07&12/VOC2012/JPEGImages/2008_006133.jpg 139,230,218,397,8 91,206,149,248,8 65,261,124,360,8 242,211,262,339,8 82,236,216,380,20 346,336,369,444,8
/media/xinje/New Volume/VOC07&12/VOC2012/JPEGImages/2008_006258.jpg 106,16,441,375,8
/media/xinje/New Volume/VOC07&12/VOC2012/JPEGImages/2008_006271.jpg 21,168,118,256,17 231,220,301,281,17 133,218,197,276,17 121,258,226,375,8
/media/xinje/New Volume/VOC07&12/VOC2012/JPEGImages/2008_006300.jpg 154,248,198,349,8 197,249,235,350,8 236,249,274,349,8 281,249,318,351,8 321,248,359,352,8 360,248,407,352,8 404,248,449,354,8 446,246,496,352,8
/media/xinje/New Volume/VOC07&12/VOC2012/JPEGImages/2008_006350.jpg 105,1,395,375,8
/media/xinje/New Volume/VOC07&12/VOC2012/JPEGImages/2008_006387.jpg 1,210,81,375,15 346,109,500,270,8
/media/xinje/New Volume/VOC07&12/VOC2012/JPEGImages/2008_006470.jpg 83,13,427,347,8
/media/xinje/New Volume/VOC07&12/VOC2012/JPEGImages/2008_006606.jpg 392,232,492,333,8 221,188,294,313,8 102,203,187,333,8 366,162,430,230,17 240,152,284,188,17 108,153,182,210,17
/media/xinje/New Volume/VOC07&12/VOC2012/JPEGImages/2008_006624.jpg 90,250,165,312,17 172,313,318,470,8 144,329,193,403,8 220,243,264,308,13
/media/xinje/New Volume/VOC07&12/VOC2012/JPEGImages/2008_006691.jpg 1,281,295,479,7 324,300,367,364,8
/media/xinje/New Volume/VOC07&12/VOC2012/JPEGImages/2008_006712.jpg 33,293,251,481,8 221,420,243,466,5 246,205,267,259,5
/media/xinje/New Volume/VOC07&12/VOC2012/JPEGImages/2008_006719.jpg 59,192,244,375,8 260,239,500,375,15 425,164,500,246,8 172,120,235,173,17 65,82,75,113,5
/media/xinje/New Volume/VOC07&12/VOC2012/JPEGImages/2008_006733.jpg 217,29,352,152,17 353,79,411,221,17 439,114,500,274,17 131,74,324,339,19 79,181,262,339,8
/media/xinje/New Volume/VOC07&12/VOC2012/JPEGImages/2008_006808.jpg 229,249,354,377,8 358,263,438,377,8 425,220,478,271,8 256,253,500,377,20 87,229,122,308,10 458,281,474,334,5 172,176,179,195,5 140,176,148,196,5
/media/xinje/New Volume/VOC07&12/VOC2012/JPEGImages/2008_006834.jpg 10,104,327,368,8 49,99,250,375,19 136,82,438,375,19
/media/xinje/New Volume/VOC07&12/VOC2012/JPEGImages/2008_006847.jpg 195,225,300,432,19 40,129,185,425,19 139,267,375,500,8 1,264,170,500,8
/media/xinje/New Volume/VOC07&12/VOC2012/JPEGImages/2008_007030.jpg 12,160,64,279,8 206,107,464,375,8
/media/xinje/New Volume/VOC07&12/VOC2012/JPEGImages/2008_007061.jpg 120,65,327,320,8 154,69,316,375,19
/media/xinje/New Volume/VOC07&12/VOC2012/JPEGImages/2008_007085.jpg 21,106,353,309,18 1,206,500,492,8
/media/xinje/New Volume/VOC07&12/VOC2012/JPEGImages/2008_007097.jpg 266,72,311,106,17 353,112,364,147,5 363,123,373,148,5 370,112,380,144,5 379,114,390,148,5 393,121,401,149,5 400,124,407,147,5 430,121,441,148,5 440,125,446,148,5 424,121,431,147,5 420,122,425,145,5 407,120,413,140,5 413,123,419,146,5 445,78,455,106,5 250,198,303,310,8 125,273,204,337,8 108,293,224,339,8 324,239,442,360,8 465,279,480,344,20 209,228,325,360,20 45,325,269,360,20 127,180,278,360,19 223,159,391,344,19
/media/xinje/New Volume/VOC07&12/VOC2012/JPEGImages/2008_007169.jpg 157,331,329,475,10 36,109,174,373,19 177,122,249,295,19 182,172,191,187,5 160,203,375,320,15 1,180,50,263,8 1,314,307,500,8
/media/xinje/New Volume/VOC07&12/VOC2012/JPEGImages/2008_007223.jpg 265,193,390,363,13 144,194,297,375,8 1,242,180,375,20 141,130,341,375,19
/media/xinje/New Volume/VOC07&12/VOC2012/JPEGImages/2008_007246.jpg 35,191,149,274,17 242,179,346,264,17 188,161,250,219,17 63,166,130,200,17 67,155,115,171,17 69,144,106,159,17 128,139,165,172,17 157,152,202,192,17 259,142,294,170,17 306,145,353,180,17 367,150,435,195,17 429,140,473,170,17 443,148,500,189,17 311,142,350,151,17 362,138,399,164,17 20,266,153,333,8 259,249,367,333,8 397,182,472,296,8 260,124,292,148,17 283,129,315,152,17
/media/xinje/New Volume/VOC07&12/VOC2012/JPEGImages/2008_007281.jpg 298,136,406,278,8 62,149,261,341,15 398,145,428,230,17 127,145,342,328,19 356,50,475,138,13 248,69,291,96,13 199,151,210,181,5
/media/xinje/New Volume/VOC07&12/VOC2012/JPEGImages/2008_007291.jpg 80,186,312,342,20 293,234,446,342,8 1,196,124,342,8 9,111,139,334,19 149,99,240,193,19 244,92,354,259,19 192,127,437,342,19
/media/xinje/New Volume/VOC07&12/VOC2012/JPEGImages/2008_007298.jpg 1,379,178,500,8
/media/xinje/New Volume/VOC07&12/VOC2012/JPEGImages/2008_007307.jpg 184,221,333,497,8 254,279,333,345,20
/media/xinje/New Volume/VOC07&12/VOC2012/JPEGImages/2008_007335.jpg 244,203,342,360,8 61,199,167,375,8 81,260,207,375,8
/media/xinje/New Volume/VOC07&12/VOC2012/JPEGImages/2008_007361.jpg 403,262,423,298,5 264,152,362,370,8 209,144,238,209,5 37,50,116,105,17
/media/xinje/New Volume/VOC07&12/VOC2012/JPEGImages/2008_007363.jpg 93,105,349,323,18 1,1,500,375,8
/media/xinje/New Volume/VOC07&12/VOC2012/JPEGImages/2008_007388.jpg 182,24,276,139,13 410,182,462,227,13 114,155,140,186,8 182,151,223,212,8 139,233,187,282,8 75,220,130,279,8 251,198,298,250,8 310,240,344,305,8 207,288,265,343,8 267,318,315,345,8 322,359,358,375,8 114,167,184,238,20 244,244,321,322,20
/media/xinje/New Volume/VOC07&12/VOC2012/JPEGImages/2008_007438.jpg 125,237,232,375,8 231,234,343,375,8 359,207,403,294,8 1,227,90,375,8 36,228,387,375,20 45,116,63,147,5 44,71,55,103,5 35,72,46,103,5
/media/xinje/New Volume/VOC07&12/VOC2012/JPEGImages/2008_007691.jpg 35,1,375,500,8
/media/xinje/New Volume/VOC07&12/VOC2012/JPEGImages/2008_007692.jpg 450,144,475,167,8 453,150,469,168,8 462,163,500,257,8 400,163,424,197,8 435,182,486,280,8 475,205,500,222,8 368,195,453,316,8 375,234,489,375,8 323,191,388,324,8 327,222,395,350,8 380,239,500,375,8 355,328,385,375,8 202,366,290,375,8 11,366,65,375,8 461,152,500,225,20 416,167,500,264,20 332,202,479,350,20 63,269,303,375,20 213,160,354,375,19 336,245,348,275,8 203,69,267,220,19
/media/xinje/New Volume/VOC07&12/VOC2012/JPEGImages/2008_007742.jpg 263,158,399,374,8 1,43,148,374,19 334,58,500,374,19
/media/xinje/New Volume/VOC07&12/VOC2012/JPEGImages/2008_007780.jpg 86,200,196,343,8 350,193,458,329,8
/media/xinje/New Volume/VOC07&12/VOC2012/JPEGImages/2008_007843.jpg 1,1,202,228,8 182,1,330,147,8 144,134,368,328,19 62,106,239,355,19 263,236,306,271,5 164,225,189,261,5
/media/xinje/New Volume/VOC07&12/VOC2012/JPEGImages/2008_007941.jpg 116,21,265,259,18 1,1,361,300,8 106,1,286,65,8 286,1,400,203,20
/media/xinje/New Volume/VOC07&12/VOC2012/JPEGImages/2008_007988.jpg 51,23,292,500,8
/media/xinje/New Volume/VOC07&12/VOC2012/JPEGImages/2008_008070.jpg 345,86,392,189,8 425,156,500,336,8 1,156,39,275,8 53,99,105,184,8 185,60,272,122,8 1,104,500,375,20 352,1,500,190,13 172,95,272,194,13
/media/xinje/New Volume/VOC07&12/VOC2012/JPEGImages/2008_008098.jpg 1,105,500,306,20 322,18,500,365,19 119,81,381,375,19 93,37,209,110,8 247,38,363,116,8 37,131,213,306,8 275,141,420,316,8
/media/xinje/New Volume/VOC07&12/VOC2012/JPEGImages/2008_008176.jpg 1,259,294,404,20 34,260,130,433,8 132,261,223,434,8 69,226,125,260,8 132,223,194,262,8 237,310,291,404,8
/media/xinje/New Volume/VOC07&12/VOC2012/JPEGImages/2008_008330.jpg 169,258,223,390,5 234,296,289,395,5 217,129,356,229,20 231,142,314,231,8 188,129,252,212,8 316,152,372,222,8 160,27,249,218,13
/media/xinje/New Volume/VOC07&12/VOC2012/JPEGImages/2008_008363.jpg 159,253,266,375,8 226,199,291,307,8 215,214,259,263,8 62,236,159,375,8 53,207,98,318,8 132,169,227,264,13 79,239,257,375,20
/media/xinje/New Volume/VOC07&12/VOC2012/JPEGImages/2008_008402.jpg 238,157,500,377,15 361,167,417,226,8 259,179,370,271,8 266,154,337,212,8 61,155,161,325,8 142,165,262,366,8 1,162,113,377,8 47,191,196,375,20 310,158,333,181,13
/media/xinje/New Volume/VOC07&12/VOC2012/JPEGImages/2008_008589.jpg 56,52,297,448,8
/media/xinje/New Volume/VOC07&12/VOC2012/JPEGImages/2008_008593.jpg 1,52,264,309,15 194,53,366,241,8 93,18,241,238,19 48,154,375,500,19
/media/xinje/New Volume/VOC07&12/VOC2012/JPEGImages/2008_008649.jpg 223,79,291,143,17 347,15,396,93,19 296,192,500,375,15 1,231,159,371,15 141,117,219,210,8
/media/xinje/New Volume/VOC07&12/VOC2012/JPEGImages/2008_008694.jpg 21,16,276,318,8 369,119,479,333,5
/media/xinje/New Volume/VOC07&12/VOC2012/JPEGImages/2009_000010.jpg 36,153,124,241,17 72,205,164,286,8 157,57,346,267,19
/media/xinje/New Volume/VOC07&12/VOC2012/JPEGImages/2009_000014.jpg 342,105,448,209,17 106,174,214,298,8 1,262,82,373,15
/media/xinje/New Volume/VOC07&12/VOC2012/JPEGImages/2009_000028.jpg 399,154,468,226,8 312,150,382,222,8 227,152,295,221,8 147,150,213,220,8
/media/xinje/New Volume/VOC07&12/VOC2012/JPEGImages/2009_000056.jpg 317,357,363,482,19 265,371,302,477,19 197,362,235,487,19 246,367,272,441,19 98,391,141,472,19 121,423,162,474,8
/media/xinje/New Volume/VOC07&12/VOC2012/JPEGImages/2009_000059.jpg 122,72,357,302,19 1,12,500,335,8
/media/xinje/New Volume/VOC07&12/VOC2012/JPEGImages/2009_000082.jpg 315,80,469,315,8 164,86,299,314,8 27,73,165,316,8
/media/xinje/New Volume/VOC07&12/VOC2012/JPEGImages/2009_000109.jpg 39,35,448,375,20 38,88,147,344,8 187,186,397,375,8 319,123,500,374,8 115,30,215,60,8
/media/xinje/New Volume/VOC07&12/VOC2012/JPEGImages/2009_000164.jpg 188,166,310,361,19 133,89,351,375,19 224,213,447,375,8 2,91,108,218,20 57,76,113,193,8 2,113,44,204,8 1,73,16,95,8 88,67,106,89,8 36,71,67,108,13
/media/xinje/New Volume/VOC07&12/VOC2012/JPEGImages/2009_000188.jpg 89,261,367,500,20 192,270,357,497,8 89,241,242,469,8 116,226,184,273,8 231,231,329,442,8
/media/xinje/New Volume/VOC07&12/VOC2012/JPEGImages/2009_000209.jpg 115,209,315,475,8
/media/xinje/New Volume/VOC07&12/VOC2012/JPEGImages/2009_000232.jpg 42,37,281,500,10 1,101,53,276,8
/media/xinje/New Volume/VOC07&12/VOC2012/JPEGImages/2009_000251.jpg 231,200,479,375,15 29,162,171,295,8 382,72,448,121,13
/media/xinje/New Volume/VOC07&12/VOC2012/JPEGImages/2009_000439.jpg 330,161,360,194,13 259,170,341,279,8 57,195,108,288,17
/media/xinje/New Volume/VOC07&12/VOC2012/JPEGImages/2009_000567.jpg 1,5,333,500,8
/media/xinje/New Volume/VOC07&12/VOC2012/JPEGImages/2009_000577.jpg 173,129,419,230,15 289,172,355,210,10 236,183,420,367,19 172,295,418,375,8 1,302,141,375,8 41,216,150,329,10 222,118,292,215,19 227,186,242,216,5 137,117,183,216,8 1,207,60,316,19
/media/xinje/New Volume/VOC07&12/VOC2012/JPEGImages/2009_000604.jpg 11,1,168,168,8 1,125,202,367,8 254,114,476,264,19
/media/xinje/New Volume/VOC07&12/VOC2012/JPEGImages/2009_000629.jpg 19,66,83,120,17 179,121,272,245,17 140,113,219,222,17 263,81,288,163,17 286,90,342,171,17 339,159,470,358,8 231,239,383,375,8 78,171,178,300,8
/media/xinje/New Volume/VOC07&12/VOC2012/JPEGImages/2009_000655.jpg 75,221,209,407,8 194,213,329,386,8 215,201,295,329,8 100,207,209,360,8 84,216,310,405,20
/media/xinje/New Volume/VOC07&12/VOC2012/JPEGImages/2009_000672.jpg 359,118,500,184,15 1,200,58,235,8 1,224,126,375,8 12,135,495,321,15 337,316,487,375,8
/media/xinje/New Volume/VOC07&12/VOC2012/JPEGImages/2009_000722.jpg 125,186,178,232,17 68,257,140,365,8 337,236,375,283,13 179,199,219,241,13 235,232,251,252,13
/media/xinje/New Volume/VOC07&12/VOC2012/JPEGImages/2009_000794.jpg 42,49,319,482,8
/media/xinje/New Volume/VOC07&12/VOC2012/JPEGImages/2009_000816.jpg 191,164,247,259,8 98,182,182,295,8
/media/xinje/New Volume/VOC07&12/VOC2012/JPEGImages/2009_000834.jpg 1,239,500,333,20 184,97,316,248,19 450,1,500,207,19 1,196,123,247,8 141,196,325,238,8
/media/xinje/New Volume/VOC07&12/VOC2012/JPEGImages/2009_000969.jpg 64,174,78,196,8 12,175,28,194,8 1,360,333,500,20 14,70,263,384,19
/media/xinje/New Volume/VOC07&12/VOC2012/JPEGImages/2009_000973.jpg 153,77,402,316,15 158,14,264,114,8
/media/xinje/New Volume/VOC07&12/VOC2012/JPEGImages/2009_000980.jpg 1,211,103,375,8 79,196,157,375,8 181,195,275,357,8 250,205,365,324,8 249,234,387,375,8 144,273,280,375,8 1,234,316,362,20
/media/xinje/New Volume/VOC07&12/VOC2012/JPEGImages/2009_001009.jpg 463,200,500,260,8 362,144,417,236,8 438,144,498,232,8 375,160,500,263,20
/media/xinje/New Volume/VOC07&12/VOC2012/JPEGImages/2009_001012.jpg 1,1,377,419,8
/media/xinje/New Volume/VOC07&12/VOC2012/JPEGImages/2009_001070.jpg 93,71,318,500,8
/media/xinje/New Volume/VOC07&12/VOC2012/JPEGImages/2009_001085.jpg 53,58,248,306,8 90,53,208,246,13
/media/xinje/New Volume/VOC07&12/VOC2012/JPEGImages/2009_001095.jpg 1,174,39,238,8 33,149,97,219,8 184,134,259,187,8 265,140,345,194,8 1,353,214,500,8 337,179,375,372,8 265,213,364,500,8 1,172,365,500,20
/media/xinje/New Volume/VOC07&12/VOC2012/JPEGImages/2009_001105.jpg 81,48,243,109,8 288,46,443,104,8 1,112,500,335,20
/media/xinje/New Volume/VOC07&12/VOC2012/JPEGImages/2009_001154.jpg 159,289,199,411,5 2,42,296,411,19 2,187,81,370,8
/media/xinje/New Volume/VOC07&12/VOC2012/JPEGImages/2009_001217.jpg 2,82,500,334,20 382,264,500,334,8
/media/xinje/New Volume/VOC07&12/VOC2012/JPEGImages/2009_001285.jpg 27,24,484,346,8
/media/xinje/New Volume/VOC07&12/VOC2012/JPEGImages/2009_001303.jpg 272,193,302,227,20 249,183,279,229,8 293,185,317,226,8 254,201,382,333,8 65,200,193,304,8 18,207,76,284,13
/media/xinje/New Volume/VOC07&12/VOC2012/JPEGImages/2009_001308.jpg 217,29,254,85,8 122,16,198,86,8 282,23,341,81,8 43,29,96,82,8 87,83,278,420,8 2,133,109,261,8 2,81,89,172,8
/media/xinje/New Volume/VOC07&12/VOC2012/JPEGImages/2009_001327.jpg 105,211,313,333,20 108,136,190,333,8 181,3,353,333,8 234,163,283,219,13
/media/xinje/New Volume/VOC07&12/VOC2012/JPEGImages/2009_001357.jpg 274,155,338,239,17 1,178,100,260,15 94,183,210,294,8 126,209,239,390,8
/media/xinje/New Volume/VOC07&12/VOC2012/JPEGImages/2009_001434.jpg 1,277,41,326,20 3,265,66,366,8 445,322,500,366,8 454,272,500,328,8 402,253,499,351,20 364,245,417,350,8 289,246,325,274,8 302,261,371,366,8 208,253,248,361,8 233,272,306,366,8 230,254,361,366,20 106,190,129,229,8 135,195,172,246,8 145,171,181,232,19 162,171,180,200,19 300,154,324,183,19 343,162,369,182,19
/media/xinje/New Volume/VOC07&12/VOC2012/JPEGImages/2009_001462.jpg 249,230,500,375,8
/media/xinje/New Volume/VOC07&12/VOC2012/JPEGImages/2009_001493.jpg 136,61,474,229,16 1,143,75,333,8
/media/xinje/New Volume/VOC07&12/VOC2012/JPEGImages/2009_001507.jpg 109,54,488,236,10 1,1,500,274,8
/media/xinje/New Volume/VOC07&12/VOC2012/JPEGImages/2009_001598.jpg 46,313,177,461,8
/media/xinje/New Volume/VOC07&12/VOC2012/JPEGImages/2009_001608.jpg 6,151,198,243,20 239,147,285,221,8 42,163,104,254,8 106,163,156,253,8 161,147,217,239,8 1,157,51,241,8 1,360,274,500,15 285,148,330,229,17 89,77,121,104,19
/media/xinje/New Volume/VOC07&12/VOC2012/JPEGImages/2009_001611.jpg 64,188,270,375,8 24,86,236,375,19 277,76,500,375,19 297,154,498,375,10
/media/xinje/New Volume/VOC07&12/VOC2012/JPEGImages/2009_001670.jpg 17,105,458,375,20 322,32,426,128,8 58,38,155,153,8 361,121,500,375,8 1,229,140,375,8 26,43,72,102,13
/media/xinje/New Volume/VOC07&12/VOC2012/JPEGImages/2009_001676.jpg 22,55,307,469,8
/media/xinje/New Volume/VOC07&12/VOC2012/JPEGImages/2009_001800.jpg 1,1,500,333,20 20,1,164,168,8 214,1,310,30,8 17,1,130,95,8
/media/xinje/New Volume/VOC07&12/VOC2012/JPEGImages/2009_001806.jpg 1,71,229,375,8 273,1,500,375,13
/media/xinje/New Volume/VOC07&12/VOC2012/JPEGImages/2009_001817.jpg 121,298,181,411,8
/media/xinje/New Volume/VOC07&12/VOC2012/JPEGImages/2009_001825.jpg 211,112,265,145,8 208,329,332,500,8 9,159,209,473,8 84,134,131,242,8 116,116,151,205,8 104,143,332,460,20
/media/xinje/New Volume/VOC07&12/VOC2012/JPEGImages/2009_001846.jpg 26,35,467,375,8 61,105,232,375,19 78,43,421,375,19 237,97,411,348,19 196,138,323,347,19
/media/xinje/New Volume/VOC07&12/VOC2012/JPEGImages/2009_001856.jpg 161,339,247,468,19 34,375,112,485,8 146,378,214,459,8 83,392,171,474,8 1,380,67,500,8
/media/xinje/New Volume/VOC07&12/VOC2012/JPEGImages/2009_001871.jpg 1,65,292,263,15 371,176,500,373,8 118,98,288,342,8 369,45,454,114,8 144,83,500,350,20 411,146,500,305,8
/media/xinje/New Volume/VOC07&12/VOC2012/JPEGImages/2009_001874.jpg 1,158,75,319,8 158,251,500,375,15 400,89,497,165,17
/media/xinje/New Volume/VOC07&12/VOC2012/JPEGImages/2009_001875.jpg 197,9,378,165,17 1,120,500,333,19 396,23,500,139,8
/media/xinje/New Volume/VOC07&12/VOC2012/JPEGImages/2009_001922.jpg 1,329,333,500,20 26,239,156,398,13 139,284,249,345,8 1,429,95,500,8
/media/xinje/New Volume/VOC07&12/VOC2012/JPEGImages/2009_001960.jpg 120,25,451,269,10 2,31,500,375,8 304,8,331,66,5 329,5,348,68,5
/media/xinje/New Volume/VOC07&12/VOC2012/JPEGImages/2009_002044.jpg 399,20,422,39,7 348,73,397,105,8 242,78,274,136,8 199,86,241,162,8 154,104,195,196,8 80,129,146,223,8 3,164,51,296,8 394,92,484,187,8 394,111,490,211,8 370,132,484,275,8 330,171,483,367,8 279,248,472,374,8 2,105,423,373,20
/media/xinje/New Volume/VOC07&12/VOC2012/JPEGImages/2009_002064.jpg 45,80,240,236,8
/media/xinje/New Volume/VOC07&12/VOC2012/JPEGImages/2009_002088.jpg 169,152,379,375,20 336,217,463,375,19 456,318,500,375,8 75,255,105,375,8 115,158,192,274,19 42,115,103,309,19 162,153,220,264,19 293,175,399,324,19 288,162,361,238,19 312,143,337,203,19 192,144,226,203,19 296,148,322,213,19 187,117,217,155,19 297,134,315,151,19 287,126,305,175,19 277,124,287,158,19 445,260,485,375,8 228,136,238,152,19 213,136,230,148,19 101,200,252,375,19 31,142,112,266,13
/media/xinje/New Volume/VOC07&12/VOC2012/JPEGImages/2009_002098.jpg 285,202,342,262,20 264,203,300,261,8 325,206,358,264,8 264,198,297,246,8 99,196,222,245,20 159,204,200,255,8 120,200,156,242,8 194,193,219,246,8 150,193,174,202,8 114,191,135,197,8 350,177,379,205,19 334,177,373,201,8
/media/xinje/New Volume/VOC07&12/VOC2012/JPEGImages/2009_002107.jpg 330,336,500,375,20 3,67,335,375,19 333,268,445,340,8
/media/xinje/New Volume/VOC07&12/VOC2012/JPEGImages/2009_002236.jpg 253,231,421,375,8 361,289,500,375,8
/media/xinje/New Volume/VOC07&12/VOC2012/JPEGImages/2009_002297.jpg 113,13,248,463,19 189,117,252,212,8
/media/xinje/New Volume/VOC07&12/VOC2012/JPEGImages/2009_002301.jpg 79,13,303,432,8
/media/xinje/New Volume/VOC07&12/VOC2012/JPEGImages/2009_002331.jpg 14,154,34,180,17 55,152,82,178,17 57,180,104,244,8 114,174,156,229,8 107,144,130,179,19 113,145,154,196,19 168,149,218,185,19 168,159,223,258,19 163,195,217,279,8 266,163,299,192,17 245,158,261,190,17 341,160,380,195,17 337,163,409,285,19 360,200,436,318,8 409,151,476,273,19 439,192,493,277,8 374,143,397,169,19 57,150,86,224,19
/media/xinje/New Volume/VOC07&12/VOC2012/JPEGImages/2009_002362.jpg 190,356,296,500,13 233,317,375,500,8
/media/xinje/New Volume/VOC07&12/VOC2012/JPEGImages/2009_002377.jpg 384,93,398,135,19 404,71,491,149,16 366,116,380,133,8
/media/xinje/New Volume/VOC07&12/VOC2012/JPEGImages/2009_002409.jpg 311,16,495,213,17 2,151,58,313,8
/media/xinje/New Volume/VOC07&12/VOC2012/JPEGImages/2009_002443.jpg 1,23,421,333,20 369,220,500,333,8 357,84,446,184,8 252,1,343,73,8 134,1,260,48,8 1,115,45,263,8 410,88,500,203,19 314,1,479,110,19
/media/xinje/New Volume/VOC07&12/VOC2012/JPEGImages/2009_002452.jpg 109,220,233,445,8 49,244,289,422,20 249,221,283,407,8 42,221,90,408,8 66,221,92,253,8
/media/xinje/New Volume/VOC07&12/VOC2012/JPEGImages/2009_002523.jpg 318,217,451,366,8 252,199,279,265,8 231,190,292,276,8 142,193,184,211,8 63,208,283,375,15 101,169,134,214,8
/media/xinje/New Volume/VOC07&12/VOC2012/JPEGImages/2009_002556.jpg 252,50,373,375,19 136,59,249,375,19 88,235,152,346,8 43,243,99,348,8
/media/xinje/New Volume/VOC07&12/VOC2012/JPEGImages/2009_002558.jpg 133,203,207,295,8 216,204,421,331,15 390,253,500,334,8
/media/xinje/New Volume/VOC07&12/VOC2012/JPEGImages/2009_002585.jpg 32,71,276,436,8
/media/xinje/New Volume/VOC07&12/VOC2012/JPEGImages/2009_002612.jpg 217,202,434,362,15 1,408,163,500,15 74,213,178,325,20 162,198,229,327,8 44,206,141,328,8 110,190,175,305,8 46,193,129,309,8
/media/xinje/New Volume/VOC07&12/VOC2012/JPEGImages/2009_002613.jpg 50,49,440,357,20 42,15,145,175,8 9,58,167,321,8 79,81,255,380,8 200,8,307,214,8 275,17,389,267,8 312,74,493,380,8
/media/xinje/New Volume/VOC07&12/VOC2012/JPEGImages/2009_002652.jpg 120,37,355,227,17 71,294,330,333,8
/media/xinje/New Volume/VOC07&12/VOC2012/JPEGImages/2009_002688.jpg 471,66,500,136,13 220,78,261,130,13 139,202,208,236,5 421,241,500,376,8 300,186,393,249,8 211,179,292,235,8 54,216,182,376,8 175,231,330,376,8 46,223,460,376,20
/media/xinje/New Volume/VOC07&12/VOC2012/JPEGImages/2009_002710.jpg 408,52,473,102,8 76,81,169,146,8 130,70,208,132,8 5,69,231,375,19
/media/xinje/New Volume/VOC07&12/VOC2012/JPEGImages/2009_002827.jpg 155,154,336,375,19 411,155,472,322,17 66,209,172,375,8
/media/xinje/New Volume/VOC07&12/VOC2012/JPEGImages/2009_002842.jpg 1,28,500,375,8
/media/xinje/New Volume/VOC07&12/VOC2012/JPEGImages/2009_002844.jpg 71,74,190,188,8 145,117,213,174,8 341,188,477,374,8 1,290,161,374,8 25,142,467,374,20
/media/xinje/New Volume/VOC07&12/VOC2012/JPEGImages/2009_002932.jpg 178,103,278,358,19 273,88,367,355,19 35,196,104,267,17 343,228,399,330,8 241,221,290,327,8
/media/xinje/New Volume/VOC07&12/VOC2012/JPEGImages/2009_002952.jpg 246,186,308,305,8 1,257,105,375,20 1,284,76,375,8 33,241,105,372,8 330,96,363,207,13 453,170,477,235,13 434,132,461,229,13 346,171,395,236,13 395,163,411,221,13 411,187,434,225,13
/media/xinje/New Volume/VOC07&12/VOC2012/JPEGImages/2009_003078.jpg 15,111,119,192,17 153,149,318,375,8 314,132,467,367,8 259,109,328,168,8 83,119,222,310,8 139,165,387,375,20
/media/xinje/New Volume/VOC07&12/VOC2012/JPEGImages/2009_003116.jpg 130,161,475,465,8 142,21,376,463,19
/media/xinje/New Volume/VOC07&12/VOC2012/JPEGImages/2009_003157.jpg 18,197,124,318,8 1,331,105,500,8 152,156,187,188,17 254,176,327,256,15
/media/xinje/New Volume/VOC07&12/VOC2012/JPEGImages/2009_003253.jpg 11,139,211,487,8 212,109,339,353,8 187,184,375,487,20
/media/xinje/New Volume/VOC07&12/VOC2012/JPEGImages/2009_003265.jpg 140,202,357,333,20 118,251,256,333,8 441,262,500,333,8 443,199,471,279,8 253,169,271,233,5 222,33,421,217,19 222,109,301,164,17 287,127,449,333,19 26,59,173,333,19 133,107,227,222,19 225,173,243,201,5 5,193,31,297,8
/media/xinje/New Volume/VOC07&12/VOC2012/JPEGImages/2009_003272.jpg 60,265,334,500,8 317,205,375,500,8 153,338,270,450,18 26,63,334,500,19
/media/xinje/New Volume/VOC07&12/VOC2012/JPEGImages/2009_003317.jpg 312,106,461,315,8 289,129,495,326,8 59,103,188,318,8 7,125,215,326,8 96,96,402,326,20
/media/xinje/New Volume/VOC07&12/VOC2012/JPEGImages/2009_003326.jpg 112,227,171,304,8 265,139,298,191,13 294,160,322,189,13
/media/xinje/New Volume/VOC07&12/VOC2012/JPEGImages/2009_003327.jpg 44,50,432,482,8
/media/xinje/New Volume/VOC07&12/VOC2012/JPEGImages/2009_003352.jpg 1,106,79,237,8 72,106,179,241,8 174,104,272,240,8 346,105,450,241,8 452,101,500,239,8
/media/xinje/New Volume/VOC07&12/VOC2012/JPEGImages/2009_003520.jpg 179,177,364,333,20 153,172,247,326,8 205,160,249,179,8 282,164,313,190,8 281,170,344,304,8 370,172,451,276,8
/media/xinje/New Volume/VOC07&12/VOC2012/JPEGImages/2009_003545.jpg 126,198,500,375,20 356,274,500,375,8 136,228,303,375,8 156,186,237,222,8 247,177,311,216,8 425,185,500,230,8 432,164,500,198,15
/media/xinje/New Volume/VOC07&12/VOC2012/JPEGImages/2009_003577.jpg 1,231,429,375,20 91,62,261,257,19 263,72,457,314,19 79,149,273,242,8 394,166,461,375,8 459,142,500,194,8 432,60,500,169,19 454,94,500,169,19 369,98,390,118,19 344,89,361,130,19 364,131,395,163,20 397,125,410,159,20 402,119,415,148,20
/media/xinje/New Volume/VOC07&12/VOC2012/JPEGImages/2009_003654.jpg 1,31,293,372,20 166,85,377,221,18 159,1,475,375,8 283,1,489,352,8 1,158,67,291,8 144,110,219,204,13 444,96,465,132,13 466,107,490,147,13
/media/xinje/New Volume/VOC07&12/VOC2012/JPEGImages/2009_003668.jpg 67,31,280,482,19 68,149,314,490,8
/media/xinje/New Volume/VOC07&12/VOC2012/JPEGImages/2009_003677.jpg 134,238,227,405,10 77,161,313,500,8 243,293,261,318,3 1,115,80,320,13
/media/xinje/New Volume/VOC07&12/VOC2012/JPEGImages/2009_003694.jpg 47,38,286,434,8
/media/xinje/New Volume/VOC07&12/VOC2012/JPEGImages/2009_003695.jpg 340,256,464,375,8 383,214,444,281,17 79,164,366,294,15
/media/xinje/New Volume/VOC07&12/VOC2012/JPEGImages/2009_003720.jpg 283,96,357,177,17 274,86,447,321,19 186,214,232,333,5 25,187,180,303,8 42,85,172,303,19
/media/xinje/New Volume/VOC07&12/VOC2012/JPEGImages/2009_003722.jpg 215,46,376,363,19 33,71,458,340,12 280,41,303,70,8 1,1,292,181,7
/media/xinje/New Volume/VOC07&12/VOC2012/JPEGImages/2009_003752.jpg 47,108,69,187,19 31,112,49,183,19 323,111,346,198,19 53,191,193,416,8 66,187,161,329,8 76,182,146,235,8 124,187,348,493,20 305,171,319,197,13
/media/xinje/New Volume/VOC07&12/VOC2012/JPEGImages/2009_003818.jpg 172,1,325,375,5 14,314,500,375,20 320,219,390,326,8
/media/xinje/New Volume/VOC07&12/VOC2012/JPEGImages/2009_003888.jpg 189,199,379,375,20 447,153,500,335,19 239,94,379,375,19 236,162,418,375,8 1,90,253,375,19 209,1,268,114,13 91,37,121,136,5 71,55,100,139,5 26,61,52,148,5 17,27,49,105,5 64,54,73,83,5 64,36,78,77,5 75,34,90,72,5 100,29,124,120,5
/media/xinje/New Volume/VOC07&12/VOC2012/JPEGImages/2009_003920.jpg 71,1,266,177,17 1,33,500,333,8 76,130,313,333,19
/media/xinje/New Volume/VOC07&12/VOC2012/JPEGImages/2009_003961.jpg 96,277,255,421,20 82,274,171,402,8 154,279,251,416,8 133,188,187,259,13 118,263,196,392,8 182,268,260,395,8
/media/xinje/New Volume/VOC07&12/VOC2012/JPEGImages/2009_003966.jpg 1,157,369,375,15 73,82,304,218,15 17,53,140,120,20 86,50,135,114,8 26,51,71,128,8 5,40,30,90,8 124,46,155,86,8 96,41,121,58,8 46,20,79,52,13
/media/xinje/New Volume/VOC07&12/VOC2012/JPEGImages/2009_004002.jpg 55,127,240,380,8 267,163,489,411,8 300,94,486,317,8 127,78,262,226,8
/media/xinje/New Volume/VOC07&12/VOC2012/JPEGImages/2009_004005.jpg 90,74,282,304,8
/media/xinje/New Volume/VOC07&12/VOC2012/JPEGImages/2009_004025.jpg 189,146,299,285,8 397,143,500,302,8 26,237,146,334,13
/media/xinje/New Volume/VOC07&12/VOC2012/JPEGImages/2009_004042.jpg 389,1,468,154,19 373,1,410,93,19 309,92,394,153,8 375,201,500,371,8 94,174,309,375,8 1,161,130,375,8 103,2,163,141,19 91,1,116,50,19 1,18,50,156,19 174,85,245,145,8 1,141,490,375,20
/media/xinje/New Volume/VOC07&12/VOC2012/JPEGImages/2009_004088.jpg 81,61,341,347,8 330,48,500,251,15
/media/xinje/New Volume/VOC07&12/VOC2012/JPEGImages/2009_004091.jpg 76,101,376,333,15 339,71,422,207,8
/media/xinje/New Volume/VOC07&12/VOC2012/JPEGImages/2009_004094.jpg 68,141,187,333,19 210,2,366,225,19 1,77,136,325,8 243,18,322,98,8 1,24,262,212,20
/media/xinje/New Volume/VOC07&12/VOC2012/JPEGImages/2009_004154.jpg 9,88,26,124,5 12,135,81,285,8 1,99,123,150,20 205,10,265,179,19 397,82,426,152,8 423,101,484,202,8 414,23,470,126,19 426,31,500,165,19 222,303,259,375,5 434,157,489,230,8 49,217,500,375,20 36,49,230,301,19 244,58,399,264,19
/media/xinje/New Volume/VOC07&12/VOC2012/JPEGImages/2009_004165.jpg 36,218,267,334,15 325,208,421,330,8 281,202,360,267,8 357,189,381,236,8 339,157,371,183,17 277,212,309,234,8
/media/xinje/New Volume/VOC07&12/VOC2012/JPEGImages/2009_004168.jpg 346,121,368,145,8 368,120,390,147,8 216,213,270,252,13
/media/xinje/New Volume/VOC07&12/VOC2012/JPEGImages/2009_004179.jpg 204,65,423,283,10 95,25,240,284,19 1,1,48,192,19 462,89,500,204,10 382,71,454,161,8 293,92,356,142,10 226,41,262,75,19 10,14,126,119,7 190,1,345,121,7 344,30,500,134,7 125,22,150,52,7
/media/xinje/New Volume/VOC07&12/VOC2012/JPEGImages/2009_004180.jpg 161,261,500,389,15 1,277,115,412,8 387,375,500,500,15
/media/xinje/New Volume/VOC07&12/VOC2012/JPEGImages/2009_004228.jpg 1,235,424,375,20 395,234,472,375,8 135,78,329,246,19 253,5,302,50,13 271,266,297,333,5 300,252,326,316,5 163,220,248,251,5
/media/xinje/New Volume/VOC07&12/VOC2012/JPEGImages/2009_004229.jpg 97,67,242,196,10 180,137,410,265,10 320,1,500,192,8
/media/xinje/New Volume/VOC07&12/VOC2012/JPEGImages/2009_004244.jpg 209,291,285,413,8 88,304,188,434,8
/media/xinje/New Volume/VOC07&12/VOC2012/JPEGImages/2009_004312.jpg 295,150,454,345,8 125,140,275,336,8 1,136,134,307,8 389,163,500,323,8 129,91,151,154,5 297,76,310,120,5 22,147,500,312,20
/media/xinje/New Volume/VOC07&12/VOC2012/JPEGImages/2009_004426.jpg 1,183,337,375,20 1,165,57,375,8 309,108,346,341,8 242,115,290,186,8 86,108,144,221,8 1,111,79,250,8 350,131,458,230,15 296,121,393,180,15 200,121,243,178,8 401,97,467,206,13
/media/xinje/New Volume/VOC07&12/VOC2012/JPEGImages/2009_004429.jpg 109,200,500,375,20 1,259,197,375,8 1,211,187,375,8 39,120,218,375,19 105,93,208,225,19 264,110,361,226,19 349,160,384,193,8 433,173,500,375,8 357,109,453,252,19
/media/xinje/New Volume/VOC07&12/VOC2012/JPEGImages/2009_004445.jpg 124,84,500,375,10 1,1,232,356,8
/media/xinje/New Volume/VOC07&12/VOC2012/JPEGImages/2009_004452.jpg 390,162,500,229,15 298,170,402,332,8 336,209,486,332,8 277,170,348,233,8 207,202,262,300,8
/media/xinje/New Volume/VOC07&12/VOC2012/JPEGImages/2009_004479.jpg 125,55,461,247,10 44,13,500,375,8
/media/xinje/New Volume/VOC07&12/VOC2012/JPEGImages/2009_004501.jpg 179,162,317,307,8
/media/xinje/New Volume/VOC07&12/VOC2012/JPEGImages/2009_004514.jpg 105,222,372,375,20 230,253,315,375,8 49,247,174,375,8 352,160,480,375,19 339,165,406,237,19 281,153,345,228,19 197,161,257,225,19 104,169,180,230,19 39,172,140,363,19 81,132,123,188,8 74,178,107,223,8 24,289,81,375,8 1,200,37,281,8 1,208,45,375,19 314,75,435,206,13 34,130,51,156,13
/media/xinje/New Volume/VOC07&12/VOC2012/JPEGImages/2009_004561.jpg 176,150,488,345,2 109,180,168,291,8
/media/xinje/New Volume/VOC07&12/VOC2012/JPEGImages/2009_004562.jpg 145,194,267,375,8 24,211,170,375,8 54,173,111,220,8 1,192,37,253,8 444,91,493,145,13 1,217,219,375,20
/media/xinje/New Volume/VOC07&12/VOC2012/JPEGImages/2009_004631.jpg 218,124,437,332,8 339,34,437,288,13 1,85,56,209,17
/media/xinje/New Volume/VOC07&12/VOC2012/JPEGImages/2009_004674.jpg 1,105,310,314,15 325,84,450,245,8 302,59,415,283,19 132,71,315,288,19 44,78,144,332,19
/media/xinje/New Volume/VOC07&12/VOC2012/JPEGImages/2009_004734.jpg 84,112,500,334,20 58,150,144,334,8 43,104,108,334,8 390,292,500,334,8 416,117,500,247,8 340,83,427,190,8 121,30,221,132,8
/media/xinje/New Volume/VOC07&12/VOC2012/JPEGImages/2009_004737.jpg 72,1,397,375,8
/media/xinje/New Volume/VOC07&12/VOC2012/JPEGImages/2009_004760.jpg 346,137,405,191,17 401,146,450,209,17 345,223,471,375,8 423,217,500,375,8
/media/xinje/New Volume/VOC07&12/VOC2012/JPEGImages/2009_004874.jpg 434,54,500,344,8 120,1,369,375,8 4,1,169,246,8
/media/xinje/New Volume/VOC07&12/VOC2012/JPEGImages/2009_004890.jpg 1,244,111,375,19 106,125,190,375,19 190,119,279,375,19 269,121,371,375,19 403,284,500,375,8 330,283,383,375,8 263,251,456,328,20
/media/xinje/New Volume/VOC07&12/VOC2012/JPEGImages/2009_004901.jpg 73,150,344,212,15 224,152,326,210,13 428,227,464,304,8
/media/xinje/New Volume/VOC07&12/VOC2012/JPEGImages/2009_004905.jpg 127,70,242,166,17 1,155,186,375,2 293,171,498,375,8
/media/xinje/New Volume/VOC07&12/VOC2012/JPEGImages/2009_004921.jpg 2,9,277,360,8
/media/xinje/New Volume/VOC07&12/VOC2012/JPEGImages/2009_004939.jpg 38,61,332,406,19 1,124,332,500,8
/media/xinje/New Volume/VOC07&12/VOC2012/JPEGImages/2009_004975.jpg 25,15,435,371,8 11,1,500,371,19
/media/xinje/New Volume/VOC07&12/VOC2012/JPEGImages/2009_004979.jpg 14,1,38,37,13 1,162,375,500,20 249,6,322,143,8 115,4,183,70,8 1,19,120,130,20 93,1,153,37,8
/media/xinje/New Volume/VOC07&12/VOC2012/JPEGImages/2009_005016.jpg 298,127,500,375,20 171,75,340,373,19 327,55,456,128,8 1,70,51,252,8 60,153,295,375,8
/media/xinje/New Volume/VOC07&12/VOC2012/JPEGImages/2009_005030.jpg 135,119,286,262,17 11,327,294,500,8
/media/xinje/New Volume/VOC07&12/VOC2012/JPEGImages/2009_005042.jpg 350,24,500,162,17 134,7,240,116,17 52,1,136,53,17 1,1,55,65,17 210,247,500,375,8
/media/xinje/New Volume/VOC07&12/VOC2012/JPEGImages/2009_005069.jpg 1,139,375,500,20 1,1,123,150,13 163,104,257,170,8 1,130,92,272,8
/media/xinje/New Volume/VOC07&12/VOC2012/JPEGImages/2009_005145.jpg 6,340,500,500,20 184,224,353,341,8
/media/xinje/New Volume/VOC07&12/VOC2012/JPEGImages/2009_005163.jpg 25,60,315,486,8
/media/xinje/New Volume/VOC07&12/VOC2012/JPEGImages/2009_005183.jpg 79,68,122,163,19 110,60,183,341,19 173,64,201,132,19 26,86,45,122,19 238,63,265,97,19 470,71,489,97,19 327,236,349,285,5 241,164,304,205,8 180,159,233,207,8
/media/xinje/New Volume/VOC07&12/VOC2012/JPEGImages/2009_005263.jpg 45,142,314,416,8
/media/xinje/New Volume/VOC07&12/VOC2012/JPEGImages/2009_005278.jpg 34,219,334,375,20 209,220,338,375,8 276,189,327,245,8 205,187,244,232,8 67,194,117,236,8 16,217,127,375,8 52,227,190,375,8 27,182,55,222,8 1,189,14,229,8 346,1,408,35,13 204,16,286,88,13 361,189,430,257,13 347,51,363,92,5 340,53,353,91,5 333,55,345,93,5 376,45,422,80,13
/media/xinje/New Volume/VOC07&12/VOC2012/JPEGImages/2009_005311.jpg 161,200,364,301,20 176,300,298,375,8 273,205,432,339,19 297,268,413,375,8 412,177,465,273,19 427,225,463,329,8 85,250,186,374,8 74,175,232,307,19 233,148,273,200,19 313,165,369,235,19 94,166,151,244,19 156,157,204,210,19 299,157,350,216,19 215,196,225,230,5 170,184,180,210,5 110,160,179,244,19 66,192,87,270,8
/media/xinje/New Volume/VOC07&12/VOC2012/JPEGImages/2010_000018.jpg 137,147,500,375,15 1,154,132,374,8 147,163,394,375,19
/media/xinje/New Volume/VOC07&12/VOC2012/JPEGImages/2010_000177.jpg 1,254,324,375,20 318,186,477,375,8 106,78,398,375,19
/media/xinje/New Volume/VOC07&12/VOC2012/JPEGImages/2010_000269.jpg 1,70,472,352,18 363,1,500,228,8 5,1,155,77,8 1,77,500,375,20
/media/xinje/New Volume/VOC07&12/VOC2012/JPEGImages/2010_000337.jpg 245,208,315,341,8 183,223,271,369,8 310,215,394,354,8 225,235,377,375,20
/media/xinje/New Volume/VOC07&12/VOC2012/JPEGImages/2010_000361.jpg 57,98,345,375,15 407,49,500,244,8 144,99,340,375,19 1,172,229,375,19
/media/xinje/New Volume/VOC07&12/VOC2012/JPEGImages/2010_000386.jpg 25,137,446,309,15 391,122,454,272,8 326,137,441,267,8 158,65,218,117,17 327,132,426,180,5 104,87,500,333,19 173,92,350,222,19
/media/xinje/New Volume/VOC07&12/VOC2012/JPEGImages/2010_000439.jpg 171,122,419,361,18 203,1,456,135,8
/media/xinje/New Volume/VOC07&12/VOC2012/JPEGImages/2010_000447.jpg 89,36,188,179,8
/media/xinje/New Volume/VOC07&12/VOC2012/JPEGImages/2010_000463.jpg 116,236,370,375,20 127,242,241,375,8 234,232,326,375,8 316,208,401,365,8 112,196,146,328,8 170,199,216,235,8 252,196,301,240,8 295,162,310,170,19 249,163,288,194,19 288,167,323,198,8 242,162,277,206,8
/media/xinje/New Volume/VOC07&12/VOC2012/JPEGImages/2010_000492.jpg 103,136,324,364,8 328,184,500,375,8 63,280,135,341,5 73,79,494,316,19
/media/xinje/New Volume/VOC07&12/VOC2012/JPEGImages/2010_000511.jpg 36,6,500,375,8 143,122,389,310,19 1,1,452,375,19
/media/xinje/New Volume/VOC07&12/VOC2012/JPEGImages/2010_000588.jpg 236,201,252,242,5 11,112,153,235,8 223,100,360,223,8 279,98,500,375,15
/media/xinje/New Volume/VOC07&12/VOC2012/JPEGImages/2010_000591.jpg 1,205,500,375,20 406,16,471,233,5 238,1,317,58,17 180,125,354,207,8 1,163,84,322,8
/media/xinje/New Volume/VOC07&12/VOC2012/JPEGImages/2010_000601.jpg 237,129,287,163,20 167,138,186,169,8 182,140,202,172,8 176,151,239,218,8 164,165,241,274,8 202,142,255,150,20 205,149,265,219,20 212,161,288,245,20 228,172,315,273,20 74,150,127,217,20 69,158,127,235,20 1,219,99,375,20 1,291,65,375,20 345,292,500,375,20 296,233,500,375,20 261,202,408,352,20 176,249,330,375,8 309,67,370,128,13 62,66,135,208,13
/media/xinje/New Volume/VOC07&12/VOC2012/JPEGImages/2010_000658.jpg 117,19,209,113,17 119,127,245,358,8 244,123,368,356,8 405,103,500,375,15
/media/xinje/New Volume/VOC07&12/VOC2012/JPEGImages/2010_000674.jpg 278,235,364,357,8 210,206,245,282,17
/media/xinje/New Volume/VOC07&12/VOC2012/JPEGImages/2010_000694.jpg 317,143,439,227,18 52,155,176,222,18 266,11,500,355,8 1,34,193,360,8 1,1,214,165,15
/media/xinje/New Volume/VOC07&12/VOC2012/JPEGImages/2010_000765.jpg 341,71,463,271,8 104,156,216,274,8
/media/xinje/New Volume/VOC07&12/VOC2012/JPEGImages/2010_000782.jpg 1,247,36,375,8 1,80,49,104,5 4,136,48,163,5 75,110,180,217,8 240,145,350,220,8 351,178,479,276,8 27,193,500,375,20
/media/xinje/New Volume/VOC07&12/VOC2012/JPEGImages/2010_000787.jpg 313,122,412,234,8 213,169,321,298,17 342,156,461,306,17
/media/xinje/New Volume/VOC07&12/VOC2012/JPEGImages/2010_000800.jpg 288,1,369,64,13 382,131,482,338,8 50,134,85,175,13 1,70,36,250,13 39,169,126,235,17
/media/xinje/New Volume/VOC07&12/VOC2012/JPEGImages/2010_000857.jpg 52,43,213,348,10 26,79,321,480,8
/media/xinje/New Volume/VOC07&12/VOC2012/JPEGImages/2010_001094.jpg 155,89,298,234,10 137,147,185,204,5 268,20,347,160,8 138,13,305,220,19
/media/xinje/New Volume/VOC07&12/VOC2012/JPEGImages/2010_001123.jpg 219,3,375,500,8
/media/xinje/New Volume/VOC07&12/VOC2012/JPEGImages/2010_001199.jpg 64,146,372,374,20 244,148,349,354,8 111,158,232,360,8 129,142,224,284,8 236,140,323,307,8
/media/xinje/New Volume/VOC07&12/VOC2012/JPEGImages/2010_001224.jpg 80,1,394,374,19 18,1,448,374,8 205,169,332,330,5
/media/xinje/New Volume/VOC07&12/VOC2012/JPEGImages/2010_001261.jpg 1,362,375,500,20 170,268,259,368,8
/media/xinje/New Volume/VOC07&12/VOC2012/JPEGImages/2010_001271.jpg 194,202,370,354,20 238,210,326,364,8 287,199,368,337,8 182,203,264,342,8 279,196,343,320,8 187,198,255,256,8
/media/xinje/New Volume/VOC07&12/VOC2012/JPEGImages/2010_001277.jpg 17,164,304,307,15 33,289,370,375,8 468,109,500,216,17
/media/xinje/New Volume/VOC07&12/VOC2012/JPEGImages/2010_001366.jpg 138,197,330,332,20 309,181,395,332,8 69,165,158,332,8
/media/xinje/New Volume/VOC07&12/VOC2012/JPEGImages/2010_001434.jpg 39,245,398,374,15 295,184,421,309,8
/media/xinje/New Volume/VOC07&12/VOC2012/JPEGImages/2010_001511.jpg 441,249,500,372,8 341,267,438,375,8 1,323,179,375,8 222,310,420,375,8 378,263,500,375,20
/media/xinje/New Volume/VOC07&12/VOC2012/JPEGImages/2010_001514.jpg 2,17,479,391,2 171,1,414,244,8 1,1,266,133,15
/media/xinje/New Volume/VOC07&12/VOC2012/JPEGImages/2010_001533.jpg 68,67,172,211,17 1,70,101,253,17 348,111,500,400,8 183,15,438,400,19
/media/xinje/New Volume/VOC07&12/VOC2012/JPEGImages/2010_001547.jpg 189,178,319,316,15 17,172,92,256,8 65,165,169,229,15 164,139,218,228,13
/media/xinje/New Volume/VOC07&12/VOC2012/JPEGImages/2010_001608.jpg 245,211,311,261,8 458,223,500,270,8 221,247,305,375,8 253,278,335,375,8 237,240,500,375,20
/media/xinje/New Volume/VOC07&12/VOC2012/JPEGImages/2010_001674.jpg 69,90,374,500,8 20,53,339,500,19
/media/xinje/New Volume/VOC07&12/VOC2012/JPEGImages/2010_001726.jpg 68,200,302,390,10 37,201,194,416,10 16,132,445,500,15 145,56,335,287,8
/media/xinje/New Volume/VOC07&12/VOC2012/JPEGImages/2010_001743.jpg 375,154,456,247,8 278,140,340,207,8 2,160,97,256,13 80,145,309,291,15 419,210,500,375,8
/media/xinje/New Volume/VOC07&12/VOC2012/JPEGImages/2010_001846.jpg 37,156,128,295,8 393,145,474,242,8 384,238,445,275,8 124,192,381,243,20 36,34,500,375,19
/media/xinje/New Volume/VOC07&12/VOC2012/JPEGImages/2010_001849.jpg 323,221,459,375,8 378,7,452,135,8 452,92,500,157,8
/media/xinje/New Volume/VOC07&12/VOC2012/JPEGImages/2010_001853.jpg 271,154,336,298,8 159,154,220,195,8 1,166,95,322,8 110,186,219,360,8 291,186,398,358,8 400,168,500,320,8 44,193,456,322,20
/media/xinje/New Volume/VOC07&12/VOC2012/JPEGImages/2010_001911.jpg 153,72,306,298,10 198,1,368,133,8 411,1,480,204,8
/media/xinje/New Volume/VOC07&12/VOC2012/JPEGImages/2010_001973.jpg 19,32,326,491,8
/media/xinje/New Volume/VOC07&12/VOC2012/JPEGImages/2010_002032.jpg 278,203,356,325,8 209,222,280,342,8 63,205,153,326,8 148,197,206,312,8 218,194,271,315,8 86,202,316,337,20
/media/xinje/New Volume/VOC07&12/VOC2012/JPEGImages/2010_002070.jpg 392,208,444,333,8 6,230,30,333,8 26,97,204,333,19 260,92,405,333,19 140,223,344,333,20
/media/xinje/New Volume/VOC07&12/VOC2012/JPEGImages/2010_002121.jpg 1,191,375,375,8 13,106,459,375,19
/media/xinje/New Volume/VOC07&12/VOC2012/JPEGImages/2010_002166.jpg 69,136,222,374,19 207,78,325,239,19 137,35,244,256,8 1,71,97,375,8
/media/xinje/New Volume/VOC07&12/VOC2012/JPEGImages/2010_002191.jpg 127,203,400,337,15 393,178,477,275,8 1,182,80,276,8 179,128,198,174,19 75,311,500,375,15
/media/xinje/New Volume/VOC07&12/VOC2012/JPEGImages/2010_002227.jpg 59,9,414,373,8
/media/xinje/New Volume/VOC07&12/VOC2012/JPEGImages/2010_002400.jpg 1,286,499,375,20 341,156,423,288,8 447,146,500,248,8 417,145,448,213,8 315,148,369,203,8 139,153,191,193,8 112,158,183,221,8 155,67,389,296,19
/media/xinje/New Volume/VOC07&12/VOC2012/JPEGImages/2010_002418.jpg 6,294,290,479,20 41,302,152,495,8 183,312,281,500,8 180,285,237,325,8 30,274,90,317,8
/media/xinje/New Volume/VOC07&12/VOC2012/JPEGImages/2010_002575.jpg 23,55,229,428,8
/media/xinje/New Volume/VOC07&12/VOC2012/JPEGImages/2010_002642.jpg 153,131,500,374,15 1,34,218,294,8 74,65,500,375,19
/media/xinje/New Volume/VOC07&12/VOC2012/JPEGImages/2010_002686.jpg 1,198,130,372,8 153,160,237,236,17 422,302,500,375,8 297,215,486,375,8
/media/xinje/New Volume/VOC07&12/VOC2012/JPEGImages/2010_002742.jpg 101,36,166,89,17 1,307,266,375,20 237,146,331,375,19 151,186,281,375,19 431,211,500,341,8 68,95,199,211,13 38,274,83,318,5
/media/xinje/New Volume/VOC07&12/VOC2012/JPEGImages/2010_002760.jpg 1,181,192,375,8 207,167,422,374,8
/media/xinje/New Volume/VOC07&12/VOC2012/JPEGImages/2010_002811.jpg 284,157,424,309,18 30,173,500,333,15 8,109,411,286,20 106,70,180,186,8 258,69,328,183,8
/media/xinje/New Volume/VOC07&12/VOC2012/JPEGImages/2010_002815.jpg 106,375,244,496,8
/media/xinje/New Volume/VOC07&12/VOC2012/JPEGImages/2010_002830.jpg 21,81,272,428,13 1,271,93,426,13 250,208,375,467,8 1,259,299,500,20
/media/xinje/New Volume/VOC07&12/VOC2012/JPEGImages/2010_002870.jpg 125,228,335,411,8 210,171,335,248,8 262,131,335,182,8 269,126,335,164,8
/media/xinje/New Volume/VOC07&12/VOC2012/JPEGImages/2010_002880.jpg 133,261,375,500,20 161,168,311,351,19 8,238,163,500,8 52,66,279,405,19
/media/xinje/New Volume/VOC07&12/VOC2012/JPEGImages/2010_003002.jpg 255,221,313,279,8 74,241,127,311,8 1,263,56,332,8 1,259,357,500,20 1,381,83,500,8 207,271,375,500,8 10,213,82,322,8
/media/xinje/New Volume/VOC07&12/VOC2012/JPEGImages/2010_003027.jpg 1,171,156,296,15 48,267,352,375,8 10,85,107,176,4
/media/xinje/New Volume/VOC07&12/VOC2012/JPEGImages/2010_003078.jpg 2,157,81,175,20 20,165,131,216,20 2,213,172,372,20 80,34,469,375,19 42,213,157,375,8 1,160,38,236,8
/media/xinje/New Volume/VOC07&12/VOC2012/JPEGImages/2010_003084.jpg 117,184,148,262,8 355,207,395,266,8 420,122,473,204,19 355,113,450,268,19 441,197,500,235,20 148,24,339,267,19 1,263,500,375,20
/media/xinje/New Volume/VOC07&12/VOC2012/JPEGImages/2010_003115.jpg 282,236,365,348,8 60,188,252,356,2
/media/xinje/New Volume/VOC07&12/VOC2012/JPEGImages/2010_003143.jpg 1,158,188,268,15 183,153,289,277,8 140,236,240,375,8 215,204,292,301,8 195,169,254,290,19
/media/xinje/New Volume/VOC07&12/VOC2012/JPEGImages/2010_003149.jpg 1,76,317,357,15 391,91,500,259,8
/media/xinje/New Volume/VOC07&12/VOC2012/JPEGImages/2010_003157.jpg 198,161,337,369,8 54,160,196,381,8 95,142,333,419,20
/media/xinje/New Volume/VOC07&12/VOC2012/JPEGImages/2010_003170.jpg 192,282,399,375,8
/media/xinje/New Volume/VOC07&12/VOC2012/JPEGImages/2010_003535.jpg 78,141,263,261,10 1,1,500,375,8 165,1,500,285,8
/media/xinje/New Volume/VOC07&12/VOC2012/JPEGImages/2010_003538.jpg 29,41,224,500,19 160,49,334,500,19 1,165,172,460,8 180,128,216,233,5 152,168,314,404,8 1,305,57,454,8
/media/xinje/New Volume/VOC07&12/VOC2012/JPEGImages/2010_003634.jpg 86,223,230,420,8
/media/xinje/New Volume/VOC07&12/VOC2012/JPEGImages/2010_003677.jpg 1,1,375,500,8 38,94,271,500,19
/media/xinje/New Volume/VOC07&12/VOC2012/JPEGImages/2010_003719.jpg 383,153,500,368,8 1,164,140,373,8 300,51,360,108,17 147,41,218,119,17 150,14,312,338,19 1,32,162,350,19 357,31,500,298,19
/media/xinje/New Volume/VOC07&12/VOC2012/JPEGImages/2010_003822.jpg 138,336,228,374,10 73,257,150,355,8 93,252,262,375,20 321,209,408,260,15 174,245,238,336,8
/media/xinje/New Volume/VOC07&12/VOC2012/JPEGImages/2010_003894.jpg 185,273,355,403,10 72,76,230,287,10 39,28,197,403,19 252,3,469,403,19 308,137,496,403,8 47,162,207,378,8
/media/xinje/New Volume/VOC07&12/VOC2012/JPEGImages/2010_003957.jpg 70,52,353,374,19 220,1,500,375,8
/media/xinje/New Volume/VOC07&12/VOC2012/JPEGImages/2010_004029.jpg 281,208,354,306,8 145,290,195,351,13
/media/xinje/New Volume/VOC07&12/VOC2012/JPEGImages/2010_004053.jpg 303,48,422,188,8
/media/xinje/New Volume/VOC07&12/VOC2012/JPEGImages/2010_004062.jpg 49,104,332,235,15 92,197,255,375,8 365,143,500,309,8 377,93,442,195,8 1,4,98,238,13
/media/xinje/New Volume/VOC07&12/VOC2012/JPEGImages/2010_004130.jpg 78,49,431,375,19 108,91,448,375,19 430,318,482,374,19 477,335,499,374,19 28,303,113,375,8
/media/xinje/New Volume/VOC07&12/VOC2012/JPEGImages/2010_004231.jpg 374,251,473,500,8 10,37,218,352,8 2,108,473,499,20 361,209,473,343,8
/media/xinje/New Volume/VOC07&12/VOC2012/JPEGImages/2010_004249.jpg 1,169,214,333,8 70,226,135,307,8 382,198,460,321,8 26,122,173,307,19 1,1,63,313,19 165,1,436,333,19 351,152,466,255,17 375,125,385,155,5 98,57,114,131,19 71,58,98,131,19 63,35,85,90,19
/media/xinje/New Volume/VOC07&12/VOC2012/JPEGImages/2010_004275.jpg 317,222,465,281,8 25,206,74,281,8 49,220,255,281,20 53,264,163,281,8 158,211,229,224,8 109,1,118,26,5 99,1,107,24,5 86,1,97,24,5 75,1,86,23,5 63,1,74,20,5 153,118,161,137,5 240,129,246,150,5 232,129,239,145,5
/media/xinje/New Volume/VOC07&12/VOC2012/JPEGImages/2010_004306.jpg 262,185,343,328,18 117,1,331,150,17 441,87,500,251,8
/media/xinje/New Volume/VOC07&12/VOC2012/JPEGImages/2010_004358.jpg 72,128,500,375,15 344,1,466,157,8 192,1,302,108,13 72,78,137,151,17
/media/xinje/New Volume/VOC07&12/VOC2012/JPEGImages/2010_004361.jpg 236,198,500,372,20 122,160,206,326,8 206,182,308,314,8 371,266,500,372,8 192,200,316,373,8 99,160,160,269,8 231,118,360,265,19
/media/xinje/New Volume/VOC07&12/VOC2012/JPEGImages/2010_004363.jpg 1,1,321,315,11 121,55,170,108,8
/media/xinje/New Volume/VOC07&12/VOC2012/JPEGImages/2010_004429.jpg 274,84,386,269,8 398,184,500,322,8 405,86,450,134,17 25,223,70,334,5
/media/xinje/New Volume/VOC07&12/VOC2012/JPEGImages/2010_004467.jpg 230,176,324,269,18 330,88,451,375,8 440,341,495,375,8 1,198,339,375,20
/media/xinje/New Volume/VOC07&12/VOC2012/JPEGImages/2010_004573.jpg 1,51,500,375,8 103,89,392,293,18 134,263,244,375,19
/media/xinje/New Volume/VOC07&12/VOC2012/JPEGImages/2010_004592.jpg 1,337,44,441,8 308,312,359,374,8 244,348,299,479,8 269,369,375,500,20
/media/xinje/New Volume/VOC07&12/VOC2012/JPEGImages/2010_004600.jpg 152,299,329,500,8
/media/xinje/New Volume/VOC07&12/VOC2012/JPEGImages/2010_004712.jpg 233,89,322,183,18 99,129,166,203,8 136,106,164,134,13
/media/xinje/New Volume/VOC07&12/VOC2012/JPEGImages/2010_004726.jpg 208,141,234,153,8 197,168,236,203,8 168,151,265,255,20
/media/xinje/New Volume/VOC07&12/VOC2012/JPEGImages/2010_004738.jpg 1,107,255,396,10 3,2,347,500,8
/media/xinje/New Volume/VOC07&12/VOC2012/JPEGImages/2010_004793.jpg 153,232,218,292,8 281,232,393,304,8 1,310,73,375,8 180,336,360,375,8 1,282,500,375,20
/media/xinje/New Volume/VOC07&12/VOC2012/JPEGImages/2010_004805.jpg 265,183,377,314,8 1,158,242,289,15 239,128,284,170,17
/media/xinje/New Volume/VOC07&12/VOC2012/JPEGImages/2010_004879.jpg 142,295,199,400,8 1,256,26,334,19
/media/xinje/New Volume/VOC07&12/VOC2012/JPEGImages/2010_004910.jpg 155,63,403,323,19 208,55,255,177,13 373,173,464,311,8 1,239,500,375,20
/media/xinje/New Volume/VOC07&12/VOC2012/JPEGImages/2010_004942.jpg 177,218,500,375,20 197,21,369,264,19 367,121,466,233,19 23,211,141,345,19 24,67,51,151,7 461,166,494,241,5 18,277,195,375,8
/media/xinje/New Volume/VOC07&12/VOC2012/JPEGImages/2010_004962.jpg 138,170,297,485,8
/media/xinje/New Volume/VOC07&12/VOC2012/JPEGImages/2010_004983.jpg 2,184,405,331,20 443,183,498,330,8 103,174,128,213,8 1,93,170,325,19 116,139,176,219,19 313,108,500,331,19 446,71,500,140,19 213,162,236,222,5 204,152,220,213,5
/media/xinje/New Volume/VOC07&12/VOC2012/JPEGImages/2010_005094.jpg 1,17,249,328,8 331,1,500,272,8 175,31,439,369,20
/media/xinje/New Volume/VOC07&12/VOC2012/JPEGImages/2010_005170.jpg 335,260,441,375,8 71,226,181,341,8 43,308,381,375,20 201,170,259,302,19 2,173,175,247,15 126,143,178,182,8
/media/xinje/New Volume/VOC07&12/VOC2012/JPEGImages/2010_005238.jpg 1,49,395,472,8 102,202,293,278,18
/media/xinje/New Volume/VOC07&12/VOC2012/JPEGImages/2010_005266.jpg 116,29,500,374,8 409,1,500,179,8
/media/xinje/New Volume/VOC07&12/VOC2012/JPEGImages/2010_005273.jpg 1,238,500,375,20 85,66,194,259,19 206,195,275,277,8 229,142,354,305,19 320,96,482,350,19 1,197,25,247,8
/media/xinje/New Volume/VOC07&12/VOC2012/JPEGImages/2010_005308.jpg 377,98,500,237,8 300,233,474,375,8 60,246,212,375,8 1,107,133,238,8
/media/xinje/New Volume/VOC07&12/VOC2012/JPEGImages/2010_005349.jpg 117,208,344,313,20 231,129,455,334,19 11,122,232,334,19 133,78,237,210,19 248,92,329,219,19 256,175,277,233,5 274,181,290,250,5 432,248,500,334,8
/media/xinje/New Volume/VOC07&12/VOC2012/JPEGImages/2010_005371.jpg 161,117,217,168,17 207,165,297,304,8 256,56,285,72,7
/media/xinje/New Volume/VOC07&12/VOC2012/JPEGImages/2010_005388.jpg 205,166,413,284,15 422,159,488,328,8
/media/xinje/New Volume/VOC07&12/VOC2012/JPEGImages/2010_005512.jpg 288,67,399,219,8 52,229,121,350,5 60,158,92,233,5 242,118,276,210,5 274,232,306,311,5 1,75,25,159,5 316,186,500,375,19 8,102,320,375,19
/media/xinje/New Volume/VOC07&12/VOC2012/JPEGImages/2010_005540.jpg 1,158,112,500,8 263,94,281,151,5 183,102,205,142,5
/media/xinje/New Volume/VOC07&12/VOC2012/JPEGImages/2010_005585.jpg 103,204,286,500,10 1,1,350,500,19 271,320,323,389,8
/media/xinje/New Volume/VOC07&12/VOC2012/JPEGImages/2010_005746.jpg 66,22,243,283,8 248,10,433,300,8
/media/xinje/New Volume/VOC07&12/VOC2012/JPEGImages/2010_005775.jpg 170,138,339,271,10 1,84,179,362,8
/media/xinje/New Volume/VOC07&12/VOC2012/JPEGImages/2010_005800.jpg 29,102,315,500,8
/media/xinje/New Volume/VOC07&12/VOC2012/JPEGImages/2010_005830.jpg 109,232,381,452,15 355,327,500,498,8 336,82,400,164,19 1,157,115,443,19 104,205,254,482,19 123,221,183,319,19 1,219,69,329,13
/media/xinje/New Volume/VOC07&12/VOC2012/JPEGImages/2010_005835.jpg 179,102,407,363,19 57,1,500,375,8
/media/xinje/New Volume/VOC07&12/VOC2012/JPEGImages/2010_005906.jpg 270,157,364,244,18 40,178,188,375,8 119,58,500,375,19
/media/xinje/New Volume/VOC07&12/VOC2012/JPEGImages/2010_005921.jpg 247,187,500,374,8
/media/xinje/New Volume/VOC07&12/VOC2012/JPEGImages/2010_005930.jpg 232,242,340,441,8 96,259,159,323,17 29,204,111,369,13
/media/xinje/New Volume/VOC07&12/VOC2012/JPEGImages/2010_005967.jpg 227,214,444,375,8 458,349,486,375,5 1,143,192,375,19 2,49,173,374,19 151,83,217,362,19 203,149,255,307,19 209,129,330,375,19 242,248,356,375,19 320,92,409,313,19 384,88,480,348,19 243,78,296,193,19 150,72,182,144,19
/media/xinje/New Volume/VOC07&12/VOC2012/JPEGImages/2010_005972.jpg 454,259,500,375,8 445,257,477,375,8 10,261,124,374,8 1,247,58,373,8 70,246,118,299,8 93,69,411,375,19 313,171,337,249,19
/media/xinje/New Volume/VOC07&12/VOC2012/JPEGImages/2010_005975.jpg 25,92,461,356,18 1,1,500,375,8 1,74,39,181,13
/media/xinje/New Volume/VOC07&12/VOC2012/JPEGImages/2010_005982.jpg 138,108,370,281,10 31,80,500,375,8
/media/xinje/New Volume/VOC07&12/VOC2012/JPEGImages/2010_005985.jpg 251,245,297,374,8 170,255,277,405,8 140,231,163,267,8 107,237,140,276,8 58,243,158,399,8 125,267,250,442,8 19,253,296,452,20
/media/xinje/New Volume/VOC07&12/VOC2012/JPEGImages/2010_006015.jpg 327,37,488,251,8 145,80,215,138,8 1,140,71,298,8 148,240,189,343,5
/media/xinje/New Volume/VOC07&12/VOC2012/JPEGImages/2011_000006.jpg 17,141,479,312,15 257,115,375,290,19 93,112,241,326,19 173,111,303,280,19 152,194,500,375,8 398,83,448,119,19
/media/xinje/New Volume/VOC07&12/VOC2012/JPEGImages/2011_000072.jpg 274,221,500,375,13 254,117,336,215,8 354,41,421,107,17 289,79,370,173,19 180,113,248,270,19 180,77,252,166,19 93,145,200,294,19 62,81,187,375,15
/media/xinje/New Volume/VOC07&12/VOC2012/JPEGImages/2011_000108.jpg 28,37,287,192,18 1,1,350,262,8
/media/xinje/New Volume/VOC07&12/VOC2012/JPEGImages/2011_000152.jpg 115,90,209,225,8 1,117,78,299,8
/media/xinje/New Volume/VOC07&12/VOC2012/JPEGImages/2011_000192.jpg 331,102,405,171,17 2,172,78,307,8 47,172,152,301,8 48,99,173,314,19 145,96,245,290,19 245,172,500,375,20
/media/xinje/New Volume/VOC07&12/VOC2012/JPEGImages/2011_000196.jpg 212,25,287,96,13 324,15,414,147,13 142,23,180,99,13 302,88,322,163,5 182,215,322,375,8 113,125,390,362,20 68,40,139,191,19 323,62,455,293,19 1,35,154,341,19 222,102,299,129,8 76,3,136,59,13 359,120,390,156,8
/media/xinje/New Volume/VOC07&12/VOC2012/JPEGImages/2011_000282.jpg 286,190,382,279,8 4,118,51,158,8 110,163,163,315,8 151,220,364,300,8 52,225,499,375,20 316,102,500,282,19 150,84,319,300,19 1,56,285,375,19 318,124,362,192,8 262,122,308,177,8 338,123,363,154,8 300,126,337,176,8 330,106,338,125,5
/media/xinje/New Volume/VOC07&12/VOC2012/JPEGImages/2011_000290.jpg 96,246,290,398,8 145,259,240,347,19 2,412,160,500,19 1,215,74,306,17
/media/xinje/New Volume/VOC07&12/VOC2012/JPEGImages/2011_000317.jpg 295,162,370,296,17 252,24,361,162,19 50,119,314,417,10 37,301,249,458,8 53,394,302,500,8
/media/xinje/New Volume/VOC07&12/VOC2012/JPEGImages/2011_000383.jpg 63,16,228,131,8 139,106,278,291,8 72,288,202,500,8 152,475,174,500,19
/media/xinje/New Volume/VOC07&12/VOC2012/JPEGImages/2011_000472.jpg 423,260,499,363,8
/media/xinje/New Volume/VOC07&12/VOC2012/JPEGImages/2011_000492.jpg 300,180,432,345,8 69,206,210,371,8 145,161,331,342,20 1,144,77,283,20 63,100,227,351,19 257,90,408,331,19 257,87,330,180,19 443,190,500,363,20
/media/xinje/New Volume/VOC07&12/VOC2012/JPEGImages/2011_000499.jpg 193,107,220,133,17 110,138,183,208,8 1,147,94,234,8 286,166,500,334,15 151,117,178,144,15
/media/xinje/New Volume/VOC07&12/VOC2012/JPEGImages/2011_000567.jpg 1,88,81,228,8 184,48,277,166,8 131,124,248,264,19 283,125,391,269,19 320,2,400,170,19 316,2,345,59,17
/media/xinje/New Volume/VOC07&12/VOC2012/JPEGImages/2011_000572.jpg 29,193,144,285,13 133,164,181,229,13 219,144,266,236,13 376,183,447,294,15 137,221,277,317,8
/media/xinje/New Volume/VOC07&12/VOC2012/JPEGImages/2011_000573.jpg 189,209,359,375,8 320,148,461,357,8 30,151,447,375,20 54,206,193,375,8 146,156,238,180,8
/media/xinje/New Volume/VOC07&12/VOC2012/JPEGImages/2011_000682.jpg 123,74,277,342,8 274,71,430,339,8 1,87,75,362,8
/media/xinje/New Volume/VOC07&12/VOC2012/JPEGImages/2011_000684.jpg 460,157,500,225,7 4,188,75,343,19 150,124,205,299,19 197,147,271,325,19 295,163,346,342,19 346,153,429,343,19 461,214,500,327,19 437,174,473,279,19 114,278,172,343,8 186,290,286,343,8 400,277,480,343,8 460,259,500,343,8 257,264,358,343,20 407,246,434,306,20
/media/xinje/New Volume/VOC07&12/VOC2012/JPEGImages/2011_000689.jpg 108,245,373,436,15 52,72,199,485,19 184,293,319,500,19 13,167,73,274,8
/media/xinje/New Volume/VOC07&12/VOC2012/JPEGImages/2011_000731.jpg 279,185,414,271,13 2,228,111,374,8 205,241,275,348,8 456,238,500,311,8 249,249,305,271,8 413,255,464,280,8 179,311,499,375,20 95,257,171,330,20 246,269,461,313,20 133,180,219,315,19 21,180,110,268,19
/media/xinje/New Volume/VOC07&12/VOC2012/JPEGImages/2011_000755.jpg 18,133,149,285,17 60,283,273,500,8
/media/xinje/New Volume/VOC07&12/VOC2012/JPEGImages/2011_000815.jpg 133,82,264,190,8 15,168,494,375,20 432,121,500,205,8 1,206,176,375,8 233,203,500,375,8
/media/xinje/New Volume/VOC07&12/VOC2012/JPEGImages/2011_000823.jpg 211,192,227,246,5 160,330,184,375,5 232,322,398,375,8 340,248,457,374,8 58,198,127,353,8 160,216,327,375,20 274,165,421,375,19 319,155,432,290,19 197,120,287,326,19 89,132,199,356,19 25,110,133,322,13
/media/xinje/New Volume/VOC07&12/VOC2012/JPEGImages/2011_000837.jpg 195,1,335,44,8 1,77,57,196,8 45,318,347,375,8 1,40,455,375,20
/media/xinje/New Volume/VOC07&12/VOC2012/JPEGImages/2011_000875.jpg 9,10,114,98,13 107,160,214,207,13 284,166,375,207,13 489,183,500,238,5 467,201,490,235,5 273,202,343,274,8 173,231,226,375,8 204,270,499,374,20 203,276,244,375,8 484,210,499,236,5
/media/xinje/New Volume/VOC07&12/VOC2012/JPEGImages/2011_000885.jpg 328,54,459,202,13 292,229,412,375,8 274,140,362,245,19 118,143,229,368,19 64,112,105,212,19 96,143,108,161,19 106,145,130,189,19 125,147,148,166,19 152,144,169,164,19 193,143,212,178,19 213,149,224,163,19 224,148,243,174,19 259,142,288,176,19 72,212,209,375,8 448,247,500,375,8 465,193,500,247,8 360,190,416,242,8 12,165,38,218,8 40,163,66,212,8 101,165,129,208,8 200,160,213,189,8 260,172,280,232,5 242,171,252,195,5
/media/xinje/New Volume/VOC07&12/VOC2012/JPEGImages/2011_000947.jpg 140,264,158,326,5 295,207,336,232,8 324,215,360,304,8 373,220,500,375,15 145,181,199,261,19 214,183,247,228,19 132,206,161,267,8 189,216,247,246,8 25,239,357,375,20
/media/xinje/New Volume/VOC07&12/VOC2012/JPEGImages/2011_000971.jpg 34,41,368,311,8
/media/xinje/New Volume/VOC07&12/VOC2012/JPEGImages/2011_000983.jpg 1,92,189,283,8 1,266,500,321,20 1,33,500,321,19
/media/xinje/New Volume/VOC07&12/VOC2012/JPEGImages/2011_001009.jpg 424,79,498,257,13 176,236,388,374,8 307,187,440,375,8 399,151,456,328,8 1,195,34,362,8 137,125,165,160,8 1,134,352,375,20 190,101,405,342,19 323,70,459,222,19 249,58,346,146,19 158,72,232,159,19 74,92,154,186,19 1,88,119,358,19
/media/xinje/New Volume/VOC07&12/VOC2012/JPEGImages/2011_001023.jpg 85,23,296,333,8 3,58,172,333,8 243,1,481,333,19 409,69,500,333,8
/media/xinje/New Volume/VOC07&12/VOC2012/JPEGImages/2011_001027.jpg 115,179,422,375,19 186,113,362,303,19 48,120,211,239,19 59,92,272,199,19 215,145,500,375,15 77,102,316,230,8
/media/xinje/New Volume/VOC07&12/VOC2012/JPEGImages/2011_001031.jpg 317,194,421,312,15 187,182,303,256,8
/media/xinje/New Volume/VOC07&12/VOC2012/JPEGImages/2011_001135.jpg 13,130,271,426,18 138,410,375,500,8
/media/xinje/New Volume/VOC07&12/VOC2012/JPEGImages/2011_001150.jpg 1,1,375,500,8
/media/xinje/New Volume/VOC07&12/VOC2012/JPEGImages/2011_001175.jpg 208,146,232,171,13 360,176,382,210,13 56,215,225,375,15 329,210,398,296,8 288,185,340,251,8 252,182,302,240,8 202,173,241,218,8
/media/xinje/New Volume/VOC07&12/VOC2012/JPEGImages/2011_001208.jpg 187,167,351,375,8 93,184,438,339,20 327,160,500,375,8 118,164,222,351,8 63,155,150,322,8 98,141,169,191,8 230,143,280,176,8 290,144,343,195,8 347,147,417,202,8 439,98,500,164,13
/media/xinje/New Volume/VOC07&12/VOC2012/JPEGImages/2011_001402.jpg 62,168,99,302,8 7,147,64,254,8 1,149,24,255,8 187,172,500,375,15
/media/xinje/New Volume/VOC07&12/VOC2012/JPEGImages/2011_001412.jpg 114,33,219,118,13 1,107,182,220,15 125,113,225,258,8 308,128,402,248,8 330,102,442,293,8 413,107,500,276,8 223,104,500,297,20
/media/xinje/New Volume/VOC07&12/VOC2012/JPEGImages/2011_001451.jpg 57,92,222,254,8 1,195,232,375,8 288,87,500,328,15
/media/xinje/New Volume/VOC07&12/VOC2012/JPEGImages/2011_001456.jpg 1,270,49,377,17 46,274,128,357,13 104,256,267,493,19 223,306,305,456,8 340,185,374,419,19
/media/xinje/New Volume/VOC07&12/VOC2012/JPEGImages/2011_001466.jpg 234,125,294,198,17 304,223,424,363,8 107,152,205,251,8 1,228,97,371,15 38,109,68,147,13 84,89,123,143,13
/media/xinje/New Volume/VOC07&12/VOC2012/JPEGImages/2011_001526.jpg 426,147,500,294,8 1,161,75,375,8 55,220,500,375,20 1,62,256,375,19 253,76,497,292,19
/media/xinje/New Volume/VOC07&12/VOC2012/JPEGImages/2011_001566.jpg 444,80,459,94,13 429,76,448,95,13 393,62,413,96,13 306,317,336,374,8 279,319,308,371,8 232,313,260,370,8 154,308,184,372,8 187,309,212,339,8 435,307,459,346,8 416,301,436,329,8 469,306,487,341,8 455,300,471,337,8 398,280,424,301,2
/media/xinje/New Volume/VOC07&12/VOC2012/JPEGImages/2011_001586.jpg 118,1,340,106,8 1,103,500,374,20
/media/xinje/New Volume/VOC07&12/VOC2012/JPEGImages/2011_001600.jpg 391,149,500,234,13 192,172,273,309,8 269,170,330,252,8 250,176,379,369,8 1,193,51,374,15 350,224,498,371,15
/media/xinje/New Volume/VOC07&12/VOC2012/JPEGImages/2011_001621.jpg 80,213,154,296,8 421,1,500,199,17 1,155,127,362,19 191,117,216,264,19
/media/xinje/New Volume/VOC07&12/VOC2012/JPEGImages/2011_001650.jpg 317,275,500,401,8 312,29,486,401,19 245,60,380,401,19 136,23,260,401,19 25,57,177,401,19
/media/xinje/New Volume/VOC07&12/VOC2012/JPEGImages/2011_001666.jpg 23,180,150,349,8
/media/xinje/New Volume/VOC07&12/VOC2012/JPEGImages/2011_001689.jpg 118,258,500,375,15 23,188,193,325,8 149,153,211,211,17 1,229,38,346,8 387,170,439,214,13 465,127,491,212,13 487,168,500,217,13 2,118,60,185,13
/media/xinje/New Volume/VOC07&12/VOC2012/JPEGImages/2011_001715.jpg 213,1,310,148,8 295,22,395,166,8 223,1,401,130,20
/media/xinje/New Volume/VOC07&12/VOC2012/JPEGImages/2011_001766.jpg 153,167,187,210,13 6,170,260,500,8 301,53,333,175,13
/media/xinje/New Volume/VOC07&12/VOC2012/JPEGImages/2011_001769.jpg 227,86,283,175,8 170,89,230,191,8 236,81,288,155,8 358,44,422,141,19 414,36,465,130,19 403,22,500,333,19 22,108,137,325,19 105,105,190,301,19 4,32,194,203,19 61,34,218,130,19 284,42,380,324,19 357,79,379,107,5 158,36,238,200,19
/media/xinje/New Volume/VOC07&12/VOC2012/JPEGImages/2011_001791.jpg 195,147,236,197,13 116,158,158,203,13 98,169,134,213,8 146,159,185,217,8 115,169,143,219,8 176,170,204,210,8 224,174,255,239,8 257,179,293,242,8 204,189,245,257,8 165,182,207,243,8 176,193,227,272,8 301,207,363,291,8 300,173,327,227,8 335,171,368,197,8 325,184,367,252,8 355,185,394,244,8 272,164,286,185,8 249,163,271,189,8 434,167,456,207,8 399,168,425,213,8 383,167,408,207,8
/media/xinje/New Volume/VOC07&12/VOC2012/JPEGImages/2011_001811.jpg 386,107,500,375,8 56,1,422,200,15
/media/xinje/New Volume/VOC07&12/VOC2012/JPEGImages/2011_001833.jpg 121,256,374,497,8 1,191,66,345,17
/media/xinje/New Volume/VOC07&12/VOC2012/JPEGImages/2011_001884.jpg 219,172,500,372,20 102,107,297,203,20 187,148,313,372,8 260,142,316,210,8 320,136,364,194,8 367,136,402,183,8 330,224,500,372,8 403,270,500,372,8 84,109,111,203,8 103,110,168,217,8 155,118,216,220,8 223,114,257,152,8 258,112,293,146,8
/media/xinje/New Volume/VOC07&12/VOC2012/JPEGImages/2011_001930.jpg 66,125,317,479,8
/media/xinje/New Volume/VOC07&12/VOC2012/JPEGImages/2011_001938.jpg 229,61,283,109,17 17,177,195,270,8 284,198,360,270,19 254,148,271,180,5
/media/xinje/New Volume/VOC07&12/VOC2012/JPEGImages/2011_001972.jpg 280,27,500,373,8
/media/xinje/New Volume/VOC07&12/VOC2012/JPEGImages/2011_002005.jpg 286,260,500,374,8 249,131,349,240,17 46,34,162,252,19 350,79,443,241,19 231,133,474,375,19
/media/xinje/New Volume/VOC07&12/VOC2012/JPEGImages/2011_002177.jpg 215,28,500,375,8
/media/xinje/New Volume/VOC07&12/VOC2012/JPEGImages/2011_002179.jpg 2,106,483,375,15 1,134,372,375,19 93,22,200,118,8 69,61,145,128,8 192,52,219,114,8
/media/xinje/New Volume/VOC07&12/VOC2012/JPEGImages/2011_002335.jpg 85,151,211,245,8 211,150,499,375,15 233,158,500,333,19 181,136,438,375,19 59,134,196,201,19
/media/xinje/New Volume/VOC07&12/VOC2012/JPEGImages/2011_002422.jpg 73,224,187,375,8 7,223,420,375,20 210,231,300,354,8 248,299,292,375,5 398,236,446,365,8 202,80,314,234,19
/media/xinje/New Volume/VOC07&12/VOC2012/JPEGImages/2011_002443.jpg 1,73,35,123,13 60,27,109,96,13 252,97,284,131,13 241,48,325,129,13 128,195,212,390,19 246,34,270,56,19 280,35,303,59,19 317,38,339,60,19 313,50,335,96,8 54,9,71,37,19 37,20,67,79,8 131,34,153,81,8 158,35,176,59,8
/media/xinje/New Volume/VOC07&12/VOC2012/JPEGImages/2011_002462.jpg 318,105,450,205,17 21,225,500,375,20 106,169,168,292,19 277,134,362,225,8 3,142,103,340,8 1,214,48,375,8 271,123,278,141,5
/media/xinje/New Volume/VOC07&12/VOC2012/JPEGImages/2011_002488.jpg 218,373,239,433,5 114,164,207,430,19 142,356,230,430,8 113,380,333,493,20
/media/xinje/New Volume/VOC07&12/VOC2012/JPEGImages/2011_002543.jpg 154,176,253,271,8 51,196,257,374,8 1,256,218,375,8 180,147,304,255,2
/media/xinje/New Volume/VOC07&12/VOC2012/JPEGImages/2011_002551.jpg 175,82,355,333,8 188,1,396,264,19
/media/xinje/New Volume/VOC07&12/VOC2012/JPEGImages/2011_002594.jpg 125,77,173,117,18 353,82,500,333,8 342,1,423,86,8 274,1,347,48,8 29,32,414,239,15 221,2,305,42,8
/media/xinje/New Volume/VOC07&12/VOC2012/JPEGImages/2011_002614.jpg 186,84,321,268,8 1,69,52,155,8 124,59,233,240,8 3,62,255,255,20 74,255,435,333,20 309,48,500,333,19 1,65,155,333,19 243,1,348,132,13
/media/xinje/New Volume/VOC07&12/VOC2012/JPEGImages/2011_002620.jpg 4,194,105,368,8 172,253,224,350,8 229,213,295,293,8 170,150,206,193,17
/media/xinje/New Volume/VOC07&12/VOC2012/JPEGImages/2011_002650.jpg 81,223,285,375,8 52,146,159,307,8 344,197,497,374,8 145,171,355,327,20 341,101,397,304,19 104,101,216,244,19
/media/xinje/New Volume/VOC07&12/VOC2012/JPEGImages/2011_002709.jpg 1,1,500,290,19 14,6,500,290,8
/media/xinje/New Volume/VOC07&12/VOC2012/JPEGImages/2011_002756.jpg 1,265,129,375,8 107,109,500,375,15 438,72,500,161,17
/media/xinje/New Volume/VOC07&12/VOC2012/JPEGImages/2011_002798.jpg 283,187,302,262,5 260,184,279,249,5 242,194,258,259,5 231,197,254,270,5 23,190,152,333,8 294,179,417,333,8 80,229,386,333,20 96,112,222,333,19 289,113,499,332,19 1,245,122,333,8
/media/xinje/New Volume/VOC07&12/VOC2012/JPEGImages/2011_002803.jpg 239,126,272,193,5 93,219,211,375,8 328,217,443,375,8 153,214,371,374,20 245,118,395,369,19 108,120,295,367,19
/media/xinje/New Volume/VOC07&12/VOC2012/JPEGImages/2011_002808.jpg 325,69,435,361,13 463,82,500,109,13 6,227,50,293,8 1,292,93,375,8 147,199,179,235,13 33,207,71,265,8
/media/xinje/New Volume/VOC07&12/VOC2012/JPEGImages/2011_002814.jpg 474,271,499,302,13 193,185,240,263,8 236,172,286,267,8 264,167,273,200,8 211,164,241,184,8 149,174,202,259,8 162,169,177,202,8 168,179,276,263,20 1,261,342,375,15 434,174,446,201,5 382,154,396,194,5 85,152,99,174,17
/media/xinje/New Volume/VOC07&12/VOC2012/JPEGImages/2011_002818.jpg 40,212,81,319,8 2,221,123,295,20 90,200,115,226,8 1,191,26,219,8
/media/xinje/New Volume/VOC07&12/VOC2012/JPEGImages/2011_002842.jpg 318,81,360,125,17 37,77,237,360,19 321,75,419,360,19 149,63,228,360,19 227,151,285,222,8 287,144,292,163,5 268,144,275,161,5 275,145,284,162,5 324,91,353,116,19
/media/xinje/New Volume/VOC07&12/VOC2012/JPEGImages/2011_002924.jpg 19,1,206,110,13 57,87,375,500,8 222,1,375,276,8 1,2,375,344,20
/media/xinje/New Volume/VOC07&12/VOC2012/JPEGImages/2011_002927.jpg 342,192,355,223,5 234,233,340,356,8 211,221,276,357,8 108,200,159,238,8 73,227,355,357,20 89,255,200,357,8 69,237,93,357,8 8,51,90,99,13
/media/xinje/New Volume/VOC07&12/VOC2012/JPEGImages/2011_002953.jpg 14,137,130,268,8 86,156,359,374,15
/media/xinje/New Volume/VOC07&12/VOC2012/JPEGImages/2011_002965.jpg 14,15,474,355,15 139,1,234,57,8 5,1,58,87,8
/media/xinje/New Volume/VOC07&12/VOC2012/JPEGImages/2011_003005.jpg 30,1,312,340,8
/media/xinje/New Volume/VOC07&12/VOC2012/JPEGImages/2011_003044.jpg 1,111,116,298,8 128,88,161,160,8 174,93,457,289,15 135,94,147,124,5 246,146,333,290,19 105,72,150,119,8
/media/xinje/New Volume/VOC07&12/VOC2012/JPEGImages/2011_003047.jpg 70,168,169,363,13 274,17,362,74,13 1,289,108,351,8 208,202,300,293,17
/media/xinje/New Volume/VOC07&12/VOC2012/JPEGImages/2011_003049.jpg 111,148,186,304,8 2,172,247,320,20 160,162,262,320,8 12,180,146,320,8 1,154,30,193,8 134,152,358,270,15 358,116,477,217,8 140,126,226,158,15
/media/xinje/New Volume/VOC07&12/VOC2012/JPEGImages/2011_003066.jpg 218,255,263,348,5 1,104,91,216,8 48,100,112,188,8 286,75,328,128,8 316,82,394,182,8 316,92,387,201,8 475,89,496,126,8 89,196,142,261,8 160,170,193,238,8 38,34,153,180,19 163,28,232,96,19 130,44,232,208,19 70,86,183,206,20 350,77,493,165,20 306,32,369,163,19 1,133,164,375,19 178,65,318,237,19 374,65,500,244,19 100,212,500,375,20
/media/xinje/New Volume/VOC07&12/VOC2012/JPEGImages/2011_003074.jpg 2,23,292,375,8 390,42,500,375,8 3,32,183,375,8 190,31,393,375,8
/media/xinje/New Volume/VOC07&12/VOC2012/JPEGImages/2011_003150.jpg 321,184,500,368,8
/media/xinje/New Volume/VOC07&12/VOC2012/JPEGImages/2011_003183.jpg 176,197,374,330,20 169,203,248,329,8 260,208,332,328,8 218,188,283,301,8 286,191,349,301,8
/media/xinje/New Volume/VOC07&12/VOC2012/JPEGImages/2011_003194.jpg 64,176,404,327,8 138,44,267,171,17 1,47,150,203,17
/media/xinje/New Volume/VOC07&12/VOC2012/JPEGImages/2011_003236.jpg 214,128,365,318,10 1,42,411,375,19 281,1,500,246,8
/media/xinje/New Volume/VOC07&12/VOC2012/JPEGImages/2011_003259.jpg 88,157,500,375,15 51,173,352,375,19 109,65,332,277,8
