/media/xinje/New Volume/VOC07&12/VOC2012/JPEGImages/2008_000041.jpg 271,170,386,234,19 295,189,328,231,19 206,176,256,236,19 122,162,198,330,19 457,212,500,297,19 438,173,500,243,19 351,272,452,375,8 265,250,353,364,8 189,260,286,375,8 149,224,402,331,20 54,189,84,214,13 358,188,469,359,19
/media/xinje/New Volume/VOC07&12/VOC2012/JPEGImages/2008_000227.jpg 120,152,424,346,18 194,1,384,121,8 1,90,468,375,20
/media/xinje/New Volume/VOC07&12/VOC2012/JPEGImages/2008_000338.jpg 338,72,500,375,19 12,56,185,375,19 130,236,342,375,20
/media/xinje/New Volume/VOC07&12/VOC2012/JPEGImages/2008_000397.jpg 1,333,189,500,8 17,284,375,500,20 61,269,216,469,8 150,259,267,443,8 321,257,375,419,8
/media/xinje/New Volume/VOC07&12/VOC2012/JPEGImages/2008_000493.jpg 108,132,251,375,19 177,76,471,375,19 314,161,371,242,19 1,65,500,375,15 327,1,462,120,20 444,41,500,121,8
/media/xinje/New Volume/VOC07&12/VOC2012/JPEGImages/2008_001083.jpg 204,107,267,168,19 21,138,204,333,19 81,99,136,200,19 348,96,420,254,19 262,99,364,309,19 12,226,182,333,8 264,188,371,332,8 361,156,401,291,8 1,179,49,223,8 113,170,303,333,20
/media/xinje/New Volume/VOC07&12/VOC2012/JPEGImages/2008_001230.jpg 247,126,358,318,19 76,85,233,312,19 106,279,139,328,5 1,248,39,352,5 156,271,187,359,5 240,275,272,375,5 375,244,486,322,8 390,197,469,255,8 1,217,91,306,8 1,150,28,212,8 42,166,96,190,8 1,302,500,375,20
/media/xinje/New Volume/VOC07&12/VOC2012/JPEGImages/2008_001434.jpg 173,169,350,370,19 238,160,297,254,19 211,271,346,375,8 1,262,73,365,8 79,197,149,229,8 330,194,434,306,8 428,152,500,375,13 52,215,284,375,20
/media/xinje/New Volume/VOC07&12/VOC2012/JPEGImages/2008_001758.jpg 263,124,417,284,19 123,108,279,285,19 1,102,178,375,19 436,198,460,283,5 374,114,424,213,19 443,141,470,198,19 463,151,495,196,19 67,266,500,375,20 126,143,156,180,19 1,103,57,171,19 219,148,250,177,19 258,156,277,186,19
/media/xinje/New Volume/VOC07&12/VOC2012/JPEGImages/2008_001809.jpg 1,279,142,375,15 104,194,210,359,8 202,196,321,371,8 273,185,372,332,8 155,182,261,327,8 288,183,373,307,8 299,154,313,199,5 99,196,367,374,20
/media/xinje/New Volume/VOC07&12/VOC2012/JPEGImages/2008_002032.jpg 1,1,107,375,19 275,70,446,308,19 256,37,324,158,19 176,120,270,249,19 87,103,211,220,19 76,108,160,205,19 429,239,473,316,8 32,198,500,375,20
/media/xinje/New Volume/VOC07&12/VOC2012/JPEGImages/2008_002079.jpg 120,200,403,375,20 225,164,243,209,5 304,113,416,274,19 378,147,451,321,19 419,148,500,375,19 1,162,126,375,19 46,114,161,350,19 87,121,173,268,19 261,33,299,197,19 311,39,371,116,19 274,28,321,94,19 405,76,439,126,19 445,67,464,98,19 475,66,497,117,19 458,67,480,113,19 423,120,500,149,20
/media/xinje/New Volume/VOC07&12/VOC2012/JPEGImages/2008_002362.jpg 237,216,277,329,5 456,207,485,290,5 389,179,500,253,15 120,237,500,375,20 1,69,197,375,19 252,91,438,270,19 229,192,256,239,8 175,173,223,242,8
/media/xinje/New Volume/VOC07&12/VOC2012/JPEGImages/2008_002892.jpg 19,225,369,420,20 331,145,443,407,19 38,135,143,330,19 107,139,161,242,19 278,139,363,284,19 257,172,303,236,19 368,303,449,420,8 19,255,88,391,8
/media/xinje/New Volume/VOC07&12/VOC2012/JPEGImages/2008_002903.jpg 274,228,300,243,8 230,232,240,249,8 302,236,318,311,8 240,241,282,319,8 122,262,246,374,8 1,326,202,500,8 1,270,70,360,15 223,242,308,318,20
/media/xinje/New Volume/VOC07&12/VOC2012/JPEGImages/2008_003224.jpg 347,143,482,351,19 231,136,345,297,19 11,166,188,374,19 202,246,228,333,5 138,191,187,237,8 124,175,153,223,8 111,258,456,375,20 1,204,187,294,20 1,176,61,212,20 354,92,368,114,5 358,70,398,105,8
/media/xinje/New Volume/VOC07&12/VOC2012/JPEGImages/2008_003264.jpg 89,212,326,373,20 226,224,323,375,8 111,213,208,369,8 83,207,127,342,8 106,196,160,228,8 219,202,265,232,8 265,206,313,236,8 106,175,144,218,17
/media/xinje/New Volume/VOC07&12/VOC2012/JPEGImages/2008_003534.jpg 11,121,161,375,19 38,192,193,375,19 280,125,394,263,19 388,121,500,301,19 142,225,500,375,20
/media/xinje/New Volume/VOC07&12/VOC2012/JPEGImages/2008_003774.jpg 31,195,225,333,20 110,187,222,333,8 37,169,143,331,8
/media/xinje/New Volume/VOC07&12/VOC2012/JPEGImages/2008_003796.jpg 310,121,463,375,19 393,98,448,199,19 295,98,372,192,19 20,103,147,342,19 93,115,169,231,19 136,107,222,217,19 87,282,248,375,8 339,218,485,375,8 1,211,27,327,8 283,181,302,252,5 202,163,218,206,5 68,175,347,375,20
/media/xinje/New Volume/VOC07&12/VOC2012/JPEGImages/2008_004293.jpg 254,41,500,321,10 1,221,233,356,10 1,95,303,304,20
/media/xinje/New Volume/VOC07&12/VOC2012/JPEGImages/2008_004321.jpg 212,135,324,274,19 312,137,437,324,19 402,238,500,333,19 117,157,188,333,19 1,160,122,333,19 135,245,415,333,20 348,193,469,333,8 430,167,500,252,17 61,175,312,333,15
/media/xinje/New Volume/VOC07&12/VOC2012/JPEGImages/2008_004457.jpg 1,277,83,375,8 106,221,193,333,8 318,237,405,367,8 307,193,368,273,8 423,191,492,278,8 467,216,500,280,8 167,246,297,365,20 485,202,500,242,19 371,174,458,284,19 306,183,349,228,19 238,132,280,248,19 191,138,233,247,19 12,116,59,233,19 51,120,100,234,19 1,227,72,375,19 284,185,400,362,19 120,197,204,329,19
/media/xinje/New Volume/VOC07&12/VOC2012/JPEGImages/2008_004588.jpg 251,274,500,377,20
/media/xinje/New Volume/VOC07&12/VOC2012/JPEGImages/2008_004661.jpg 215,208,471,333,15 422,234,500,333,17 68,165,116,250,8 24,165,75,247,8 90,157,129,241,8 46,153,78,231,8 36,175,132,255,20 125,133,293,304,13
/media/xinje/New Volume/VOC07&12/VOC2012/JPEGImages/2008_004776.jpg 214,236,268,362,8 17,297,93,375,8 22,240,223,375,20
/media/xinje/New Volume/VOC07&12/VOC2012/JPEGImages/2008_004834.jpg 202,148,283,368,19 258,161,429,267,20 124,153,205,272,8 252,135,316,259,8 383,145,451,264,8 343,147,401,255,8
/media/xinje/New Volume/VOC07&12/VOC2012/JPEGImages/2008_005081.jpg 218,116,335,287,8 315,109,400,263,8 89,96,196,269,8 82,81,176,202,8 142,65,195,95,8 198,61,247,90,8 310,68,358,106,8 355,78,400,113,8 112,82,400,283,20
/media/xinje/New Volume/VOC07&12/VOC2012/JPEGImages/2008_005150.jpg 132,193,421,375,20 89,278,207,375,8 92,239,183,346,8 86,114,149,324,19 126,104,183,290,19 287,117,385,237,19 378,149,490,375,19 450,145,500,253,19 197,117,258,194,19
/media/xinje/New Volume/VOC07&12/VOC2012/JPEGImages/2008_005342.jpg 333,128,457,226,17 1,225,344,375,20 245,200,365,375,8 400,85,418,127,5 343,136,370,217,5 267,139,290,244,5 209,133,239,207,5 176,133,206,160,5 248,147,271,207,5 216,147,233,205,5
/media/xinje/New Volume/VOC07&12/VOC2012/JPEGImages/2008_005570.jpg 70,213,474,375,20 1,119,115,357,19 71,128,135,232,19 143,113,234,218,19 284,113,356,269,19 339,99,464,307,19 362,209,500,375,19 361,65,418,165,19 294,72,357,183,19 292,79,342,103,19 238,177,288,236,8 118,181,154,220,8
/media/xinje/New Volume/VOC07&12/VOC2012/JPEGImages/2008_005954.jpg 389,214,452,328,8 352,300,393,375,8 136,247,237,291,8 1,203,57,297,8 1,278,295,375,20 431,239,500,375,20 194,99,315,171,17 419,269,500,375,8 8,30,131,233,13 443,174,500,250,15
/media/xinje/New Volume/VOC07&12/VOC2012/JPEGImages/2008_006133.jpg 139,230,218,397,8 91,206,149,248,8 65,261,124,360,8 242,211,262,339,8 82,236,216,380,20 346,336,369,444,8
/media/xinje/New Volume/VOC07&12/VOC2012/JPEGImages/2008_006192.jpg 1,12,488,375,20 168,1,316,20,8 460,95,500,261,8 418,263,500,375,8 121,87,158,178,5 191,30,234,119,5
/media/xinje/New Volume/VOC07&12/VOC2012/JPEGImages/2008_006482.jpg 155,321,233,411,8 1,341,201,411,20
/media/xinje/New Volume/VOC07&12/VOC2012/JPEGImages/2008_006705.jpg 114,165,393,375,20 1,107,124,375,19 63,92,147,373,19 116,82,197,308,19 115,63,247,247,19 336,120,487,375,19 341,103,414,266,19 322,85,376,228,19
/media/xinje/New Volume/VOC07&12/VOC2012/JPEGImages/2008_006750.jpg 1,242,432,375,20 352,121,464,262,19 265,119,375,243,19 205,131,283,235,19 27,124,130,300,19 170,187,199,257,5 123,128,223,258,19 449,244,481,310,8
/media/xinje/New Volume/VOC07&12/VOC2012/JPEGImages/2008_006808.jpg 229,249,354,377,8 358,263,438,377,8 425,220,478,271,8 256,253,500,377,20 87,229,122,308,10 458,281,474,334,5 172,176,179,195,5 140,176,148,196,5
/media/xinje/New Volume/VOC07&12/VOC2012/JPEGImages/2008_006969.jpg 78,163,487,333,20 130,129,310,333,19 59,110,156,333,19 4,96,106,310,19 74,82,176,179,19 144,80,200,171,19 201,76,298,194,19 322,99,451,239,19 391,120,500,333,19 368,188,394,273,5 250,149,272,211,5
/media/xinje/New Volume/VOC07&12/VOC2012/JPEGImages/2008_007097.jpg 266,72,311,106,17 353,112,364,147,5 363,123,373,148,5 370,112,380,144,5 379,114,390,148,5 393,121,401,149,5 400,124,407,147,5 430,121,441,148,5 440,125,446,148,5 424,121,431,147,5 420,122,425,145,5 407,120,413,140,5 413,123,419,146,5 445,78,455,106,5 250,198,303,310,8 125,273,204,337,8 108,293,224,339,8 324,239,442,360,8 465,279,480,344,20 209,228,325,360,20 45,325,269,360,20 127,180,278,360,19 223,159,391,344,19
/media/xinje/New Volume/VOC07&12/VOC2012/JPEGImages/2008_007261.jpg 1,59,500,375,20 156,92,208,260,5 218,1,350,74,19 439,1,500,139,19 1,1,53,156,8 111,2,180,74,13
/media/xinje/New Volume/VOC07&12/VOC2012/JPEGImages/2008_007291.jpg 80,186,312,342,20 293,234,446,342,8 1,196,124,342,8 9,111,139,334,19 149,99,240,193,19 244,92,354,259,19 192,127,437,342,19
/media/xinje/New Volume/VOC07&12/VOC2012/JPEGImages/2008_007438.jpg 125,237,232,375,8 231,234,343,375,8 359,207,403,294,8 1,227,90,375,8 36,228,387,375,20 45,116,63,147,5 44,71,55,103,5 35,72,46,103,5
/media/xinje/New Volume/VOC07&12/VOC2012/JPEGImages/2008_007692.jpg 450,144,475,167,8 453,150,469,168,8 462,163,500,257,8 400,163,424,197,8 435,182,486,280,8 475,205,500,222,8 368,195,453,316,8 375,234,489,375,8 323,191,388,324,8 327,222,395,350,8 380,239,500,375,8 355,328,385,375,8 202,366,290,375,8 11,366,65,375,8 461,152,500,225,20 416,167,500,264,20 332,202,479,350,20 63,269,303,375,20 213,160,354,375,19 336,245,348,275,8 203,69,267,220,19
/media/xinje/New Volume/VOC07&12/VOC2012/JPEGImages/2008_007717.jpg 403,204,463,333,8 37,206,103,333,8 56,175,77,205,8 251,168,264,212,5 171,99,231,181,19 112,98,208,219,19 44,134,174,333,19 299,120,445,333,19 296,100,368,214,19 284,88,334,189,19 146,169,358,333,20
/media/xinje/New Volume/VOC07&12/VOC2012/JPEGImages/2008_008070.jpg 345,86,392,189,8 425,156,500,336,8 1,156,39,275,8 53,99,105,184,8 185,60,272,122,8 1,104,500,375,20 352,1,500,190,13 172,95,272,194,13
/media/xinje/New Volume/VOC07&12/VOC2012/JPEGImages/2008_008098.jpg 1,105,500,306,20 322,18,500,365,19 119,81,381,375,19 93,37,209,110,8 247,38,363,116,8 37,131,213,306,8 275,141,420,316,8
/media/xinje/New Volume/VOC07&12/VOC2012/JPEGImages/2008_008266.jpg 133,19,388,298,19 1,267,500,375,20 364,162,486,270,20 386,136,399,174,5
/media/xinje/New Volume/VOC07&12/VOC2012/JPEGImages/2008_008330.jpg 169,258,223,390,5 234,296,289,395,5 217,129,356,229,20 231,142,314,231,8 188,129,252,212,8 316,152,372,222,8 160,27,249,218,13
/media/xinje/New Volume/VOC07&12/VOC2012/JPEGImages/2008_008363.jpg 159,253,266,375,8 226,199,291,307,8 215,214,259,263,8 62,236,159,375,8 53,207,98,318,8 132,169,227,264,13 79,239,257,375,20
/media/xinje/New Volume/VOC07&12/VOC2012/JPEGImages/2008_008402.jpg 238,157,500,377,15 361,167,417,226,8 259,179,370,271,8 266,154,337,212,8 61,155,161,325,8 142,165,262,366,8 1,162,113,377,8 47,191,196,375,20 310,158,333,181,13
/media/xinje/New Volume/VOC07&12/VOC2012/JPEGImages/2008_008440.jpg 1,58,37,109,19 151,20,236,212,19 226,50,317,208,19 309,50,387,135,19 23,138,120,375,19 103,113,186,224,19 197,113,283,210,19 287,109,405,224,19 354,131,495,375,19 23,206,447,368,20 71,104,78,117,5 94,103,103,118,5 88,104,96,117,5 83,103,89,115,5 78,103,83,114,5
/media/xinje/New Volume/VOC07&12/VOC2012/JPEGImages/2008_008773.jpg 27,254,285,376,20 381,151,460,301,8 221,215,312,376,8 1,215,58,367,8 25,333,192,376,8 235,194,286,221,8 218,180,229,207,5
/media/xinje/New Volume/VOC07&12/VOC2012/JPEGImages/2009_000058.jpg 1,331,375,500,20 348,191,372,286,5 324,220,347,285,5 174,234,218,393,5 1,69,73,398,19 27,85,180,334,19 200,70,340,347,19
/media/xinje/New Volume/VOC07&12/VOC2012/JPEGImages/2009_000109.jpg 39,35,448,375,20 38,88,147,344,8 187,186,397,375,8 319,123,500,374,8 115,30,215,60,8
/media/xinje/New Volume/VOC07&12/VOC2012/JPEGImages/2009_000141.jpg 1,91,364,278,20 322,6,500,278,19 172,41,270,185,19 68,13,167,153,19 21,3,99,132,19 1,3,31,103,19
/media/xinje/New Volume/VOC07&12/VOC2012/JPEGImages/2009_000164.jpg 188,166,310,361,19 133,89,351,375,19 224,213,447,375,8 2,91,108,218,20 57,76,113,193,8 2,113,44,204,8 1,73,16,95,8 88,67,106,89,8 36,71,67,108,13
/media/xinje/New Volume/VOC07&12/VOC2012/JPEGImages/2009_000188.jpg 89,261,367,500,20 192,270,357,497,8 89,241,242,469,8 116,226,184,273,8 231,231,329,442,8
/media/xinje/New Volume/VOC07&12/VOC2012/JPEGImages/2009_000502.jpg 1,40,500,375,20 239,4,296,187,5
/media/xinje/New Volume/VOC07&12/VOC2012/JPEGImages/2009_000546.jpg 166,159,210,317,5 123,143,144,225,5 261,61,500,333,19 232,89,357,246,19 2,35,140,333,19 43,229,334,333,20 76,181,171,237,20 184,84,261,233,19 163,159,182,299,5
/media/xinje/New Volume/VOC07&12/VOC2012/JPEGImages/2009_000575.jpg 1,2,320,240,20 272,1,314,69,5 51,2,159,64,19
/media/xinje/New Volume/VOC07&12/VOC2012/JPEGImages/2009_000655.jpg 75,221,209,407,8 194,213,329,386,8 215,201,295,329,8 100,207,209,360,8 84,216,310,405,20
/media/xinje/New Volume/VOC07&12/VOC2012/JPEGImages/2009_000759.jpg 352,110,400,165,19 277,85,350,187,19 327,96,358,166,19 227,69,297,197,19 178,53,296,196,19 97,46,210,234,19 1,27,118,257,19 401,78,497,219,19 401,97,455,201,19 359,65,500,333,19 1,171,443,333,20 174,135,213,204,5
/media/xinje/New Volume/VOC07&12/VOC2012/JPEGImages/2009_000831.jpg 138,311,375,500,20 174,92,319,337,19 25,96,222,500,19
/media/xinje/New Volume/VOC07&12/VOC2012/JPEGImages/2009_000834.jpg 1,239,500,333,20 184,97,316,248,19 450,1,500,207,19 1,196,123,247,8 141,196,325,238,8
/media/xinje/New Volume/VOC07&12/VOC2012/JPEGImages/2009_000867.jpg 1,97,500,375,20 320,1,373,148,5 367,1,409,103,5 181,1,330,107,13
/media/xinje/New Volume/VOC07&12/VOC2012/JPEGImages/2009_000969.jpg 64,174,78,196,8 12,175,28,194,8 1,360,333,500,20 14,70,263,384,19
/media/xinje/New Volume/VOC07&12/VOC2012/JPEGImages/2009_000980.jpg 1,211,103,375,8 79,196,157,375,8 181,195,275,357,8 250,205,365,324,8 249,234,387,375,8 144,273,280,375,8 1,234,316,362,20
/media/xinje/New Volume/VOC07&12/VOC2012/JPEGImages/2009_001009.jpg 463,200,500,260,8 362,144,417,236,8 438,144,498,232,8 375,160,500,263,20
/media/xinje/New Volume/VOC07&12/VOC2012/JPEGImages/2009_001095.jpg 1,174,39,238,8 33,149,97,219,8 184,134,259,187,8 265,140,345,194,8 1,353,214,500,8 337,179,375,372,8 265,213,364,500,8 1,172,365,500,20
/media/xinje/New Volume/VOC07&12/VOC2012/JPEGImages/2009_001105.jpg 81,48,243,109,8 288,46,443,104,8 1,112,500,335,20
/media/xinje/New Volume/VOC07&12/VOC2012/JPEGImages/2009_001217.jpg 2,82,500,334,20 382,264,500,334,8
/media/xinje/New Volume/VOC07&12/VOC2012/JPEGImages/2009_001303.jpg 272,193,302,227,20 249,183,279,229,8 293,185,317,226,8 254,201,382,333,8 65,200,193,304,8 18,207,76,284,13
/media/xinje/New Volume/VOC07&12/VOC2012/JPEGImages/2009_001319.jpg 63,167,328,333,20 119,78,216,301,19 15,85,152,318,19 306,168,441,293,20 1,158,74,277,20 1,94,45,154,19 63,116,80,160,5
/media/xinje/New Volume/VOC07&12/VOC2012/JPEGImages/2009_001327.jpg 105,211,313,333,20 108,136,190,333,8 181,3,353,333,8 234,163,283,219,13
/media/xinje/New Volume/VOC07&12/VOC2012/JPEGImages/2009_001339.jpg 154,191,256,375,5 204,194,244,339,5 219,56,500,284,19 27,11,199,278,19 1,275,500,375,20
/media/xinje/New Volume/VOC07&12/VOC2012/JPEGImages/2009_001434.jpg 1,277,41,326,20 3,265,66,366,8 445,322,500,366,8 454,272,500,328,8 402,253,499,351,20 364,245,417,350,8 289,246,325,274,8 302,261,371,366,8 208,253,248,361,8 233,272,306,366,8 230,254,361,366,20 106,190,129,229,8 135,195,172,246,8 145,171,181,232,19 162,171,180,200,19 300,154,324,183,19 343,162,369,182,19
/media/xinje/New Volume/VOC07&12/VOC2012/JPEGImages/2009_001608.jpg 6,151,198,243,20 239,147,285,221,8 42,163,104,254,8 106,163,156,253,8 161,147,217,239,8 1,157,51,241,8 1,360,274,500,15 285,148,330,229,17 89,77,121,104,19
/media/xinje/New Volume/VOC07&12/VOC2012/JPEGImages/2009_001670.jpg 17,105,458,375,20 322,32,426,128,8 58,38,155,153,8 361,121,500,375,8 1,229,140,375,8 26,43,72,102,13
/media/xinje/New Volume/VOC07&12/VOC2012/JPEGImages/2009_001800.jpg 1,1,500,333,20 20,1,164,168,8 214,1,310,30,8 17,1,130,95,8
/media/xinje/New Volume/VOC07&12/VOC2012/JPEGImages/2009_001825.jpg 211,112,265,145,8 208,329,332,500,8 9,159,209,473,8 84,134,131,242,8 116,116,151,205,8 104,143,332,460,20
/media/xinje/New Volume/VOC07&12/VOC2012/JPEGImages/2009_001867.jpg 1,1,500,369,20
/media/xinje/New Volume/VOC07&12/VOC2012/JPEGImages/2009_001871.jpg 1,65,292,263,15 371,176,500,373,8 118,98,288,342,8 369,45,454,114,8 144,83,500,350,20 411,146,500,305,8
/media/xinje/New Volume/VOC07&12/VOC2012/JPEGImages/2009_001922.jpg 1,329,333,500,20 26,239,156,398,13 139,284,249,345,8 1,429,95,500,8
/media/xinje/New Volume/VOC07&12/VOC2012/JPEGImages/2009_002044.jpg 399,20,422,39,7 348,73,397,105,8 242,78,274,136,8 199,86,241,162,8 154,104,195,196,8 80,129,146,223,8 3,164,51,296,8 394,92,484,187,8 394,111,490,211,8 370,132,484,275,8 330,171,483,367,8 279,248,472,374,8 2,105,423,373,20
/media/xinje/New Volume/VOC07&12/VOC2012/JPEGImages/2009_002088.jpg 169,152,379,375,20 336,217,463,375,19 456,318,500,375,8 75,255,105,375,8 115,158,192,274,19 42,115,103,309,19 162,153,220,264,19 293,175,399,324,19 288,162,361,238,19 312,143,337,203,19 192,144,226,203,19 296,148,322,213,19 187,117,217,155,19 297,134,315,151,19 287,126,305,175,19 277,124,287,158,19 445,260,485,375,8 228,136,238,152,19 213,136,230,148,19 101,200,252,375,19 31,142,112,266,13
/media/xinje/New Volume/VOC07&12/VOC2012/JPEGImages/2009_002098.jpg 285,202,342,262,20 264,203,300,261,8 325,206,358,264,8 264,198,297,246,8 99,196,222,245,20 159,204,200,255,8 120,200,156,242,8 194,193,219,246,8 150,193,174,202,8 114,191,135,197,8 350,177,379,205,19 334,177,373,201,8
/media/xinje/New Volume/VOC07&12/VOC2012/JPEGImages/2009_002107.jpg 330,336,500,375,20 3,67,335,375,19 333,268,445,340,8
/media/xinje/New Volume/VOC07&12/VOC2012/JPEGImages/2009_002443.jpg 1,23,421,333,20 369,220,500,333,8 357,84,446,184,8 252,1,343,73,8 134,1,260,48,8 1,115,45,263,8 410,88,500,203,19 314,1,479,110,19
/media/xinje/New Volume/VOC07&12/VOC2012/JPEGImages/2009_002452.jpg 109,220,233,445,8 49,244,289,422,20 249,221,283,407,8 42,221,90,408,8 66,221,92,253,8
/media/xinje/New Volume/VOC07&12/VOC2012/JPEGImages/2009_002579.jpg 112,151,270,376,19 1,316,375,500,20 35,196,119,500,5 131,205,199,472,5 195,279,240,423,5
/media/xinje/New Volume/VOC07&12/VOC2012/JPEGImages/2009_002612.jpg 217,202,434,362,15 1,408,163,500,15 74,213,178,325,20 162,198,229,327,8 44,206,141,328,8 110,190,175,305,8 46,193,129,309,8
/media/xinje/New Volume/VOC07&12/VOC2012/JPEGImages/2009_002613.jpg 50,49,440,357,20 42,15,145,175,8 9,58,167,321,8 79,81,255,380,8 200,8,307,214,8 275,17,389,267,8 312,74,493,380,8
/media/xinje/New Volume/VOC07&12/VOC2012/JPEGImages/2009_002688.jpg 471,66,500,136,13 220,78,261,130,13 139,202,208,236,5 421,241,500,376,8 300,186,393,249,8 211,179,292,235,8 54,216,182,376,8 175,231,330,376,8 46,223,460,376,20
/media/xinje/New Volume/VOC07&12/VOC2012/JPEGImages/2009_002844.jpg 71,74,190,188,8 145,117,213,174,8 341,188,477,374,8 1,290,161,374,8 25,142,467,374,20
/media/xinje/New Volume/VOC07&12/VOC2012/JPEGImages/2009_002885.jpg 1,155,80,285,19 71,63,224,252,19 217,58,393,257,19 437,98,500,318,19 1,241,500,375,20
/media/xinje/New Volume/VOC07&12/VOC2012/JPEGImages/2009_002952.jpg 246,186,308,305,8 1,257,105,375,20 1,284,76,375,8 33,241,105,372,8 330,96,363,207,13 453,170,477,235,13 434,132,461,229,13 346,171,395,236,13 395,163,411,221,13 411,187,434,225,13
/media/xinje/New Volume/VOC07&12/VOC2012/JPEGImages/2009_003006.jpg 1,272,46,375,20 126,31,290,375,19
/media/xinje/New Volume/VOC07&12/VOC2012/JPEGImages/2009_003078.jpg 15,111,119,192,17 153,149,318,375,8 314,132,467,367,8 259,109,328,168,8 83,119,222,310,8 139,165,387,375,20
/media/xinje/New Volume/VOC07&12/VOC2012/JPEGImages/2009_003115.jpg 28,302,337,500,20
/media/xinje/New Volume/VOC07&12/VOC2012/JPEGImages/2009_003253.jpg 11,139,211,487,8 212,109,339,353,8 187,184,375,487,20
/media/xinje/New Volume/VOC07&12/VOC2012/JPEGImages/2009_003265.jpg 140,202,357,333,20 118,251,256,333,8 441,262,500,333,8 443,199,471,279,8 253,169,271,233,5 222,33,421,217,19 222,109,301,164,17 287,127,449,333,19 26,59,173,333,19 133,107,227,222,19 225,173,243,201,5 5,193,31,297,8
/media/xinje/New Volume/VOC07&12/VOC2012/JPEGImages/2009_003317.jpg 312,106,461,315,8 289,129,495,326,8 59,103,188,318,8 7,125,215,326,8 96,96,402,326,20
/media/xinje/New Volume/VOC07&12/VOC2012/JPEGImages/2009_003349.jpg 229,15,500,273,19 168,237,500,333,20 153,18,245,182,5
/media/xinje/New Volume/VOC07&12/VOC2012/JPEGImages/2009_003361.jpg 1,30,53,180,19 1,75,161,207,19 93,84,271,270,19 213,62,360,270,19 1,202,168,270,20
/media/xinje/New Volume/VOC07&12/VOC2012/JPEGImages/2009_003468.jpg 178,21,500,375,19 1,304,280,375,20 1,20,109,314,19 1,246,90,375,5
/media/xinje/New Volume/VOC07&12/VOC2012/JPEGImages/2009_003520.jpg 179,177,364,333,20 153,172,247,326,8 205,160,249,179,8 282,164,313,190,8 281,170,344,304,8 370,172,451,276,8
/media/xinje/New Volume/VOC07&12/VOC2012/JPEGImages/2009_003545.jpg 126,198,500,375,20 356,274,500,375,8 136,228,303,375,8 156,186,237,222,8 247,177,311,216,8 425,185,500,230,8 432,164,500,198,15
/media/xinje/New Volume/VOC07&12/VOC2012/JPEGImages/2009_003577.jpg 1,231,429,375,20 91,62,261,257,19 263,72,457,314,19 79,149,273,242,8 394,166,461,375,8 459,142,500,194,8 432,60,500,169,19 454,94,500,169,19 369,98,390,118,19 344,89,361,130,19 364,131,395,163,20 397,125,410,159,20 402,119,415,148,20
/media/xinje/New Volume/VOC07&12/VOC2012/JPEGImages/2009_003654.jpg 1,31,293,372,20 166,85,377,221,18 159,1,475,375,8 283,1,489,352,8 1,158,67,291,8 144,110,219,204,13 444,96,465,132,13 466,107,490,147,13
/media/xinje/New Volume/VOC07&12/VOC2012/JPEGImages/2009_003690.jpg 1,79,500,400,20 206,1,414,92,19
/media/xinje/New Volume/VOC07&12/VOC2012/JPEGImages/2009_003752.jpg 47,108,69,187,19 31,112,49,183,19 323,111,346,198,19 53,191,193,416,8 66,187,161,329,8 76,182,146,235,8 124,187,348,493,20 305,171,319,197,13
/media/xinje/New Volume/VOC07&12/VOC2012/JPEGImages/2009_003818.jpg 172,1,325,375,5 14,314,500,375,20 320,219,390,326,8
/media/xinje/New Volume/VOC07&12/VOC2012/JPEGImages/2009_003888.jpg 189,199,379,375,20 447,153,500,335,19 239,94,379,375,19 236,162,418,375,8 1,90,253,375,19 209,1,268,114,13 91,37,121,136,5 71,55,100,139,5 26,61,52,148,5 17,27,49,105,5 64,54,73,83,5 64,36,78,77,5 75,34,90,72,5 100,29,124,120,5
/media/xinje/New Volume/VOC07&12/VOC2012/JPEGImages/2009_003961.jpg 96,277,255,421,20 82,274,171,402,8 154,279,251,416,8 133,188,187,259,13 118,263,196,392,8 182,268,260,395,8
/media/xinje/New Volume/VOC07&12/VOC2012/JPEGImages/2009_003966.jpg 1,157,369,375,15 73,82,304,218,15 17,53,140,120,20 86,50,135,114,8 26,51,71,128,8 5,40,30,90,8 124,46,155,86,8 96,41,121,58,8 46,20,79,52,13
/media/xinje/New Volume/VOC07&12/VOC2012/JPEGImages/2009_004042.jpg 389,1,468,154,19 373,1,410,93,19 309,92,394,153,8 375,201,500,371,8 94,174,309,375,8 1,161,130,375,8 103,2,163,141,19 91,1,116,50,19 1,18,50,156,19 174,85,245,145,8 1,141,490,375,20
/media/xinje/New Volume/VOC07&12/VOC2012/JPEGImages/2009_004094.jpg 68,141,187,333,19 210,2,366,225,19 1,77,136,325,8 243,18,322,98,8 1,24,262,212,20
/media/xinje/New Volume/VOC07&12/VOC2012/JPEGImages/2009_004154.jpg 9,88,26,124,5 12,135,81,285,8 1,99,123,150,20 205,10,265,179,19 397,82,426,152,8 423,101,484,202,8 414,23,470,126,19 426,31,500,165,19 222,303,259,375,5 434,157,489,230,8 49,217,500,375,20 36,49,230,301,19 244,58,399,264,19
/media/xinje/New Volume/VOC07&12/VOC2012/JPEGImages/2009_004162.jpg 1,27,500,375,20 189,1,241,158,5 241,12,306,169,5 370,1,440,138,5 427,1,476,112,5 65,1,371,83,19
/media/xinje/New Volume/VOC07&12/VOC2012/JPEGImages/2009_004177.jpg 168,166,249,230,15 170,228,500,375,20
/media/xinje/New Volume/VOC07&12/VOC2012/JPEGImages/2009_004228.jpg 1,235,424,375,20 395,234,472,375,8 135,78,329,246,19 253,5,302,50,13 271,266,297,333,5 300,252,326,316,5 163,220,248,251,5
/media/xinje/New Volume/VOC07&12/VOC2012/JPEGImages/2009_004312.jpg 295,150,454,345,8 125,140,275,336,8 1,136,134,307,8 389,163,500,323,8 129,91,151,154,5 297,76,310,120,5 22,147,500,312,20
/media/xinje/New Volume/VOC07&12/VOC2012/JPEGImages/2009_004394.jpg 98,42,125,145,5 107,134,423,336,18 280,93,341,145,13 177,10,318,144,13 1,268,500,401,20 346,220,487,273,13 1,1,90,321,13
/media/xinje/New Volume/VOC07&12/VOC2012/JPEGImages/2009_004399.jpg 1,1,500,375,20
/media/xinje/New Volume/VOC07&12/VOC2012/JPEGImages/2009_004426.jpg 1,183,337,375,20 1,165,57,375,8 309,108,346,341,8 242,115,290,186,8 86,108,144,221,8 1,111,79,250,8 350,131,458,230,15 296,121,393,180,15 200,121,243,178,8 401,97,467,206,13
/media/xinje/New Volume/VOC07&12/VOC2012/JPEGImages/2009_004429.jpg 109,200,500,375,20 1,259,197,375,8 1,211,187,375,8 39,120,218,375,19 105,93,208,225,19 264,110,361,226,19 349,160,384,193,8 433,173,500,375,8 357,109,453,252,19
/media/xinje/New Volume/VOC07&12/VOC2012/JPEGImages/2009_004514.jpg 105,222,372,375,20 230,253,315,375,8 49,247,174,375,8 352,160,480,375,19 339,165,406,237,19 281,153,345,228,19 197,161,257,225,19 104,169,180,230,19 39,172,140,363,19 81,132,123,188,8 74,178,107,223,8 24,289,81,375,8 1,200,37,281,8 1,208,45,375,19 314,75,435,206,13 34,130,51,156,13
/media/xinje/New Volume/VOC07&12/VOC2012/JPEGImages/2009_004562.jpg 145,194,267,375,8 24,211,170,375,8 54,173,111,220,8 1,192,37,253,8 444,91,493,145,13 1,217,219,375,20
/media/xinje/New Volume/VOC07&12/VOC2012/JPEGImages/2009_004616.jpg 1,93,484,375,20 473,126,500,196,5
/media/xinje/New Volume/VOC07&12/VOC2012/JPEGImages/2009_004734.jpg 84,112,500,334,20 58,150,144,334,8 43,104,108,334,8 390,292,500,334,8 416,117,500,247,8 340,83,427,190,8 121,30,221,132,8
/media/xinje/New Volume/VOC07&12/VOC2012/JPEGImages/2009_004794.jpg 11,258,359,374,20 325,1,440,137,13 354,141,500,374,19 184,96,356,363,19 1,205,163,374,19 12,99,153,267,19 188,285,237,374,5
/media/xinje/New Volume/VOC07&12/VOC2012/JPEGImages/2009_004847.jpg 38,91,375,500,20 213,1,375,155,19 1,93,111,381,19
/media/xinje/New Volume/VOC07&12/VOC2012/JPEGImages/2009_004890.jpg 1,244,111,375,19 106,125,190,375,19 190,119,279,375,19 269,121,371,375,19 403,284,500,375,8 330,283,383,375,8 263,251,456,328,20
/media/xinje/New Volume/VOC07&12/VOC2012/JPEGImages/2009_004979.jpg 14,1,38,37,13 1,162,375,500,20 249,6,322,143,8 115,4,183,70,8 1,19,120,130,20 93,1,153,37,8
/media/xinje/New Volume/VOC07&12/VOC2012/JPEGImages/2009_005016.jpg 298,127,500,375,20 171,75,340,373,19 327,55,456,128,8 1,70,51,252,8 60,153,295,375,8
/media/xinje/New Volume/VOC07&12/VOC2012/JPEGImages/2009_005069.jpg 1,139,375,500,20 1,1,123,150,13 163,104,257,170,8 1,130,92,272,8
/media/xinje/New Volume/VOC07&12/VOC2012/JPEGImages/2009_005145.jpg 6,340,500,500,20 184,224,353,341,8
/media/xinje/New Volume/VOC07&12/VOC2012/JPEGImages/2009_005278.jpg 34,219,334,375,20 209,220,338,375,8 276,189,327,245,8 205,187,244,232,8 67,194,117,236,8 16,217,127,375,8 52,227,190,375,8 27,182,55,222,8 1,189,14,229,8 346,1,408,35,13 204,16,286,88,13 361,189,430,257,13 347,51,363,92,5 340,53,353,91,5 333,55,345,93,5 376,45,422,80,13
/media/xinje/New Volume/VOC07&12/VOC2012/JPEGImages/2009_005311.jpg 161,200,364,301,20 176,300,298,375,8 273,205,432,339,19 297,268,413,375,8 412,177,465,273,19 427,225,463,329,8 85,250,186,374,8 74,175,232,307,19 233,148,273,200,19 313,165,369,235,19 94,166,151,244,19 156,157,204,210,19 299,157,350,216,19 215,196,225,230,5 170,184,180,210,5 110,160,179,244,19 66,192,87,270,8
/media/xinje/New Volume/VOC07&12/VOC2012/JPEGImages/2010_000177.jpg 1,254,324,375,20 318,186,477,375,8 106,78,398,375,19
/media/xinje/New Volume/VOC07&12/VOC2012/JPEGImages/2010_000234.jpg 1,1,131,258,19 167,109,310,340,19 367,1,500,333,19 410,171,500,290,20 154,256,477,375,8
/media/xinje/New Volume/VOC07&12/VOC2012/JPEGImages/2010_000337.jpg 245,208,315,341,8 183,223,271,369,8 310,215,394,354,8 225,235,377,375,20
/media/xinje/New Volume/VOC07&12/VOC2012/JPEGImages/2010_000419.jpg 2,274,500,333,20 1,1,218,333,19 173,121,377,312,19 256,13,500,312,19
/media/xinje/New Volume/VOC07&12/VOC2012/JPEGImages/2010_000463.jpg 116,236,370,375,20 127,242,241,375,8 234,232,326,375,8 316,208,401,365,8 112,196,146,328,8 170,199,216,235,8 252,196,301,240,8 295,162,310,170,19 249,163,288,194,19 288,167,323,198,8 242,162,277,206,8
/media/xinje/New Volume/VOC07&12/VOC2012/JPEGImages/2010_000591.jpg 1,205,500,375,20 406,16,471,233,5 238,1,317,58,17 180,125,354,207,8 1,163,84,322,8
/media/xinje/New Volume/VOC07&12/VOC2012/JPEGImages/2010_000601.jpg 237,129,287,163,20 167,138,186,169,8 182,140,202,172,8 176,151,239,218,8 164,165,241,274,8 202,142,255,150,20 205,149,265,219,20 212,161,288,245,20 228,172,315,273,20 74,150,127,217,20 69,158,127,235,20 1,219,99,375,20 1,291,65,375,20 345,292,500,375,20 296,233,500,375,20 261,202,408,352,20 176,249,330,375,8 309,67,370,128,13 62,66,135,208,13
/media/xinje/New Volume/VOC07&12/VOC2012/JPEGImages/2010_000782.jpg 1,247,36,375,8 1,80,49,104,5 4,136,48,163,5 75,110,180,217,8 240,145,350,220,8 351,178,479,276,8 27,193,500,375,20
/media/xinje/New Volume/VOC07&12/VOC2012/JPEGImages/2010_000938.jpg 1,82,384,288,20
/media/xinje/New Volume/VOC07&12/VOC2012/JPEGImages/2010_001113.jpg 52,213,179,375,19 180,230,288,374,19 259,230,349,370,19 362,218,489,374,19 141,109,243,367,19 231,130,313,300,19 276,108,326,190,19 286,159,378,324,19 409,235,487,287,20 1,139,65,349,17
/media/xinje/New Volume/VOC07&12/VOC2012/JPEGImages/2010_001131.jpg 1,336,375,500,20 1,1,296,357,19 256,205,352,496,5
/media/xinje/New Volume/VOC07&12/VOC2012/JPEGImages/2010_001199.jpg 64,146,372,374,20 244,148,349,354,8 111,158,232,360,8 129,142,224,284,8 236,140,323,307,8
/media/xinje/New Volume/VOC07&12/VOC2012/JPEGImages/2010_001261.jpg 1,362,375,500,20 170,268,259,368,8
/media/xinje/New Volume/VOC07&12/VOC2012/JPEGImages/2010_001271.jpg 194,202,370,354,20 238,210,326,364,8 287,199,368,337,8 182,203,264,342,8 279,196,343,320,8 187,198,255,256,8
/media/xinje/New Volume/VOC07&12/VOC2012/JPEGImages/2010_001366.jpg 138,197,330,332,20 309,181,395,332,8 69,165,158,332,8
/media/xinje/New Volume/VOC07&12/VOC2012/JPEGImages/2010_001511.jpg 441,249,500,372,8 341,267,438,375,8 1,323,179,375,8 222,310,420,375,8 378,263,500,375,20
/media/xinje/New Volume/VOC07&12/VOC2012/JPEGImages/2010_001576.jpg 1,49,500,375,20 426,1,500,214,19
/media/xinje/New Volume/VOC07&12/VOC2012/JPEGImages/2010_001608.jpg 245,211,311,261,8 458,223,500,270,8 221,247,305,375,8 253,278,335,375,8 237,240,500,375,20
/media/xinje/New Volume/VOC07&12/VOC2012/JPEGImages/2010_001785.jpg 64,181,440,375,20 314,132,342,204,5 248,184,294,260,5 228,207,253,251,5 400,109,500,375,19 1,107,183,375,19 34,59,215,227,19 46,1,61,32,5 32,1,47,32,5 9,1,30,34,5 301,133,376,204,13
/media/xinje/New Volume/VOC07&12/VOC2012/JPEGImages/2010_001846.jpg 37,156,128,295,8 393,145,474,242,8 384,238,445,275,8 124,192,381,243,20 36,34,500,375,19
/media/xinje/New Volume/VOC07&12/VOC2012/JPEGImages/2010_001853.jpg 271,154,336,298,8 159,154,220,195,8 1,166,95,322,8 110,186,219,360,8 291,186,398,358,8 400,168,500,320,8 44,193,456,322,20
/media/xinje/New Volume/VOC07&12/VOC2012/JPEGImages/2010_001939.jpg 3,140,230,257,18 345,136,438,217,17 1,209,500,375,20
/media/xinje/New Volume/VOC07&12/VOC2012/JPEGImages/2010_002032.jpg 278,203,356,325,8 209,222,280,342,8 63,205,153,326,8 148,197,206,312,8 218,194,271,315,8 86,202,316,337,20
/media/xinje/New Volume/VOC07&12/VOC2012/JPEGImages/2010_002070.jpg 392,208,444,333,8 6,230,30,333,8 26,97,204,333,19 260,92,405,333,19 140,223,344,333,20
/media/xinje/New Volume/VOC07&12/VOC2012/JPEGImages/2010_002274.jpg 15,33,230,309,19 7,276,333,500,20 1,106,10,148,5
/media/xinje/New Volume/VOC07&12/VOC2012/JPEGImages/2010_002400.jpg 1,286,499,375,20 341,156,423,288,8 447,146,500,248,8 417,145,448,213,8 315,148,369,203,8 139,153,191,193,8 112,158,183,221,8 155,67,389,296,19
/media/xinje/New Volume/VOC07&12/VOC2012/JPEGImages/2010_002418.jpg 6,294,290,479,20 41,302,152,495,8 183,312,281,500,8 180,285,237,325,8 30,274,90,317,8
/media/xinje/New Volume/VOC07&12/VOC2012/JPEGImages/2010_002462.jpg 167,234,448,330,20 200,137,248,242,19 149,141,256,332,19 29,148,197,375,19 1,104,162,325,19 318,142,351,187,19 343,146,406,245,19 374,131,415,189,19 389,108,500,348,19 162,1,297,216,13 309,200,327,253,5
/media/xinje/New Volume/VOC07&12/VOC2012/JPEGImages/2010_002520.jpg 157,243,196,366,5 1,349,333,500,20 52,81,285,363,19
/media/xinje/New Volume/VOC07&12/VOC2012/JPEGImages/2010_002537.jpg 50,15,142,250,13 54,54,148,190,13 264,86,325,208,13 310,49,368,209,13 1,231,500,297,20
/media/xinje/New Volume/VOC07&12/VOC2012/JPEGImages/2010_002729.jpg 16,257,371,500,20
/media/xinje/New Volume/VOC07&12/VOC2012/JPEGImages/2010_002742.jpg 101,36,166,89,17 1,307,266,375,20 237,146,331,375,19 151,186,281,375,19 431,211,500,341,8 68,95,199,211,13 38,274,83,318,5
/media/xinje/New Volume/VOC07&12/VOC2012/JPEGImages/2010_002811.jpg 284,157,424,309,18 30,173,500,333,15 8,109,411,286,20 106,70,180,186,8 258,69,328,183,8
/media/xinje/New Volume/VOC07&12/VOC2012/JPEGImages/2010_002830.jpg 21,81,272,428,13 1,271,93,426,13 250,208,375,467,8 1,259,299,500,20
/media/xinje/New Volume/VOC07&12/VOC2012/JPEGImages/2010_002880.jpg 133,261,375,500,20 161,168,311,351,19 8,238,163,500,8 52,66,279,405,19
/media/xinje/New Volume/VOC07&12/VOC2012/JPEGImages/2010_003002.jpg 255,221,313,279,8 74,241,127,311,8 1,263,56,332,8 1,259,357,500,20 1,381,83,500,8 207,271,375,500,8 10,213,82,322,8
/media/xinje/New Volume/VOC07&12/VOC2012/JPEGImages/2010_003078.jpg 2,157,81,175,20 20,165,131,216,20 2,213,172,372,20 80,34,469,375,19 42,213,157,375,8 1,160,38,236,8
/media/xinje/New Volume/VOC07&12/VOC2012/JPEGImages/2010_003084.jpg 117,184,148,262,8 355,207,395,266,8 420,122,473,204,19 355,113,450,268,19 441,197,500,235,20 148,24,339,267,19 1,263,500,375,20
/media/xinje/New Volume/VOC07&12/VOC2012/JPEGImages/2010_003108.jpg 1,269,61,500,20 59,12,257,270,19 58,266,375,500,20
/media/xinje/New Volume/VOC07&12/VOC2012/JPEGImages/2010_003157.jpg 198,161,337,369,8 54,160,196,381,8 95,142,333,419,20
/media/xinje/New Volume/VOC07&12/VOC2012/JPEGImages/2010_003263.jpg 36,328,157,434,20 73,183,239,432,19
/media/xinje/New Volume/VOC07&12/VOC2012/JPEGImages/2010_003374.jpg 42,40,126,205,19 126,106,143,152,5 104,49,197,148,19 259,62,349,172,19 282,76,413,204,19 372,76,500,247,19 1,1,159,375,19 78,265,121,375,8 77,130,500,375,20 64,172,149,375,8
/media/xinje/New Volume/VOC07&12/VOC2012/JPEGImages/2010_003625.jpg 1,358,340,500,20 43,252,149,365,8 215,142,340,500,5 66,166,272,371,19
/media/xinje/New Volume/VOC07&12/VOC2012/JPEGImages/2010_003822.jpg 138,336,228,374,10 73,257,150,355,8 93,252,262,375,20 321,209,408,260,15 174,245,238,336,8
/media/xinje/New Volume/VOC07&12/VOC2012/JPEGImages/2010_003864.jpg 25,131,199,279,15 291,103,359,170,17 372,234,500,334,15 178,111,210,156,13 94,98,218,155,20 121,111,151,155,8 95,107,123,140,8 110,93,133,107,8
/media/xinje/New Volume/VOC07&12/VOC2012/JPEGImages/2010_003897.jpg 1,129,500,333,20
/media/xinje/New Volume/VOC07&12/VOC2012/JPEGImages/2010_004231.jpg 374,251,473,500,8 10,37,218,352,8 2,108,473,499,20 361,209,473,343,8
/media/xinje/New Volume/VOC07&12/VOC2012/JPEGImages/2010_004275.jpg 317,222,465,281,8 25,206,74,281,8 49,220,255,281,20 53,264,163,281,8 158,211,229,224,8 109,1,118,26,5 99,1,107,24,5 86,1,97,24,5 75,1,86,23,5 63,1,74,20,5 153,118,161,137,5 240,129,246,150,5 232,129,239,145,5
/media/xinje/New Volume/VOC07&12/VOC2012/JPEGImages/2010_004361.jpg 236,198,500,372,20 122,160,206,326,8 206,182,308,314,8 371,266,500,372,8 192,200,316,373,8 99,160,160,269,8 231,118,360,265,19
/media/xinje/New Volume/VOC07&12/VOC2012/JPEGImages/2010_004467.jpg 230,176,324,269,18 330,88,451,375,8 440,341,495,375,8 1,198,339,375,20
/media/xinje/New Volume/VOC07&12/VOC2012/JPEGImages/2010_004592.jpg 1,337,44,441,8 308,312,359,374,8 244,348,299,479,8 269,369,375,500,20
/media/xinje/New Volume/VOC07&12/VOC2012/JPEGImages/2010_004660.jpg 10,343,292,500,20 337,408,411,500,8 346,151,410,209,19 309,118,377,209,19
/media/xinje/New Volume/VOC07&12/VOC2012/JPEGImages/2010_004726.jpg 208,141,234,153,8 197,168,236,203,8 168,151,265,255,20
/media/xinje/New Volume/VOC07&12/VOC2012/JPEGImages/2010_004741.jpg 95,95,330,228,15 310,152,418,363,19 303,124,363,250,19 181,112,263,251,19 85,142,199,316,19 199,252,218,291,5 149,227,344,343,20 25,305,298,375,20 65,268,78,311,5
/media/xinje/New Volume/VOC07&12/VOC2012/JPEGImages/2010_004751.jpg 1,205,375,500,20 182,243,208,342,5 249,216,277,300,5 261,199,279,233,5 258,167,277,227,5 1,177,73,264,8 134,159,242,210,8
/media/xinje/New Volume/VOC07&12/VOC2012/JPEGImages/2010_004793.jpg 153,232,218,292,8 281,232,393,304,8 1,310,73,375,8 180,336,360,375,8 1,282,500,375,20
/media/xinje/New Volume/VOC07&12/VOC2012/JPEGImages/2010_004910.jpg 155,63,403,323,19 208,55,255,177,13 373,173,464,311,8 1,239,500,375,20
/media/xinje/New Volume/VOC07&12/VOC2012/JPEGImages/2010_004937.jpg 400,190,450,281,19 244,217,287,268,19 400,225,465,288,13 49,263,137,353,20 393,178,421,222,19
/media/xinje/New Volume/VOC07&12/VOC2012/JPEGImages/2010_004942.jpg 177,218,500,375,20 197,21,369,264,19 367,121,466,233,19 23,211,141,345,19 24,67,51,151,7 461,166,494,241,5 18,277,195,375,8
/media/xinje/New Volume/VOC07&12/VOC2012/JPEGImages/2010_004983.jpg 2,184,405,331,20 443,183,498,330,8 103,174,128,213,8 1,93,170,325,19 116,139,176,219,19 313,108,500,331,19 446,71,500,140,19 213,162,236,222,5 204,152,220,213,5
/media/xinje/New Volume/VOC07&12/VOC2012/JPEGImages/2010_004987.jpg 137,46,214,170,19 1,178,134,375,8 1,61,205,375,19 282,41,500,375,19 19,142,365,375,20
/media/xinje/New Volume/VOC07&12/VOC2012/JPEGImages/2010_005094.jpg 1,17,249,328,8 331,1,500,272,8 175,31,439,369,20
/media/xinje/New Volume/VOC07&12/VOC2012/JPEGImages/2010_005170.jpg 335,260,441,375,8 71,226,181,341,8 43,308,381,375,20 201,170,259,302,19 2,173,175,247,15 126,143,178,182,8
/media/xinje/New Volume/VOC07&12/VOC2012/JPEGImages/2010_005273.jpg 1,238,500,375,20 85,66,194,259,19 206,195,275,277,8 229,142,354,305,19 320,96,482,350,19 1,197,25,247,8
/media/xinje/New Volume/VOC07&12/VOC2012/JPEGImages/2010_005349.jpg 117,208,344,313,20 231,129,455,334,19 11,122,232,334,19 133,78,237,210,19 248,92,329,219,19 256,175,277,233,5 274,181,290,250,5 432,248,500,334,8
/media/xinje/New Volume/VOC07&12/VOC2012/JPEGImages/2010_005755.jpg 143,225,260,257,8 290,229,392,261,8 1,245,500,335,20
/media/xinje/New Volume/VOC07&12/VOC2012/JPEGImages/2010_005825.jpg 1,100,375,500,20 1,45,29,145,5
/media/xinje/New Volume/VOC07&12/VOC2012/JPEGImages/2010_005865.jpg 1,53,500,374,20 439,9,492,142,5 459,22,500,166,5 178,1,383,56,19
/media/xinje/New Volume/VOC07&12/VOC2012/JPEGImages/2010_005985.jpg 251,245,297,374,8 170,255,277,405,8 140,231,163,267,8 107,237,140,276,8 58,243,158,399,8 125,267,250,442,8 19,253,296,452,20
/media/xinje/New Volume/VOC07&12/VOC2012/JPEGImages/2011_000192.jpg 331,102,405,171,17 2,172,78,307,8 47,172,152,301,8 48,99,173,314,19 145,96,245,290,19 245,172,500,375,20
/media/xinje/New Volume/VOC07&12/VOC2012/JPEGImages/2011_000196.jpg 212,25,287,96,13 324,15,414,147,13 142,23,180,99,13 302,88,322,163,5 182,215,322,375,8 113,125,390,362,20 68,40,139,191,19 323,62,455,293,19 1,35,154,341,19 222,102,299,129,8 76,3,136,59,13 359,120,390,156,8
/media/xinje/New Volume/VOC07&12/VOC2012/JPEGImages/2011_000282.jpg 286,190,382,279,8 4,118,51,158,8 110,163,163,315,8 151,220,364,300,8 52,225,499,375,20 316,102,500,282,19 150,84,319,300,19 1,56,285,375,19 318,124,362,192,8 262,122,308,177,8 338,123,363,154,8 300,126,337,176,8 330,106,338,125,5
/media/xinje/New Volume/VOC07&12/VOC2012/JPEGImages/2011_000361.jpg 238,31,357,180,13 432,193,500,375,5 1,253,500,375,20 385,86,500,193,19 200,98,373,256,19 36,102,244,316,19
/media/xinje/New Volume/VOC07&12/VOC2012/JPEGImages/2011_000461.jpg 1,1,499,375,20
/media/xinje/New Volume/VOC07&12/VOC2012/JPEGImages/2011_000492.jpg 300,180,432,345,8 69,206,210,371,8 145,161,331,342,20 1,144,77,283,20 63,100,227,351,19 257,90,408,331,19 257,87,330,180,19 443,190,500,363,20
/media/xinje/New Volume/VOC07&12/VOC2012/JPEGImages/2011_000573.jpg 189,209,359,375,8 320,148,461,357,8 30,151,447,375,20 54,206,193,375,8 146,156,238,180,8
/media/xinje/New Volume/VOC07&12/VOC2012/JPEGImages/2011_000621.jpg 175,296,295,338,8 1,334,334,500,20 32,263,254,326,15
/media/xinje/New Volume/VOC07&12/VOC2012/JPEGImages/2011_000684.jpg 460,157,500,225,7 4,188,75,343,19 150,124,205,299,19 197,147,271,325,19 295,163,346,342,19 346,153,429,343,19 461,214,500,327,19 437,174,473,279,19 114,278,172,343,8 186,290,286,343,8 400,277,480,343,8 460,259,500,343,8 257,264,358,343,20 407,246,434,306,20
/media/xinje/New Volume/VOC07&12/VOC2012/JPEGImages/2011_000692.jpg 1,234,330,500,20 174,116,235,246,19 1,118,40,318,19
/media/xinje/New Volume/VOC07&12/VOC2012/JPEGImages/2011_000731.jpg 279,185,414,271,13 2,228,111,374,8 205,241,275,348,8 456,238,500,311,8 249,249,305,271,8 413,255,464,280,8 179,311,499,375,20 95,257,171,330,20 246,269,461,313,20 133,180,219,315,19 21,180,110,268,19
/media/xinje/New Volume/VOC07&12/VOC2012/JPEGImages/2011_000815.jpg 133,82,264,190,8 15,168,494,375,20 432,121,500,205,8 1,206,176,375,8 233,203,500,375,8
/media/xinje/New Volume/VOC07&12/VOC2012/JPEGImages/2011_000823.jpg 211,192,227,246,5 160,330,184,375,5 232,322,398,375,8 340,248,457,374,8 58,198,127,353,8 160,216,327,375,20 274,165,421,375,19 319,155,432,290,19 197,120,287,326,19 89,132,199,356,19 25,110,133,322,13
/media/xinje/New Volume/VOC07&12/VOC2012/JPEGImages/2011_000827.jpg 85,314,124,375,5 96,220,115,255,5 1,228,234,375,20 201,108,500,375,19 260,142,429,375,19 189,138,312,338,19 155,145,221,249,19 1,201,64,244,19
/media/xinje/New Volume/VOC07&12/VOC2012/JPEGImages/2011_000837.jpg 195,1,335,44,8 1,77,57,196,8 45,318,347,375,8 1,40,455,375,20
/media/xinje/New Volume/VOC07&12/VOC2012/JPEGImages/2011_000847.jpg 138,34,221,358,5 222,36,306,357,5 1,223,500,375,20 1,145,88,241,20
/media/xinje/New Volume/VOC07&12/VOC2012/JPEGImages/2011_000875.jpg 9,10,114,98,13 107,160,214,207,13 284,166,375,207,13 489,183,500,238,5 467,201,490,235,5 273,202,343,274,8 173,231,226,375,8 204,270,499,374,20 203,276,244,375,8 484,210,499,236,5
/media/xinje/New Volume/VOC07&12/VOC2012/JPEGImages/2011_000947.jpg 140,264,158,326,5 295,207,336,232,8 324,215,360,304,8 373,220,500,375,15 145,181,199,261,19 214,183,247,228,19 132,206,161,267,8 189,216,247,246,8 25,239,357,375,20
/media/xinje/New Volume/VOC07&12/VOC2012/JPEGImages/2011_000996.jpg 1,132,92,197,19 1,72,126,271,19 124,135,500,375,19 428,131,500,368,19 320,79,406,157,19 201,79,307,194,19 274,62,358,210,19 104,259,135,359,5 149,287,181,352,5 238,188,262,255,5 163,176,202,290,5 218,160,240,223,5 27,136,500,375,20
/media/xinje/New Volume/VOC07&12/VOC2012/JPEGImages/2011_001009.jpg 424,79,498,257,13 176,236,388,374,8 307,187,440,375,8 399,151,456,328,8 1,195,34,362,8 137,125,165,160,8 1,134,352,375,20 190,101,405,342,19 323,70,459,222,19 249,58,346,146,19 158,72,232,159,19 74,92,154,186,19 1,88,119,358,19
/media/xinje/New Volume/VOC07&12/VOC2012/JPEGImages/2011_001139.jpg 140,20,386,152,3 77,38,226,226,3 1,1,70,61,8 1,1,500,375,20
/media/xinje/New Volume/VOC07&12/VOC2012/JPEGImages/2011_001208.jpg 187,167,351,375,8 93,184,438,339,20 327,160,500,375,8 118,164,222,351,8 63,155,150,322,8 98,141,169,191,8 230,143,280,176,8 290,144,343,195,8 347,147,417,202,8 439,98,500,164,13
/media/xinje/New Volume/VOC07&12/VOC2012/JPEGImages/2011_001215.jpg 139,262,500,375,20 244,119,394,280,19 30,130,242,375,19 70,132,279,251,15
/media/xinje/New Volume/VOC07&12/VOC2012/JPEGImages/2011_001220.jpg 60,35,436,332,20 172,1,328,50,19
/media/xinje/New Volume/VOC07&12/VOC2012/JPEGImages/2011_001336.jpg 1,210,500,375,20 54,55,161,192,19 143,1,296,192,19 238,51,406,209,19
/media/xinje/New Volume/VOC07&12/VOC2012/JPEGImages/2011_001382.jpg 147,93,227,258,13 446,96,499,342,5 216,1,307,288,5 336,142,424,285,5 1,172,500,375,20 1,1,228,202,19
/media/xinje/New Volume/VOC07&12/VOC2012/JPEGImages/2011_001412.jpg 114,33,219,118,13 1,107,182,220,15 125,113,225,258,8 308,128,402,248,8 330,102,442,293,8 413,107,500,276,8 223,104,500,297,20
/media/xinje/New Volume/VOC07&12/VOC2012/JPEGImages/2011_001526.jpg 426,147,500,294,8 1,161,75,375,8 55,220,500,375,20 1,62,256,375,19 253,76,497,292,19
/media/xinje/New Volume/VOC07&12/VOC2012/JPEGImages/2011_001571.jpg 232,253,260,332,5 181,192,215,265,5 129,201,188,257,5 54,274,85,332,5 147,269,169,333,5 385,273,446,331,8 1,235,48,294,8 1,253,364,332,20 184,118,405,333,19 40,91,186,273,19
/media/xinje/New Volume/VOC07&12/VOC2012/JPEGImages/2011_001586.jpg 118,1,340,106,8 1,103,500,374,20
/media/xinje/New Volume/VOC07&12/VOC2012/JPEGImages/2011_001616.jpg 20,306,58,368,8 28,319,500,375,20 406,117,500,335,19 322,100,410,255,19 242,116,345,272,19 107,102,218,257,19 5,103,107,306,19 53,183,160,358,19 153,170,296,333,19 290,182,419,329,19
/media/xinje/New Volume/VOC07&12/VOC2012/JPEGImages/2011_001715.jpg 213,1,310,148,8 295,22,395,166,8 223,1,401,130,20
/media/xinje/New Volume/VOC07&12/VOC2012/JPEGImages/2011_001884.jpg 219,172,500,372,20 102,107,297,203,20 187,148,313,372,8 260,142,316,210,8 320,136,364,194,8 367,136,402,183,8 330,224,500,372,8 403,270,500,372,8 84,109,111,203,8 103,110,168,217,8 155,118,216,220,8 223,114,257,152,8 258,112,293,146,8
/media/xinje/New Volume/VOC07&12/VOC2012/JPEGImages/2011_001920.jpg 1,300,290,375,20 1,44,188,315,19 160,37,410,375,19 107,98,499,375,19
/media/xinje/New Volume/VOC07&12/VOC2012/JPEGImages/2011_002142.jpg 67,194,369,370,20 341,190,500,375,19 26,163,191,375,19 15,135,94,303,19 119,137,169,213,19 165,112,254,200,19 253,126,331,206,19 366,132,440,203,19 271,147,427,357,19
/media/xinje/New Volume/VOC07&12/VOC2012/JPEGImages/2011_002147.jpg 68,77,342,439,18 1,17,375,500,20 140,1,277,32,8
/media/xinje/New Volume/VOC07&12/VOC2012/JPEGImages/2011_002348.jpg 281,209,305,305,5 73,153,212,286,8 53,262,499,375,20 299,119,500,323,19 94,161,184,287,19 1,119,75,249,8
/media/xinje/New Volume/VOC07&12/VOC2012/JPEGImages/2011_002394.jpg 277,99,295,163,5 389,312,498,375,8 2,262,148,374,8 104,143,180,240,8 62,147,373,374,20 1,57,202,375,19 102,53,230,229,19 363,64,405,120,19 348,81,500,375,19
/media/xinje/New Volume/VOC07&12/VOC2012/JPEGImages/2011_002422.jpg 73,224,187,375,8 7,223,420,375,20 210,231,300,354,8 248,299,292,375,5 398,236,446,365,8 202,80,314,234,19
/media/xinje/New Volume/VOC07&12/VOC2012/JPEGImages/2011_002462.jpg 318,105,450,205,17 21,225,500,375,20 106,169,168,292,19 277,134,362,225,8 3,142,103,340,8 1,214,48,375,8 271,123,278,141,5
/media/xinje/New Volume/VOC07&12/VOC2012/JPEGImages/2011_002488.jpg 218,373,239,433,5 114,164,207,430,19 142,356,230,430,8 113,380,333,493,20
/media/xinje/New Volume/VOC07&12/VOC2012/JPEGImages/2011_002606.jpg 14,119,362,420,20 267,1,369,126,19
/media/xinje/New Volume/VOC07&12/VOC2012/JPEGImages/2011_002614.jpg 186,84,321,268,8 1,69,52,155,8 124,59,233,240,8 3,62,255,255,20 74,255,435,333,20 309,48,500,333,19 1,65,155,333,19 243,1,348,132,13
/media/xinje/New Volume/VOC07&12/VOC2012/JPEGImages/2011_002650.jpg 81,223,285,375,8 52,146,159,307,8 344,197,497,374,8 145,171,355,327,20 341,101,397,304,19 104,101,216,244,19
/media/xinje/New Volume/VOC07&12/VOC2012/JPEGImages/2011_002748.jpg 108,289,375,500,20 1,97,210,491,19 161,106,268,351,19
/media/xinje/New Volume/VOC07&12/VOC2012/JPEGImages/2011_002798.jpg 283,187,302,262,5 260,184,279,249,5 242,194,258,259,5 231,197,254,270,5 23,190,152,333,8 294,179,417,333,8 80,229,386,333,20 96,112,222,333,19 289,113,499,332,19 1,245,122,333,8
/media/xinje/New Volume/VOC07&12/VOC2012/JPEGImages/2011_002803.jpg 239,126,272,193,5 93,219,211,375,8 328,217,443,375,8 153,214,371,374,20 245,118,395,369,19 108,120,295,367,19
/media/xinje/New Volume/VOC07&12/VOC2012/JPEGImages/2011_002814.jpg 474,271,499,302,13 193,185,240,263,8 236,172,286,267,8 264,167,273,200,8 211,164,241,184,8 149,174,202,259,8 162,169,177,202,8 168,179,276,263,20 1,261,342,375,15 434,174,446,201,5 382,154,396,194,5 85,152,99,174,17
/media/xinje/New Volume/VOC07&12/VOC2012/JPEGImages/2011_002881.jpg 113,258,500,375,20 73,184,209,227,20 241,1,465,299,19 1,1,329,375,19 102,77,198,194,19 190,138,500,306,15 112,212,356,282,20
/media/xinje/New Volume/VOC07&12/VOC2012/JPEGImages/2011_002911.jpg 238,24,499,375,10 1,103,132,346,20 19,21,79,137,5
/media/xinje/New Volume/VOC07&12/VOC2012/JPEGImages/2011_002920.jpg 232,187,336,268,5 36,69,333,374,19 286,111,436,336,19 192,19,206,65,5 180,17,192,64,5 165,18,178,64,5 150,16,164,61,5 136,15,148,61,5 122,13,136,62,5 104,11,122,61,5 91,11,106,61,5 76,10,90,58,5 60,11,74,59,5 34,9,52,57,5 18,9,34,56,5 1,11,14,57,5 138,75,148,101,5 123,73,134,120,5 107,71,121,121,5 92,73,106,120,5 76,67,93,121,5 60,65,77,121,5 37,64,52,121,5 20,69,36,121,5 24,129,38,146,5 37,131,52,147,5 60,133,74,149,5 72,129,86,146,5 84,130,98,147,5 96,130,112,147,5 110,130,126,147,5 25,158,42,179,5 34,185,51,210,5 108,304,500,374,20 16,251,38,298,5 1,280,23,314,5 63,152,80,177,5 1,77,26,286,19
/media/xinje/New Volume/VOC07&12/VOC2012/JPEGImages/2011_002924.jpg 19,1,206,110,13 57,87,375,500,8 222,1,375,276,8 1,2,375,344,20
/media/xinje/New Volume/VOC07&12/VOC2012/JPEGImages/2011_002927.jpg 342,192,355,223,5 234,233,340,356,8 211,221,276,357,8 108,200,159,238,8 73,227,355,357,20 89,255,200,357,8 69,237,93,357,8 8,51,90,99,13
/media/xinje/New Volume/VOC07&12/VOC2012/JPEGImages/2011_002940.jpg 216,208,244,299,5 243,170,260,232,5 107,198,386,375,20 372,113,500,375,19 332,92,453,353,19 81,120,199,267,19 2,116,149,375,19 222,171,239,229,5 238,48,284,107,19
/media/xinje/New Volume/VOC07&12/VOC2012/JPEGImages/2011_002966.jpg 367,265,422,375,5 337,210,374,350,5 239,193,260,261,5 32,1,208,94,17 1,90,176,375,19 67,101,233,375,19 159,98,226,215,19 171,83,295,257,19 234,115,406,289,19 353,121,420,212,19 397,132,500,336,19 177,246,500,375,20
/media/xinje/New Volume/VOC07&12/VOC2012/JPEGImages/2011_002974.jpg 47,14,149,366,5 1,240,332,500,20 1,1,85,161,19 226,1,333,191,19 123,2,218,96,19
/media/xinje/New Volume/VOC07&12/VOC2012/JPEGImages/2011_003049.jpg 111,148,186,304,8 2,172,247,320,20 160,162,262,320,8 12,180,146,320,8 1,154,30,193,8 134,152,358,270,15 358,116,477,217,8 140,126,226,158,15
/media/xinje/New Volume/VOC07&12/VOC2012/JPEGImages/2011_003066.jpg 218,255,263,348,5 1,104,91,216,8 48,100,112,188,8 286,75,328,128,8 316,82,394,182,8 316,92,387,201,8 475,89,496,126,8 89,196,142,261,8 160,170,193,238,8 38,34,153,180,19 163,28,232,96,19 130,44,232,208,19 70,86,183,206,20 350,77,493,165,20 306,32,369,163,19 1,133,164,375,19 178,65,318,237,19 374,65,500,244,19 100,212,500,375,20
/media/xinje/New Volume/VOC07&12/VOC2012/JPEGImages/2011_003158.jpg 1,61,489,315,20 200,64,235,145,5 1,81,74,143,8 283,32,402,104,8
/media/xinje/New Volume/VOC07&12/VOC2012/JPEGImages/2011_003183.jpg 176,197,374,330,20 169,203,248,329,8 260,208,332,328,8 218,188,283,301,8 286,191,349,301,8
