/media/xinje/New Volume/VOC07&12/VOC2012/JPEGImages/2008_000008.jpg 53,87,471,420,11 158,44,289,167,19
/media/xinje/New Volume/VOC07&12/VOC2012/JPEGImages/2008_000141.jpg 94,9,500,333,11 42,167,75,223,19
/media/xinje/New Volume/VOC07&12/VOC2012/JPEGImages/2008_000142.jpg 109,75,494,333,11 93,159,105,188,19 36,100,129,333,19
/media/xinje/New Volume/VOC07&12/VOC2012/JPEGImages/2008_000371.jpg 189,129,374,276,11 191,146,216,179,11 259,95,305,208,19
/media/xinje/New Volume/VOC07&12/VOC2012/JPEGImages/2008_000428.jpg 1,43,378,237,11
/media/xinje/New Volume/VOC07&12/VOC2012/JPEGImages/2008_000499.jpg 113,144,339,277,11 226,105,287,221,19
/media/xinje/New Volume/VOC07&12/VOC2012/JPEGImages/2008_000552.jpg 3,77,385,330,11 157,13,304,167,19
/media/xinje/New Volume/VOC07&12/VOC2012/JPEGImages/2008_000696.jpg 208,9,284,226,11
/media/xinje/New Volume/VOC07&12/VOC2012/JPEGImages/2008_000912.jpg 16,157,132,249,11 108,26,338,480,11
/media/xinje/New Volume/VOC07&12/VOC2012/JPEGImages/2008_001031.jpg 65,33,157,317,19 60,138,214,500,11
/media/xinje/New Volume/VOC07&12/VOC2012/JPEGImages/2008_001112.jpg 142,164,330,500,19 1,205,201,468,11
/media/xinje/New Volume/VOC07&12/VOC2012/JPEGImages/2008_001171.jpg 14,8,475,405,11 40,101,112,252,19 1,44,32,328,19
/media/xinje/New Volume/VOC07&12/VOC2012/JPEGImages/2008_001235.jpg 10,66,77,348,19 130,32,488,315,11
/media/xinje/New Volume/VOC07&12/VOC2012/JPEGImages/2008_001278.jpg 71,32,356,300,11 375,83,391,127,19 362,85,377,122,19
/media/xinje/New Volume/VOC07&12/VOC2012/JPEGImages/2008_001382.jpg 172,59,334,444,19 101,8,500,444,11
/media/xinje/New Volume/VOC07&12/VOC2012/JPEGImages/2008_001464.jpg 153,192,333,390,11 215,176,275,298,19 23,268,53,348,19 84,278,106,359,19 92,282,122,366,19 119,276,151,368,19 291,251,312,278,19 318,251,333,285,19 320,275,333,365,19
/media/xinje/New Volume/VOC07&12/VOC2012/JPEGImages/2008_001645.jpg 284,153,489,350,19 1,1,269,350,11
/media/xinje/New Volume/VOC07&12/VOC2012/JPEGImages/2008_001729.jpg 71,94,229,279,11 144,71,188,205,19
/media/xinje/New Volume/VOC07&12/VOC2012/JPEGImages/2008_002338.jpg 238,140,333,308,11 171,116,235,305,11
/media/xinje/New Volume/VOC07&12/VOC2012/JPEGImages/2008_002411.jpg 137,216,339,388,11 1,244,197,400,11 197,174,242,302,19 42,180,112,341,19
/media/xinje/New Volume/VOC07&12/VOC2012/JPEGImages/2008_002459.jpg 213,5,289,217,19 67,104,394,319,11 29,103,72,200,19 5,145,84,243,11 436,176,477,224,19 466,166,493,223,19
/media/xinje/New Volume/VOC07&12/VOC2012/JPEGImages/2008_002665.jpg 46,220,277,375,11 261,26,497,375,19
/media/xinje/New Volume/VOC07&12/VOC2012/JPEGImages/2008_002666.jpg 208,82,322,330,19 87,195,332,499,11
/media/xinje/New Volume/VOC07&12/VOC2012/JPEGImages/2008_002686.jpg 107,19,417,333,11 487,149,500,168,9 429,146,486,177,9 358,152,378,171,9
/media/xinje/New Volume/VOC07&12/VOC2012/JPEGImages/2008_002697.jpg 69,116,333,347,11
/media/xinje/New Volume/VOC07&12/VOC2012/JPEGImages/2008_002762.jpg 107,12,357,364,19 26,93,475,495,11
/media/xinje/New Volume/VOC07&12/VOC2012/JPEGImages/2008_002866.jpg 1,27,303,500,11 200,300,216,353,19 183,302,199,356,19
/media/xinje/New Volume/VOC07&12/VOC2012/JPEGImages/2008_002993.jpg 77,142,345,303,11
/media/xinje/New Volume/VOC07&12/VOC2012/JPEGImages/2008_003018.jpg 32,22,317,459,11 7,182,155,483,19
/media/xinje/New Volume/VOC07&12/VOC2012/JPEGImages/2008_003043.jpg 298,181,458,333,11 266,174,422,321,11 104,185,142,279,19 184,183,249,274,19
/media/xinje/New Volume/VOC07&12/VOC2012/JPEGImages/2008_003182.jpg 181,187,319,500,19 71,181,333,500,11 211,312,235,358,5
/media/xinje/New Volume/VOC07&12/VOC2012/JPEGImages/2008_003242.jpg 54,4,335,334,19 1,146,480,334,11
/media/xinje/New Volume/VOC07&12/VOC2012/JPEGImages/2008_003272.jpg 156,27,195,63,10 86,35,123,65,10 50,10,93,69,10 22,39,60,68,10 351,70,396,206,11 390,45,456,210,11
/media/xinje/New Volume/VOC07&12/VOC2012/JPEGImages/2008_003283.jpg 1,116,340,341,11 52,21,189,341,19 325,93,466,341,19
/media/xinje/New Volume/VOC07&12/VOC2012/JPEGImages/2008_003380.jpg 251,186,299,214,11 270,179,284,205,19
/media/xinje/New Volume/VOC07&12/VOC2012/JPEGImages/2008_003447.jpg 118,82,393,366,11 204,129,283,374,19
/media/xinje/New Volume/VOC07&12/VOC2012/JPEGImages/2008_003596.jpg 87,148,243,480,11 92,15,197,246,19 166,154,333,470,19
/media/xinje/New Volume/VOC07&12/VOC2012/JPEGImages/2008_003677.jpg 216,52,315,221,19 68,83,403,301,11
/media/xinje/New Volume/VOC07&12/VOC2012/JPEGImages/2008_003802.jpg 178,119,370,245,11 38,97,197,245,11 1,114,77,240,11 268,106,321,166,19 90,91,151,162,19 1,97,37,140,19
/media/xinje/New Volume/VOC07&12/VOC2012/JPEGImages/2008_004195.jpg 30,122,304,277,11 157,71,223,203,19
/media/xinje/New Volume/VOC07&12/VOC2012/JPEGImages/2008_004430.jpg 1,1,496,333,11
/media/xinje/New Volume/VOC07&12/VOC2012/JPEGImages/2008_004539.jpg 1,59,404,375,11 52,150,276,352,11 285,241,325,285,19
/media/xinje/New Volume/VOC07&12/VOC2012/JPEGImages/2008_004545.jpg 174,242,205,314,11 203,237,237,311,11 231,232,259,293,11 268,247,309,319,11 303,241,346,308,11 295,195,331,248,11 258,214,283,276,11 233,210,265,243,11 100,208,116,273,11 114,228,147,304,11 1,186,27,251,11 2,173,25,203,19 100,196,116,236,19 116,220,144,260,19 177,226,205,268,19 210,228,234,256,19 233,218,260,258,19 269,231,309,276,19 308,229,339,267,19 298,178,331,224,19 245,195,265,222,19 265,195,281,214,19
/media/xinje/New Volume/VOC07&12/VOC2012/JPEGImages/2008_004584.jpg 1,148,323,375,11 1,1,421,375,11
/media/xinje/New Volume/VOC07&12/VOC2012/JPEGImages/2008_004649.jpg 185,110,264,299,11 168,58,276,217,19
/media/xinje/New Volume/VOC07&12/VOC2012/JPEGImages/2008_004764.jpg 22,109,447,417,11 202,32,331,239,19
/media/xinje/New Volume/VOC07&12/VOC2012/JPEGImages/2008_004868.jpg 2,3,320,355,11 307,67,496,356,19
/media/xinje/New Volume/VOC07&12/VOC2012/JPEGImages/2008_004892.jpg 20,92,144,308,11 131,102,228,298,11 202,99,286,307,11 289,103,374,292,11 373,88,449,286,11 430,117,500,307,11 9,66,106,201,19 120,74,202,200,19 191,71,279,181,19 269,86,334,177,19 351,65,423,184,19 411,68,500,214,19
/media/xinje/New Volume/VOC07&12/VOC2012/JPEGImages/2008_004911.jpg 138,64,375,363,11
/media/xinje/New Volume/VOC07&12/VOC2012/JPEGImages/2008_005168.jpg 453,152,500,200,6 13,174,215,342,11 249,132,291,188,19 291,109,429,375,19
/media/xinje/New Volume/VOC07&12/VOC2012/JPEGImages/2008_005365.jpg 59,51,396,465,11 176,1,282,294,19 363,168,425,398,19 386,157,470,400,19 72,235,225,415,19 72,297,147,414,8
/media/xinje/New Volume/VOC07&12/VOC2012/JPEGImages/2008_005396.jpg 1,1,290,500,11
/media/xinje/New Volume/VOC07&12/VOC2012/JPEGImages/2008_005408.jpg 90,70,461,353,11 216,48,337,201,19
/media/xinje/New Volume/VOC07&12/VOC2012/JPEGImages/2008_005473.jpg 85,139,203,232,11 220,146,247,220,11 290,143,325,229,11 314,134,384,216,11
/media/xinje/New Volume/VOC07&12/VOC2012/JPEGImages/2008_005558.jpg 62,187,389,410,11 136,79,231,272,19
/media/xinje/New Volume/VOC07&12/VOC2012/JPEGImages/2008_005589.jpg 1,1,500,439,11
/media/xinje/New Volume/VOC07&12/VOC2012/JPEGImages/2008_005668.jpg 114,128,500,375,11
/media/xinje/New Volume/VOC07&12/VOC2012/JPEGImages/2008_005682.jpg 345,102,418,242,11 355,56,423,181,19 80,78,114,100,11 43,76,59,100,11
/media/xinje/New Volume/VOC07&12/VOC2012/JPEGImages/2008_005705.jpg 325,103,464,298,11 105,115,215,241,11
/media/xinje/New Volume/VOC07&12/VOC2012/JPEGImages/2008_005791.jpg 5,113,417,346,11 203,57,310,264,19
/media/xinje/New Volume/VOC07&12/VOC2012/JPEGImages/2008_005818.jpg 315,28,465,315,11 302,102,365,272,11 188,117,314,287,11 109,91,226,287,11 1,127,58,272,11
/media/xinje/New Volume/VOC07&12/VOC2012/JPEGImages/2008_006096.jpg 132,76,344,238,11 65,83,184,198,11 213,36,257,166,19 134,52,170,148,19 112,62,137,103,19 43,88,114,187,11
/media/xinje/New Volume/VOC07&12/VOC2012/JPEGImages/2008_006235.jpg 51,61,362,489,11 208,213,375,422,11 1,158,57,434,19
/media/xinje/New Volume/VOC07&12/VOC2012/JPEGImages/2008_006317.jpg 261,35,317,187,19 139,88,388,285,11
/media/xinje/New Volume/VOC07&12/VOC2012/JPEGImages/2008_006390.jpg 84,164,240,364,11 188,133,237,192,19 221,127,246,157,19 320,119,381,237,19 312,126,337,162,19 360,119,392,231,19 374,129,406,201,19 333,135,348,145,19 300,129,321,194,19 240,67,365,191,19
/media/xinje/New Volume/VOC07&12/VOC2012/JPEGImages/2008_006434.jpg 150,48,433,333,11
/media/xinje/New Volume/VOC07&12/VOC2012/JPEGImages/2008_006448.jpg 300,93,500,375,19 170,202,303,375,11 34,217,160,375,11 188,135,293,313,19 34,132,164,358,19
/media/xinje/New Volume/VOC07&12/VOC2012/JPEGImages/2008_006613.jpg 143,133,255,366,11 247,123,341,375,11 165,35,247,252,19 280,45,365,264,19
/media/xinje/New Volume/VOC07&12/VOC2012/JPEGImages/2008_006650.jpg 63,52,280,500,11 314,248,375,500,19 1,238,118,500,19
/media/xinje/New Volume/VOC07&12/VOC2012/JPEGImages/2008_006909.jpg 186,44,354,375,11
/media/xinje/New Volume/VOC07&12/VOC2012/JPEGImages/2008_006953.jpg 17,169,303,500,11 86,18,244,339,19
/media/xinje/New Volume/VOC07&12/VOC2012/JPEGImages/2008_007004.jpg 38,43,487,346,11
/media/xinje/New Volume/VOC07&12/VOC2012/JPEGImages/2008_007237.jpg 228,132,281,218,11 64,154,118,204,11 287,100,327,155,19 30,154,49,204,19 47,156,65,196,19 144,135,166,162,19
/media/xinje/New Volume/VOC07&12/VOC2012/JPEGImages/2008_007424.jpg 162,35,500,333,11
/media/xinje/New Volume/VOC07&12/VOC2012/JPEGImages/2008_007444.jpg 83,20,409,358,11 1,1,166,320,11
/media/xinje/New Volume/VOC07&12/VOC2012/JPEGImages/2008_007524.jpg 1,95,147,320,11 161,104,368,332,11 109,163,243,292,11 405,98,500,375,19 350,7,500,126,19
/media/xinje/New Volume/VOC07&12/VOC2012/JPEGImages/2008_007576.jpg 12,209,306,491,11 79,146,177,401,19
/media/xinje/New Volume/VOC07&12/VOC2012/JPEGImages/2008_007588.jpg 277,68,331,112,11 158,79,189,110,11 77,76,124,117,11 113,93,360,480,11
/media/xinje/New Volume/VOC07&12/VOC2012/JPEGImages/2008_007625.jpg 1,122,257,492,11 13,37,111,359,19
/media/xinje/New Volume/VOC07&12/VOC2012/JPEGImages/2008_007897.jpg 279,141,404,387,11 1,45,295,356,11 110,44,400,228,11
/media/xinje/New Volume/VOC07&12/VOC2012/JPEGImages/2008_007998.jpg 143,119,151,150,5 155,119,165,150,5 168,120,177,150,5 181,120,190,151,5 195,120,202,150,5 207,121,216,150,5 220,121,230,151,5 266,162,410,266,11
/media/xinje/New Volume/VOC07&12/VOC2012/JPEGImages/2008_008012.jpg 42,30,272,490,11 1,1,94,422,11
/media/xinje/New Volume/VOC07&12/VOC2012/JPEGImages/2008_008031.jpg 117,100,372,294,11
/media/xinje/New Volume/VOC07&12/VOC2012/JPEGImages/2008_008034.jpg 151,172,431,373,11 197,103,349,335,19
/media/xinje/New Volume/VOC07&12/VOC2012/JPEGImages/2008_008147.jpg 311,210,427,329,11 1,56,452,348,11 1,1,265,304,19 2,19,132,166,19
/media/xinje/New Volume/VOC07&12/VOC2012/JPEGImages/2008_008193.jpg 156,42,458,299,11
/media/xinje/New Volume/VOC07&12/VOC2012/JPEGImages/2008_008212.jpg 192,39,275,242,19 67,97,377,346,11 156,235,245,282,13 107,240,156,283,13
/media/xinje/New Volume/VOC07&12/VOC2012/JPEGImages/2008_008229.jpg 184,155,303,356,11 301,194,339,341,19 159,116,296,333,19
/media/xinje/New Volume/VOC07&12/VOC2012/JPEGImages/2008_008262.jpg 1,210,90,287,11 110,219,247,320,11 131,198,257,302,11 418,180,470,223,11 376,241,409,368,19 418,231,441,333,19 374,203,404,268,19 222,231,246,321,19 82,220,98,288,19 311,182,383,232,7
/media/xinje/New Volume/VOC07&12/VOC2012/JPEGImages/2008_008356.jpg 185,137,405,275,11
/media/xinje/New Volume/VOC07&12/VOC2012/JPEGImages/2008_008366.jpg 361,1,500,375,11 237,140,308,375,11 128,30,313,375,19
/media/xinje/New Volume/VOC07&12/VOC2012/JPEGImages/2008_008403.jpg 112,33,250,374,11 205,66,324,374,19
/media/xinje/New Volume/VOC07&12/VOC2012/JPEGImages/2008_008431.jpg 1,234,357,500,11 77,41,286,489,19
/media/xinje/New Volume/VOC07&12/VOC2012/JPEGImages/2008_008476.jpg 249,141,428,297,11
/media/xinje/New Volume/VOC07&12/VOC2012/JPEGImages/2008_008487.jpg 71,167,235,328,11 307,109,371,340,19 309,125,347,217,19
/media/xinje/New Volume/VOC07&12/VOC2012/JPEGImages/2008_008533.jpg 80,5,435,376,11
/media/xinje/New Volume/VOC07&12/VOC2012/JPEGImages/2009_000100.jpg 100,86,277,449,11
/media/xinje/New Volume/VOC07&12/VOC2012/JPEGImages/2009_000248.jpg 123,117,421,315,11 230,42,295,239,19
/media/xinje/New Volume/VOC07&12/VOC2012/JPEGImages/2009_000268.jpg 116,138,235,413,11
/media/xinje/New Volume/VOC07&12/VOC2012/JPEGImages/2009_000409.jpg 40,209,119,274,11 147,203,243,263,11 121,201,217,275,11 237,205,294,307,11
/media/xinje/New Volume/VOC07&12/VOC2012/JPEGImages/2009_000529.jpg 263,92,370,316,11 401,1,500,333,19 325,292,431,333,19 223,255,323,333,19 371,176,448,333,19 8,30,168,333,19 134,117,246,333,19 195,214,246,333,19
/media/xinje/New Volume/VOC07&12/VOC2012/JPEGImages/2009_000547.jpg 186,140,407,343,11 53,153,230,335,11 64,48,403,336,11 1,26,264,293,7 334,27,453,312,19 237,54,315,326,19
/media/xinje/New Volume/VOC07&12/VOC2012/JPEGImages/2009_000565.jpg 3,188,82,334,19 204,23,482,347,11 29,21,273,349,11 237,113,272,234,19 380,123,469,292,19
/media/xinje/New Volume/VOC07&12/VOC2012/JPEGImages/2009_000576.jpg 9,36,351,323,11
/media/xinje/New Volume/VOC07&12/VOC2012/JPEGImages/2009_000603.jpg 108,62,322,277,11
/media/xinje/New Volume/VOC07&12/VOC2012/JPEGImages/2009_000642.jpg 76,132,364,343,11 183,45,269,233,19 187,236,216,305,19 251,251,283,300,19
/media/xinje/New Volume/VOC07&12/VOC2012/JPEGImages/2009_000793.jpg 205,206,398,339,11
/media/xinje/New Volume/VOC07&12/VOC2012/JPEGImages/2009_001013.jpg 144,24,243,258,19 35,88,377,362,11
/media/xinje/New Volume/VOC07&12/VOC2012/JPEGImages/2009_001036.jpg 51,98,429,257,11
/media/xinje/New Volume/VOC07&12/VOC2012/JPEGImages/2009_001110.jpg 258,61,333,500,11 203,1,333,336,19
/media/xinje/New Volume/VOC07&12/VOC2012/JPEGImages/2009_001147.jpg 103,107,238,269,11 290,101,415,266,11 456,156,500,278,11
/media/xinje/New Volume/VOC07&12/VOC2012/JPEGImages/2009_001180.jpg 1,1,324,451,11
/media/xinje/New Volume/VOC07&12/VOC2012/JPEGImages/2009_001323.jpg 179,133,298,313,11
/media/xinje/New Volume/VOC07&12/VOC2012/JPEGImages/2009_001448.jpg 197,102,306,375,11 304,101,500,375,11
/media/xinje/New Volume/VOC07&12/VOC2012/JPEGImages/2009_001457.jpg 82,1,375,500,11
/media/xinje/New Volume/VOC07&12/VOC2012/JPEGImages/2009_001500.jpg 121,89,364,294,11 382,87,423,118,11 1,93,46,238,11 115,79,171,115,7
/media/xinje/New Volume/VOC07&12/VOC2012/JPEGImages/2009_001636.jpg 85,52,341,333,11 258,13,463,333,11
/media/xinje/New Volume/VOC07&12/VOC2012/JPEGImages/2009_001664.jpg 129,1,455,301,11
/media/xinje/New Volume/VOC07&12/VOC2012/JPEGImages/2009_001724.jpg 74,76,231,321,11 181,82,438,311,11
/media/xinje/New Volume/VOC07&12/VOC2012/JPEGImages/2009_001749.jpg 337,104,443,375,11 422,128,478,233,11 150,104,353,375,11 81,104,189,375,11 225,99,316,181,11 1,158,132,357,11 441,159,500,374,11
/media/xinje/New Volume/VOC07&12/VOC2012/JPEGImages/2009_001837.jpg 47,82,461,365,11
/media/xinje/New Volume/VOC07&12/VOC2012/JPEGImages/2009_001885.jpg 247,26,500,333,10 6,3,264,333,11
/media/xinje/New Volume/VOC07&12/VOC2012/JPEGImages/2009_001990.jpg 158,158,324,237,12 238,161,254,176,11 282,164,300,178,11 314,164,325,180,11 473,172,500,231,12
/media/xinje/New Volume/VOC07&12/VOC2012/JPEGImages/2009_002037.jpg 15,3,472,332,11 284,1,407,269,19
/media/xinje/New Volume/VOC07&12/VOC2012/JPEGImages/2009_002112.jpg 81,109,284,263,11 328,89,397,194,19 406,95,460,201,19
/media/xinje/New Volume/VOC07&12/VOC2012/JPEGImages/2009_002151.jpg 53,55,366,500,11
/media/xinje/New Volume/VOC07&12/VOC2012/JPEGImages/2009_002182.jpg 93,27,465,287,11 27,85,138,208,19
/media/xinje/New Volume/VOC07&12/VOC2012/JPEGImages/2009_002339.jpg 1,1,362,375,11
/media/xinje/New Volume/VOC07&12/VOC2012/JPEGImages/2009_002416.jpg 254,123,421,299,11 112,6,269,305,11
/media/xinje/New Volume/VOC07&12/VOC2012/JPEGImages/2009_002565.jpg 1,31,334,500,11
/media/xinje/New Volume/VOC07&12/VOC2012/JPEGImages/2009_002697.jpg 57,34,453,307,11
/media/xinje/New Volume/VOC07&12/VOC2012/JPEGImages/2009_002750.jpg 84,88,344,314,11 1,91,292,323,11 134,62,213,141,19 177,78,263,183,19
/media/xinje/New Volume/VOC07&12/VOC2012/JPEGImages/2009_002957.jpg 115,23,427,375,11
/media/xinje/New Volume/VOC07&12/VOC2012/JPEGImages/2009_003082.jpg 99,113,331,298,11 1,179,63,319,11
/media/xinje/New Volume/VOC07&12/VOC2012/JPEGImages/2009_003127.jpg 241,195,335,248,11 364,199,437,244,11
/media/xinje/New Volume/VOC07&12/VOC2012/JPEGImages/2009_003232.jpg 61,88,319,360,11
/media/xinje/New Volume/VOC07&12/VOC2012/JPEGImages/2009_003261.jpg 307,84,500,290,11 114,86,263,375,19 1,18,215,375,19
/media/xinje/New Volume/VOC07&12/VOC2012/JPEGImages/2009_003338.jpg 131,150,200,332,19 168,153,259,332,19 277,122,365,332,19 1,34,273,332,11 232,113,500,332,11 382,141,403,159,19 459,135,468,144,19 478,130,500,170,19 357,136,375,151,19
/media/xinje/New Volume/VOC07&12/VOC2012/JPEGImages/2009_003365.jpg 1,22,130,371,19 111,195,333,500,11
/media/xinje/New Volume/VOC07&12/VOC2012/JPEGImages/2009_003533.jpg 61,37,425,354,11
/media/xinje/New Volume/VOC07&12/VOC2012/JPEGImages/2009_003572.jpg 185,82,385,288,11
/media/xinje/New Volume/VOC07&12/VOC2012/JPEGImages/2009_003734.jpg 221,143,397,256,11 260,86,334,200,19
/media/xinje/New Volume/VOC07&12/VOC2012/JPEGImages/2009_003739.jpg 393,85,500,301,19 154,76,214,246,19 75,169,322,303,11
/media/xinje/New Volume/VOC07&12/VOC2012/JPEGImages/2009_003768.jpg 20,158,324,426,11 143,84,236,324,19
/media/xinje/New Volume/VOC07&12/VOC2012/JPEGImages/2009_003775.jpg 1,81,454,470,11
/media/xinje/New Volume/VOC07&12/VOC2012/JPEGImages/2009_003897.jpg 234,30,415,375,19 61,114,500,375,11
/media/xinje/New Volume/VOC07&12/VOC2012/JPEGImages/2009_003976.jpg 1,1,297,333,11 1,73,391,333,19
/media/xinje/New Volume/VOC07&12/VOC2012/JPEGImages/2009_004058.jpg 101,74,378,363,11
/media/xinje/New Volume/VOC07&12/VOC2012/JPEGImages/2009_004105.jpg 80,40,412,374,11 1,1,207,228,11
/media/xinje/New Volume/VOC07&12/VOC2012/JPEGImages/2009_004118.jpg 209,68,479,300,11 292,44,390,155,19 106,106,237,300,11 43,55,127,162,19 1,66,60,291,11 103,66,173,137,19
/media/xinje/New Volume/VOC07&12/VOC2012/JPEGImages/2009_004134.jpg 108,60,344,346,11 99,22,452,352,11
/media/xinje/New Volume/VOC07&12/VOC2012/JPEGImages/2009_004279.jpg 86,35,224,256,11 67,116,322,334,19 186,57,496,334,19
/media/xinje/New Volume/VOC07&12/VOC2012/JPEGImages/2009_004454.jpg 162,134,337,304,11
/media/xinje/New Volume/VOC07&12/VOC2012/JPEGImages/2009_004606.jpg 1,59,305,500,11
/media/xinje/New Volume/VOC07&12/VOC2012/JPEGImages/2009_004662.jpg 1,86,133,220,11 32,121,249,289,11 32,72,367,283,11
/media/xinje/New Volume/VOC07&12/VOC2012/JPEGImages/2009_004790.jpg 128,16,426,500,11
/media/xinje/New Volume/VOC07&12/VOC2012/JPEGImages/2009_004815.jpg 68,16,333,467,11
/media/xinje/New Volume/VOC07&12/VOC2012/JPEGImages/2009_005000.jpg 37,48,275,500,11
/media/xinje/New Volume/VOC07&12/VOC2012/JPEGImages/2009_005035.jpg 138,81,232,230,19 157,123,218,317,11
/media/xinje/New Volume/VOC07&12/VOC2012/JPEGImages/2009_005130.jpg 1,65,351,375,11
/media/xinje/New Volume/VOC07&12/VOC2012/JPEGImages/2009_005269.jpg 40,30,184,429,11 131,105,316,441,11 243,86,337,179,19 103,56,148,153,19
/media/xinje/New Volume/VOC07&12/VOC2012/JPEGImages/2010_000071.jpg 1,207,149,428,11 165,231,291,426,11
/media/xinje/New Volume/VOC07&12/VOC2012/JPEGImages/2010_000138.jpg 432,183,475,229,11 205,178,264,237,11 9,175,93,233,11
/media/xinje/New Volume/VOC07&12/VOC2012/JPEGImages/2010_000296.jpg 163,46,450,333,11 240,1,452,320,19
/media/xinje/New Volume/VOC07&12/VOC2012/JPEGImages/2010_000388.jpg 133,49,412,333,11
/media/xinje/New Volume/VOC07&12/VOC2012/JPEGImages/2010_000413.jpg 311,60,485,187,11 165,55,321,180,11 42,50,163,171,11 1,63,20,149,19
/media/xinje/New Volume/VOC07&12/VOC2012/JPEGImages/2010_000613.jpg 112,37,364,307,11
/media/xinje/New Volume/VOC07&12/VOC2012/JPEGImages/2010_000717.jpg 401,76,489,211,19 177,74,259,206,19 30,70,84,191,19 414,152,472,300,11 192,113,257,269,11 1,108,106,251,11
/media/xinje/New Volume/VOC07&12/VOC2012/JPEGImages/2010_000838.jpg 8,4,407,454,11 1,108,72,419,19
/media/xinje/New Volume/VOC07&12/VOC2012/JPEGImages/2010_000849.jpg 236,71,434,375,11 56,95,237,375,11
/media/xinje/New Volume/VOC07&12/VOC2012/JPEGImages/2010_001184.jpg 26,142,375,500,11 43,56,194,335,19
/media/xinje/New Volume/VOC07&12/VOC2012/JPEGImages/2010_001225.jpg 85,1,373,283,11
/media/xinje/New Volume/VOC07&12/VOC2012/JPEGImages/2010_001329.jpg 258,73,396,253,11 298,72,371,186,19
/media/xinje/New Volume/VOC07&12/VOC2012/JPEGImages/2010_001503.jpg 132,115,352,427,11
/media/xinje/New Volume/VOC07&12/VOC2012/JPEGImages/2010_001595.jpg 26,141,314,329,11 294,186,464,284,11 185,78,447,260,11
/media/xinje/New Volume/VOC07&12/VOC2012/JPEGImages/2010_001676.jpg 43,51,419,313,11 73,48,480,323,11
/media/xinje/New Volume/VOC07&12/VOC2012/JPEGImages/2010_001759.jpg 262,137,459,295,11 1,125,218,309,11
/media/xinje/New Volume/VOC07&12/VOC2012/JPEGImages/2010_001797.jpg 102,164,307,318,11
/media/xinje/New Volume/VOC07&12/VOC2012/JPEGImages/2010_001852.jpg 297,26,500,323,11 1,1,215,259,11
/media/xinje/New Volume/VOC07&12/VOC2012/JPEGImages/2010_001856.jpg 1,80,165,341,11 201,78,355,365,19 386,43,494,206,19 349,103,415,218,19
/media/xinje/New Volume/VOC07&12/VOC2012/JPEGImages/2010_002168.jpg 214,24,494,375,11 158,304,186,348,3 4,66,54,192,11 393,100,500,256,7
/media/xinje/New Volume/VOC07&12/VOC2012/JPEGImages/2010_002221.jpg 1,68,499,397,11 75,73,230,398,19 384,224,446,398,19 443,283,500,398,19 216,187,269,252,19 355,271,393,398,19 480,238,500,269,19 467,243,486,276,19
/media/xinje/New Volume/VOC07&12/VOC2012/JPEGImages/2010_002459.jpg 66,34,270,339,11
/media/xinje/New Volume/VOC07&12/VOC2012/JPEGImages/2010_002615.jpg 83,116,244,422,11
/media/xinje/New Volume/VOC07&12/VOC2012/JPEGImages/2010_002734.jpg 129,66,222,152,11 261,1,500,333,11
/media/xinje/New Volume/VOC07&12/VOC2012/JPEGImages/2010_002948.jpg 106,52,499,375,11 94,159,247,304,11 56,150,123,212,11 1,133,194,375,7
/media/xinje/New Volume/VOC07&12/VOC2012/JPEGImages/2010_003192.jpg 36,9,287,268,11
/media/xinje/New Volume/VOC07&12/VOC2012/JPEGImages/2010_003280.jpg 10,132,500,375,11 257,95,435,151,11 40,50,259,188,19
/media/xinje/New Volume/VOC07&12/VOC2012/JPEGImages/2010_003297.jpg 163,118,349,286,11 76,153,206,231,19
/media/xinje/New Volume/VOC07&12/VOC2012/JPEGImages/2010_003380.jpg 1,39,355,500,11
/media/xinje/New Volume/VOC07&12/VOC2012/JPEGImages/2010_003576.jpg 295,87,456,334,11 68,95,312,288,11
/media/xinje/New Volume/VOC07&12/VOC2012/JPEGImages/2010_003714.jpg 61,6,199,236,11
/media/xinje/New Volume/VOC07&12/VOC2012/JPEGImages/2010_004045.jpg 209,181,283,255,11 222,233,304,274,11 159,147,266,275,11 400,201,484,245,7 315,186,397,217,7
/media/xinje/New Volume/VOC07&12/VOC2012/JPEGImages/2010_004092.jpg 200,166,384,298,11
/media/xinje/New Volume/VOC07&12/VOC2012/JPEGImages/2010_004160.jpg 211,118,249,207,19 255,127,366,231,11 324,117,488,248,11 287,90,318,153,19 1,112,101,177,7 211,120,254,142,11 193,109,206,126,19 177,109,188,123,19 430,112,447,138,19
/media/xinje/New Volume/VOC07&12/VOC2012/JPEGImages/2010_004247.jpg 89,39,472,371,11
/media/xinje/New Volume/VOC07&12/VOC2012/JPEGImages/2010_004325.jpg 200,101,255,269,11 140,73,204,282,19 226,91,272,281,19 262,102,319,268,19
/media/xinje/New Volume/VOC07&12/VOC2012/JPEGImages/2010_004363.jpg 1,1,321,315,11 121,55,170,108,8
/media/xinje/New Volume/VOC07&12/VOC2012/JPEGImages/2010_004477.jpg 322,179,378,319,11
/media/xinje/New Volume/VOC07&12/VOC2012/JPEGImages/2010_004913.jpg 121,168,147,184,11 187,164,204,177,11
/media/xinje/New Volume/VOC07&12/VOC2012/JPEGImages/2010_004922.jpg 199,212,298,375,19 155,237,214,320,19 165,270,214,364,11
/media/xinje/New Volume/VOC07&12/VOC2012/JPEGImages/2010_005019.jpg 78,107,452,350,11 212,40,288,240,19 424,152,500,188,7
/media/xinje/New Volume/VOC07&12/VOC2012/JPEGImages/2010_005270.jpg 179,175,261,315,11 159,169,323,299,11 277,212,339,295,11 107,251,150,293,10 227,139,264,228,19 280,150,310,249,19 165,146,247,269,19
/media/xinje/New Volume/VOC07&12/VOC2012/JPEGImages/2010_005376.jpg 51,128,414,332,11 1,97,181,333,11
/media/xinje/New Volume/VOC07&12/VOC2012/JPEGImages/2010_005417.jpg 1,37,432,374,11 345,71,427,231,11
/media/xinje/New Volume/VOC07&12/VOC2012/JPEGImages/2010_005471.jpg 41,228,332,500,11 84,8,319,457,19
/media/xinje/New Volume/VOC07&12/VOC2012/JPEGImages/2010_005595.jpg 103,190,281,311,11
/media/xinje/New Volume/VOC07&12/VOC2012/JPEGImages/2010_005748.jpg 175,39,269,273,11 187,23,266,171,19
/media/xinje/New Volume/VOC07&12/VOC2012/JPEGImages/2010_005919.jpg 16,35,404,438,11
/media/xinje/New Volume/VOC07&12/VOC2012/JPEGImages/2011_000022.jpg 99,100,345,488,11 60,131,254,443,11 75,311,109,418,19
/media/xinje/New Volume/VOC07&12/VOC2012/JPEGImages/2011_000343.jpg 2,1,320,500,11
/media/xinje/New Volume/VOC07&12/VOC2012/JPEGImages/2011_000370.jpg 108,109,267,403,11 105,60,273,256,19
/media/xinje/New Volume/VOC07&12/VOC2012/JPEGImages/2011_000538.jpg 267,113,428,275,11 183,126,335,265,11 251,83,292,160,19 332,92,390,201,19
/media/xinje/New Volume/VOC07&12/VOC2012/JPEGImages/2011_000594.jpg 209,53,317,334,11 28,3,228,362,19
/media/xinje/New Volume/VOC07&12/VOC2012/JPEGImages/2011_000628.jpg 7,146,153,321,11 126,146,254,333,11 103,171,137,288,19 75,157,137,375,19 341,139,383,266,19 307,125,331,156,19 289,123,299,155,19 294,125,311,154,19 150,139,163,153,19 165,135,178,149,19 182,129,194,147,19 195,125,205,134,19
/media/xinje/New Volume/VOC07&12/VOC2012/JPEGImages/2011_000675.jpg 434,180,500,251,11 296,160,433,270,11 122,167,188,311,11 33,179,77,230,11 182,176,225,210,11 233,178,267,208,11 196,198,270,254,11 208,175,248,211,11 1,177,25,241,19 121,102,186,231,19 218,174,240,260,19 481,137,500,220,19 336,131,366,221,19 45,170,67,215,19 197,165,216,203,19 239,163,254,207,19 365,147,384,171,19 382,145,395,165,19
/media/xinje/New Volume/VOC07&12/VOC2012/JPEGImages/2011_000748.jpg 254,134,426,355,11 172,135,333,364,11 303,158,397,391,19
/media/xinje/New Volume/VOC07&12/VOC2012/JPEGImages/2011_000771.jpg 356,166,402,212,11 125,135,174,173,11
/media/xinje/New Volume/VOC07&12/VOC2012/JPEGImages/2011_000840.jpg 16,45,304,282,11 261,107,488,270,11
/media/xinje/New Volume/VOC07&12/VOC2012/JPEGImages/2011_000893.jpg 285,41,454,375,11 90,71,301,374,11 1,101,196,375,11 138,183,335,303,11
/media/xinje/New Volume/VOC07&12/VOC2012/JPEGImages/2011_000982.jpg 89,222,180,412,11 126,157,243,394,11
/media/xinje/New Volume/VOC07&12/VOC2012/JPEGImages/2011_001080.jpg 123,112,492,323,11 279,46,329,197,19 41,112,139,318,19 474,182,500,224,7
/media/xinje/New Volume/VOC07&12/VOC2012/JPEGImages/2011_001169.jpg 88,55,395,299,11
/media/xinje/New Volume/VOC07&12/VOC2012/JPEGImages/2011_001253.jpg 54,127,500,449,11 414,168,498,194,7 192,64,290,292,19
/media/xinje/New Volume/VOC07&12/VOC2012/JPEGImages/2011_001537.jpg 96,1,332,438,11
/media/xinje/New Volume/VOC07&12/VOC2012/JPEGImages/2011_001625.jpg 154,96,420,279,11 131,106,374,277,11 73,112,118,269,19 108,120,128,268,19 65,109,139,224,19 444,197,500,228,7
/media/xinje/New Volume/VOC07&12/VOC2012/JPEGImages/2011_001656.jpg 1,119,234,479,11
/media/xinje/New Volume/VOC07&12/VOC2012/JPEGImages/2011_001893.jpg 45,43,402,374,11
/media/xinje/New Volume/VOC07&12/VOC2012/JPEGImages/2011_001956.jpg 109,72,287,449,11 122,37,275,302,19
/media/xinje/New Volume/VOC07&12/VOC2012/JPEGImages/2011_002063.jpg 311,184,467,375,11 53,41,251,295,19
/media/xinje/New Volume/VOC07&12/VOC2012/JPEGImages/2011_002341.jpg 11,61,370,500,11 149,33,248,333,19
/media/xinje/New Volume/VOC07&12/VOC2012/JPEGImages/2011_002448.jpg 84,90,411,324,11
/media/xinje/New Volume/VOC07&12/VOC2012/JPEGImages/2011_002555.jpg 51,23,318,357,11 289,7,409,315,11 30,110,61,146,11 223,49,359,334,19
/media/xinje/New Volume/VOC07&12/VOC2012/JPEGImages/2011_002697.jpg 76,1,311,333,11
/media/xinje/New Volume/VOC07&12/VOC2012/JPEGImages/2011_002884.jpg 201,74,500,294,11 1,38,214,294,19 1,149,299,294,11
/media/xinje/New Volume/VOC07&12/VOC2012/JPEGImages/2011_003184.jpg 152,1,499,375,11
/media/xinje/New Volume/VOC07&12/VOC2012/JPEGImages/2011_003253.jpg 245,201,375,434,11 1,23,274,500,11
