/media/xinje/New Volume/VOC07&12/VOC2012/JPEGImages/2008_000109.jpg 293,70,420,197,12 41,95,444,375,7 228,90,338,365,19
/media/xinje/New Volume/VOC07&12/VOC2012/JPEGImages/2008_000143.jpg 370,105,417,122,7 392,111,500,177,7 1,252,500,332,7 129,80,236,249,12 102,25,212,214,19
/media/xinje/New Volume/VOC07&12/VOC2012/JPEGImages/2008_000144.jpg 147,113,359,287,12 185,56,287,241,19
/media/xinje/New Volume/VOC07&12/VOC2012/JPEGImages/2008_000237.jpg 75,15,93,37,13 1,137,32,172,12 180,103,319,162,7 252,293,288,375,19 209,333,245,375,19
/media/xinje/New Volume/VOC07&12/VOC2012/JPEGImages/2008_000393.jpg 69,94,137,313,19 144,106,208,315,19 221,122,282,317,19 17,110,67,243,19 426,167,460,229,19 430,218,490,320,19 384,162,429,225,19 208,116,241,173,19 267,131,297,195,19 347,150,383,240,19 196,178,355,307,12 274,163,380,293,12 108,91,149,167,19 1,112,25,156,19 429,228,439,246,5 423,226,431,248,5 418,230,427,250,5 410,229,419,261,5
/media/xinje/New Volume/VOC07&12/VOC2012/JPEGImages/2008_000545.jpg 252,170,364,243,12 294,137,339,221,19
/media/xinje/New Volume/VOC07&12/VOC2012/JPEGImages/2008_000563.jpg 217,83,328,221,7 60,55,308,482,19 1,240,197,492,12
/media/xinje/New Volume/VOC07&12/VOC2012/JPEGImages/2008_000689.jpg 29,145,419,329,12 127,71,323,240,19 25,15,104,88,19 84,1,168,73,19 168,1,265,72,19 267,1,347,89,19 310,1,385,84,19 366,6,483,92,19
/media/xinje/New Volume/VOC07&12/VOC2012/JPEGImages/2008_000854.jpg 107,8,162,142,19 76,56,182,143,12
/media/xinje/New Volume/VOC07&12/VOC2012/JPEGImages/2008_000981.jpg 188,1,212,67,19 136,1,159,66,19 8,1,50,60,8 195,50,471,327,12
/media/xinje/New Volume/VOC07&12/VOC2012/JPEGImages/2008_001119.jpg 84,1,391,375,19 159,81,308,348,19 88,170,394,375,12
/media/xinje/New Volume/VOC07&12/VOC2012/JPEGImages/2008_001158.jpg 280,201,397,297,12 108,230,189,271,12 129,208,165,262,19 329,171,381,271,19 277,201,301,272,19
/media/xinje/New Volume/VOC07&12/VOC2012/JPEGImages/2008_001203.jpg 432,272,462,324,12
/media/xinje/New Volume/VOC07&12/VOC2012/JPEGImages/2008_001525.jpg 184,176,261,335,19 162,218,270,375,12 269,238,500,375,12 355,233,500,375,12 228,171,264,320,19
/media/xinje/New Volume/VOC07&12/VOC2012/JPEGImages/2008_001631.jpg 39,97,95,137,7 398,98,455,127,7 7,95,49,119,7 159,66,200,104,19 246,37,322,153,19 311,50,362,181,19 360,56,409,166,19 470,62,500,189,19 12,85,310,354,12 101,91,116,129,19 114,88,127,129,19 13,89,24,129,19 7,97,18,132,19 1,108,10,133,19 436,101,475,126,7
/media/xinje/New Volume/VOC07&12/VOC2012/JPEGImages/2008_001643.jpg 1,8,283,333,19 1,126,500,333,12
/media/xinje/New Volume/VOC07&12/VOC2012/JPEGImages/2008_001690.jpg 209,190,306,255,12 262,207,390,270,12 296,137,372,267,19 244,131,309,250,19 365,116,389,211,19
/media/xinje/New Volume/VOC07&12/VOC2012/JPEGImages/2008_001691.jpg 89,32,431,360,12
/media/xinje/New Volume/VOC07&12/VOC2012/JPEGImages/2008_001699.jpg 102,17,365,375,19 417,1,500,257,19 87,224,347,373,12
/media/xinje/New Volume/VOC07&12/VOC2012/JPEGImages/2008_002123.jpg 452,101,500,223,12 373,106,424,226,12 232,149,381,299,12 1,139,148,349,12 41,78,106,157,19 147,73,246,326,19 141,80,212,289,19 218,89,254,177,19 297,74,365,309,19 398,59,464,292,19
/media/xinje/New Volume/VOC07&12/VOC2012/JPEGImages/2008_002202.jpg 8,137,288,456,12 258,201,320,242,7
/media/xinje/New Volume/VOC07&12/VOC2012/JPEGImages/2008_002370.jpg 258,1,320,110,12 182,1,244,94,12 77,1,197,240,12 98,1,143,72,12 1,1,81,240,2
/media/xinje/New Volume/VOC07&12/VOC2012/JPEGImages/2008_002772.jpg 76,248,370,434,12
/media/xinje/New Volume/VOC07&12/VOC2012/JPEGImages/2008_002774.jpg 99,221,221,431,12 82,137,262,405,19
/media/xinje/New Volume/VOC07&12/VOC2012/JPEGImages/2008_002804.jpg 301,101,372,271,19 272,151,370,326,12
/media/xinje/New Volume/VOC07&12/VOC2012/JPEGImages/2008_002948.jpg 89,58,398,375,15 9,1,169,333,2 397,16,500,375,12 1,1,135,306,2
/media/xinje/New Volume/VOC07&12/VOC2012/JPEGImages/2008_002955.jpg 224,128,338,286,19 25,94,264,306,12
/media/xinje/New Volume/VOC07&12/VOC2012/JPEGImages/2008_002972.jpg 100,1,424,271,12
/media/xinje/New Volume/VOC07&12/VOC2012/JPEGImages/2008_003151.jpg 143,216,318,320,12 225,183,275,294,19
/media/xinje/New Volume/VOC07&12/VOC2012/JPEGImages/2008_003269.jpg 9,1,471,275,12 442,1,483,37,13
/media/xinje/New Volume/VOC07&12/VOC2012/JPEGImages/2008_003323.jpg 125,31,448,375,12 1,81,132,253,12
/media/xinje/New Volume/VOC07&12/VOC2012/JPEGImages/2008_003394.jpg 1,1,500,375,12
/media/xinje/New Volume/VOC07&12/VOC2012/JPEGImages/2008_003429.jpg 159,170,193,228,19 317,141,423,325,19 386,173,452,308,19 252,211,486,360,12
/media/xinje/New Volume/VOC07&12/VOC2012/JPEGImages/2008_003590.jpg 27,15,411,375,12 1,101,55,188,12
/media/xinje/New Volume/VOC07&12/VOC2012/JPEGImages/2008_003637.jpg 155,131,498,347,12 1,101,291,276,12
/media/xinje/New Volume/VOC07&12/VOC2012/JPEGImages/2008_003769.jpg 135,88,274,227,12 127,33,252,173,19 342,149,419,239,19
/media/xinje/New Volume/VOC07&12/VOC2012/JPEGImages/2008_003892.jpg 129,87,265,279,19 29,122,389,306,12
/media/xinje/New Volume/VOC07&12/VOC2012/JPEGImages/2008_003939.jpg 97,336,279,469,12
/media/xinje/New Volume/VOC07&12/VOC2012/JPEGImages/2008_004036.jpg 244,134,326,200,12 265,115,306,183,19
/media/xinje/New Volume/VOC07&12/VOC2012/JPEGImages/2008_004084.jpg 458,179,500,246,12 39,158,120,281,12 2,207,32,290,12 69,190,250,333,12 232,182,482,333,12 1,120,36,326,19 8,132,41,226,19 318,133,341,176,19 334,140,348,170,19 79,125,233,333,19 319,141,417,333,19 247,141,312,247,19
/media/xinje/New Volume/VOC07&12/VOC2012/JPEGImages/2008_004288.jpg 165,50,351,375,19 63,149,467,375,12 1,147,114,242,7 1,134,94,168,7
/media/xinje/New Volume/VOC07&12/VOC2012/JPEGImages/2008_004365.jpg 23,140,263,476,12 36,41,278,411,19
/media/xinje/New Volume/VOC07&12/VOC2012/JPEGImages/2008_004568.jpg 159,117,449,281,12 218,51,325,175,19
/media/xinje/New Volume/VOC07&12/VOC2012/JPEGImages/2008_004611.jpg 269,56,469,254,12 279,1,422,203,19
/media/xinje/New Volume/VOC07&12/VOC2012/JPEGImages/2008_004617.jpg 1,1,375,500,12
/media/xinje/New Volume/VOC07&12/VOC2012/JPEGImages/2008_004668.jpg 1,80,164,248,7 479,1,500,121,19 1,1,46,87,19 12,28,455,375,12
/media/xinje/New Volume/VOC07&12/VOC2012/JPEGImages/2008_004703.jpg 1,136,158,250,12 30,95,123,219,19
/media/xinje/New Volume/VOC07&12/VOC2012/JPEGImages/2008_004786.jpg 199,10,462,233,12 37,10,385,370,12 439,17,500,102,12
/media/xinje/New Volume/VOC07&12/VOC2012/JPEGImages/2008_004822.jpg 93,98,432,300,12
/media/xinje/New Volume/VOC07&12/VOC2012/JPEGImages/2008_004838.jpg 131,1,341,375,12
/media/xinje/New Volume/VOC07&12/VOC2012/JPEGImages/2008_004903.jpg 120,167,264,300,12 120,112,269,298,19
/media/xinje/New Volume/VOC07&12/VOC2012/JPEGImages/2008_004970.jpg 1,1,500,500,12
/media/xinje/New Volume/VOC07&12/VOC2012/JPEGImages/2008_005000.jpg 61,150,170,279,12 58,56,295,261,19
/media/xinje/New Volume/VOC07&12/VOC2012/JPEGImages/2008_005033.jpg 16,5,322,416,12 1,1,386,225,12 254,104,494,416,19 447,1,500,166,19 377,1,425,60,19
/media/xinje/New Volume/VOC07&12/VOC2012/JPEGImages/2008_005172.jpg 20,111,175,237,12 37,72,205,231,19
/media/xinje/New Volume/VOC07&12/VOC2012/JPEGImages/2008_005213.jpg 240,106,500,332,12 50,78,120,183,12 193,81,278,194,12 284,83,321,173,12 308,25,444,265,19 254,25,355,192,19 185,27,271,167,19 49,36,119,154,19
/media/xinje/New Volume/VOC07&12/VOC2012/JPEGImages/2008_005297.jpg 53,61,451,307,12 442,1,489,82,19 435,2,470,73,19
/media/xinje/New Volume/VOC07&12/VOC2012/JPEGImages/2008_005429.jpg 65,144,407,344,12 340,122,500,241,12 156,46,292,370,19 261,5,343,238,19 438,1,479,142,19 477,25,500,133,19
/media/xinje/New Volume/VOC07&12/VOC2012/JPEGImages/2008_005433.jpg 237,189,274,209,12 254,182,267,197,19
/media/xinje/New Volume/VOC07&12/VOC2012/JPEGImages/2008_005593.jpg 75,96,453,132,4 57,105,101,128,4 25,140,433,295,7 405,154,471,239,12
/media/xinje/New Volume/VOC07&12/VOC2012/JPEGImages/2008_005603.jpg 10,34,451,241,12
/media/xinje/New Volume/VOC07&12/VOC2012/JPEGImages/2008_005893.jpg 23,1,483,316,12 1,1,500,196,7
/media/xinje/New Volume/VOC07&12/VOC2012/JPEGImages/2008_005902.jpg 80,115,237,445,12 1,79,20,134,2 38,78,67,130,2 113,91,174,121,2 261,52,375,126,7 214,39,248,100,19 207,41,229,96,19 172,39,203,105,19 85,76,110,128,2
/media/xinje/New Volume/VOC07&12/VOC2012/JPEGImages/2008_006152.jpg 1,217,427,375,12 295,111,457,375,19 181,81,352,375,19
/media/xinje/New Volume/VOC07&12/VOC2012/JPEGImages/2008_006242.jpg 27,1,481,490,12
/media/xinje/New Volume/VOC07&12/VOC2012/JPEGImages/2008_006323.jpg 77,5,383,334,12
/media/xinje/New Volume/VOC07&12/VOC2012/JPEGImages/2008_006345.jpg 203,216,402,425,12
/media/xinje/New Volume/VOC07&12/VOC2012/JPEGImages/2008_006491.jpg 67,160,477,375,12 150,99,240,276,19
/media/xinje/New Volume/VOC07&12/VOC2012/JPEGImages/2008_006497.jpg 270,137,337,187,12 247,151,297,183,19 303,126,345,174,19
/media/xinje/New Volume/VOC07&12/VOC2012/JPEGImages/2008_006549.jpg 66,161,473,375,12 149,99,240,277,19 1,260,49,329,12 6,244,98,306,12
/media/xinje/New Volume/VOC07&12/VOC2012/JPEGImages/2008_006567.jpg 22,130,250,266,12 79,109,174,238,19
/media/xinje/New Volume/VOC07&12/VOC2012/JPEGImages/2008_006857.jpg 139,116,304,414,12 20,128,197,369,19
/media/xinje/New Volume/VOC07&12/VOC2012/JPEGImages/2008_006879.jpg 14,97,249,425,12 118,109,324,304,19
/media/xinje/New Volume/VOC07&12/VOC2012/JPEGImages/2008_006889.jpg 64,46,495,349,12
/media/xinje/New Volume/VOC07&12/VOC2012/JPEGImages/2008_006898.jpg 1,1,246,89,12 1,1,477,375,12
/media/xinje/New Volume/VOC07&12/VOC2012/JPEGImages/2008_007054.jpg 39,72,279,421,12
/media/xinje/New Volume/VOC07&12/VOC2012/JPEGImages/2008_007075.jpg 62,42,430,373,12 79,29,451,217,12 1,1,24,168,19
/media/xinje/New Volume/VOC07&12/VOC2012/JPEGImages/2008_007090.jpg 25,170,156,244,12 6,166,180,228,7 421,157,490,197,7 359,152,423,187,7 326,151,379,183,7 294,156,339,182,7 245,158,270,177,7 255,159,281,263,19 198,159,240,276,19 171,146,212,276,19
/media/xinje/New Volume/VOC07&12/VOC2012/JPEGImages/2008_007138.jpg 133,1,500,277,12 292,1,443,287,19 1,11,73,52,7 29,1,138,46,7 440,1,500,91,19
/media/xinje/New Volume/VOC07&12/VOC2012/JPEGImages/2008_007313.jpg 66,107,198,252,12
/media/xinje/New Volume/VOC07&12/VOC2012/JPEGImages/2008_007325.jpg 328,123,500,259,12 141,127,323,239,12 57,127,246,269,12 28,103,96,308,19 69,124,181,191,19
/media/xinje/New Volume/VOC07&12/VOC2012/JPEGImages/2008_007428.jpg 263,265,304,310,12 324,272,380,320,13 388,267,407,284,13
/media/xinje/New Volume/VOC07&12/VOC2012/JPEGImages/2008_007443.jpg 415,199,449,258,12 340,191,396,265,12 270,173,333,295,19 121,171,154,271,19 146,169,172,222,19 167,174,194,220,19 188,178,202,219,19 235,173,258,219,19 255,169,284,214,19 207,201,293,294,12 127,206,219,315,12 61,206,119,316,12 204,170,237,261,19
/media/xinje/New Volume/VOC07&12/VOC2012/JPEGImages/2008_007485.jpg 156,16,265,255,19 164,105,331,289,12
/media/xinje/New Volume/VOC07&12/VOC2012/JPEGImages/2008_007565.jpg 1,203,318,500,12 86,102,254,500,19 170,119,275,462,19
/media/xinje/New Volume/VOC07&12/VOC2012/JPEGImages/2008_007646.jpg 122,101,385,368,12 220,11,349,299,19
/media/xinje/New Volume/VOC07&12/VOC2012/JPEGImages/2008_007746.jpg 236,90,500,305,12 105,93,276,262,12 67,104,159,229,12 8,95,102,211,12 126,72,151,102,19 103,73,127,117,19 73,63,106,119,19 35,74,68,118,19
/media/xinje/New Volume/VOC07&12/VOC2012/JPEGImages/2008_008018.jpg 47,34,478,369,12
/media/xinje/New Volume/VOC07&12/VOC2012/JPEGImages/2008_008058.jpg 1,156,319,500,12 94,182,271,494,19
/media/xinje/New Volume/VOC07&12/VOC2012/JPEGImages/2008_008097.jpg 424,105,500,194,7 163,180,374,288,2 364,96,438,136,12 383,80,416,125,19 244,115,325,272,19 1,49,103,178,6 77,55,193,104,6 324,18,500,109,6 119,81,206,111,7 224,75,257,93,7 195,69,236,92,7 249,75,280,90,7 266,78,281,92,7 292,70,313,91,7 307,73,327,90,7
/media/xinje/New Volume/VOC07&12/VOC2012/JPEGImages/2008_008148.jpg 114,13,444,365,12
/media/xinje/New Volume/VOC07&12/VOC2012/JPEGImages/2008_008154.jpg 172,24,281,263,19 66,121,182,309,12
/media/xinje/New Volume/VOC07&12/VOC2012/JPEGImages/2008_008218.jpg 237,121,483,276,12 240,75,368,260,19 326,18,351,66,19
/media/xinje/New Volume/VOC07&12/VOC2012/JPEGImages/2008_008227.jpg 274,14,381,213,12
/media/xinje/New Volume/VOC07&12/VOC2012/JPEGImages/2008_008288.jpg 164,56,333,272,19 39,1,500,337,12
/media/xinje/New Volume/VOC07&12/VOC2012/JPEGImages/2008_008324.jpg 105,193,243,447,12
/media/xinje/New Volume/VOC07&12/VOC2012/JPEGImages/2008_008391.jpg 203,120,361,335,12 202,29,361,293,19 416,120,500,236,12 302,67,371,211,12 257,1,369,86,19
/media/xinje/New Volume/VOC07&12/VOC2012/JPEGImages/2008_008416.jpg 246,187,347,266,12 253,133,332,229,19 28,127,91,179,7 144,114,185,137,7
/media/xinje/New Volume/VOC07&12/VOC2012/JPEGImages/2008_008462.jpg 310,228,413,285,12
/media/xinje/New Volume/VOC07&12/VOC2012/JPEGImages/2008_008497.jpg 42,35,424,353,12
/media/xinje/New Volume/VOC07&12/VOC2012/JPEGImages/2008_008511.jpg 49,130,284,305,12 244,183,390,307,12 284,206,440,305,12 71,40,211,302,19 214,117,325,303,19 299,156,386,259,19
/media/xinje/New Volume/VOC07&12/VOC2012/JPEGImages/2008_008525.jpg 48,80,378,330,12
/media/xinje/New Volume/VOC07&12/VOC2012/JPEGImages/2009_000119.jpg 208,174,354,348,12 371,202,441,289,12 245,161,326,313,19 380,173,436,273,19
/media/xinje/New Volume/VOC07&12/VOC2012/JPEGImages/2009_000131.jpg 365,90,500,274,12 14,37,490,388,12
/media/xinje/New Volume/VOC07&12/VOC2012/JPEGImages/2009_000223.jpg 37,196,62,243,19 242,141,333,269,14 360,197,418,253,14 187,211,276,247,12 104,201,191,244,12
/media/xinje/New Volume/VOC07&12/VOC2012/JPEGImages/2009_000233.jpg 17,34,429,369,12
/media/xinje/New Volume/VOC07&12/VOC2012/JPEGImages/2009_000280.jpg 263,132,347,184,7 477,144,500,174,12 125,141,165,186,12 126,134,166,179,19
/media/xinje/New Volume/VOC07&12/VOC2012/JPEGImages/2009_000341.jpg 1,15,500,278,12 465,48,500,90,7 352,50,383,85,7
/media/xinje/New Volume/VOC07&12/VOC2012/JPEGImages/2009_000343.jpg 396,100,434,196,19 365,106,395,194,19 391,99,406,118,19 289,131,352,194,12 259,147,325,239,12 186,140,271,224,12 187,116,236,154,19 3,138,154,339,12
/media/xinje/New Volume/VOC07&12/VOC2012/JPEGImages/2009_000515.jpg 181,308,300,482,12
/media/xinje/New Volume/VOC07&12/VOC2012/JPEGImages/2009_000602.jpg 22,14,487,260,12 50,9,116,133,12 436,1,500,123,7
/media/xinje/New Volume/VOC07&12/VOC2012/JPEGImages/2009_000882.jpg 19,73,477,335,12 386,163,490,234,2 460,173,500,232,7 392,145,500,203,7
/media/xinje/New Volume/VOC07&12/VOC2012/JPEGImages/2009_000894.jpg 121,74,482,319,12
/media/xinje/New Volume/VOC07&12/VOC2012/JPEGImages/2009_001135.jpg 20,25,468,322,12
/media/xinje/New Volume/VOC07&12/VOC2012/JPEGImages/2009_001140.jpg 64,73,486,294,12 178,46,360,204,19
/media/xinje/New Volume/VOC07&12/VOC2012/JPEGImages/2009_001151.jpg 79,100,443,317,12 182,51,358,237,19
/media/xinje/New Volume/VOC07&12/VOC2012/JPEGImages/2009_001206.jpg 131,1,453,500,12 1,1,453,448,12
/media/xinje/New Volume/VOC07&12/VOC2012/JPEGImages/2009_001253.jpg 84,105,291,454,12
/media/xinje/New Volume/VOC07&12/VOC2012/JPEGImages/2009_001443.jpg 388,139,464,251,19 255,208,392,297,12
/media/xinje/New Volume/VOC07&12/VOC2012/JPEGImages/2009_001542.jpg 16,11,271,482,12 1,6,123,241,12
/media/xinje/New Volume/VOC07&12/VOC2012/JPEGImages/2009_001566.jpg 246,173,308,264,12 248,146,307,244,19 236,126,255,187,19 227,130,243,187,19 130,135,144,165,19
/media/xinje/New Volume/VOC07&12/VOC2012/JPEGImages/2009_001638.jpg 21,1,500,297,12
/media/xinje/New Volume/VOC07&12/VOC2012/JPEGImages/2009_001657.jpg 366,158,500,328,19 410,220,500,333,12 1,47,98,176,19 96,39,124,88,19 118,41,182,92,19 167,39,218,99,19 268,63,321,102,19 437,71,492,130,19
/media/xinje/New Volume/VOC07&12/VOC2012/JPEGImages/2009_001677.jpg 1,52,28,84,7 15,51,69,85,7 59,45,132,89,7 114,30,169,77,7 123,36,136,85,19 134,37,153,85,19 164,36,208,63,7 207,36,229,59,7 222,29,255,61,7 291,37,349,71,7 339,38,426,76,7 416,29,500,79,7 80,103,390,358,12 180,16,335,348,19
/media/xinje/New Volume/VOC07&12/VOC2012/JPEGImages/2009_001750.jpg 89,161,386,357,12 120,72,235,323,19 51,168,79,193,12 54,154,73,184,19
/media/xinje/New Volume/VOC07&12/VOC2012/JPEGImages/2009_001755.jpg 344,123,485,265,12
/media/xinje/New Volume/VOC07&12/VOC2012/JPEGImages/2009_001827.jpg 13,109,288,261,12 83,36,210,201,19
/media/xinje/New Volume/VOC07&12/VOC2012/JPEGImages/2009_001990.jpg 158,158,324,237,12 238,161,254,176,11 282,164,300,178,11 314,164,325,180,11 473,172,500,231,12
/media/xinje/New Volume/VOC07&12/VOC2012/JPEGImages/2009_002077.jpg 17,1,483,375,12
/media/xinje/New Volume/VOC07&12/VOC2012/JPEGImages/2009_002105.jpg 247,145,428,273,6 28,222,119,258,7 161,225,177,242,12
/media/xinje/New Volume/VOC07&12/VOC2012/JPEGImages/2009_002129.jpg 59,191,435,394,12 170,61,362,344,19
/media/xinje/New Volume/VOC07&12/VOC2012/JPEGImages/2009_002180.jpg 375,1,500,129,12 266,4,393,94,12 137,1,167,44,12 157,1,190,42,12 183,1,215,45,12 201,1,238,34,12 236,1,256,57,19
/media/xinje/New Volume/VOC07&12/VOC2012/JPEGImages/2009_002203.jpg 113,134,320,264,6 102,181,112,229,6 26,172,100,237,6 372,213,395,243,2 372,196,397,234,19 476,204,497,221,7 416,209,437,225,12
/media/xinje/New Volume/VOC07&12/VOC2012/JPEGImages/2009_002216.jpg 126,125,388,280,12
/media/xinje/New Volume/VOC07&12/VOC2012/JPEGImages/2009_002240.jpg 144,91,500,298,12 178,17,383,186,19
/media/xinje/New Volume/VOC07&12/VOC2012/JPEGImages/2009_002434.jpg 131,45,500,375,12
/media/xinje/New Volume/VOC07&12/VOC2012/JPEGImages/2009_002595.jpg 278,125,500,315,12 231,36,327,302,19 78,34,216,296,19 12,137,228,312,12
/media/xinje/New Volume/VOC07&12/VOC2012/JPEGImages/2009_002659.jpg 108,82,337,322,12 66,1,243,260,19
/media/xinje/New Volume/VOC07&12/VOC2012/JPEGImages/2009_002746.jpg 1,1,334,500,12
/media/xinje/New Volume/VOC07&12/VOC2012/JPEGImages/2009_002763.jpg 58,54,419,297,12
/media/xinje/New Volume/VOC07&12/VOC2012/JPEGImages/2009_002784.jpg 141,82,376,285,12 239,53,282,158,10 204,11,324,242,19 301,34,500,164,7
/media/xinje/New Volume/VOC07&12/VOC2012/JPEGImages/2009_002824.jpg 1,86,33,109,7 1,82,208,178,7 177,72,199,92,7 183,71,206,100,7 205,70,242,98,7 255,47,334,92,7 361,54,500,108,7 211,31,282,320,19 11,87,245,352,12 221,74,460,395,12
/media/xinje/New Volume/VOC07&12/VOC2012/JPEGImages/2009_002993.jpg 6,48,146,440,19 119,32,255,443,19 213,24,356,444,19 338,19,489,444,19 14,141,171,374,12 152,210,295,368,12 330,151,397,363,12 461,141,500,366,12 476,108,500,181,19 1,122,26,247,19
/media/xinje/New Volume/VOC07&12/VOC2012/JPEGImages/2009_003012.jpg 212,112,320,222,19 179,126,387,238,12
/media/xinje/New Volume/VOC07&12/VOC2012/JPEGImages/2009_003068.jpg 1,1,500,374,12
/media/xinje/New Volume/VOC07&12/VOC2012/JPEGImages/2009_003090.jpg 33,79,462,260,12 157,63,365,271,19
/media/xinje/New Volume/VOC07&12/VOC2012/JPEGImages/2009_003234.jpg 129,10,476,220,12
/media/xinje/New Volume/VOC07&12/VOC2012/JPEGImages/2009_003416.jpg 89,124,323,283,12 1,114,227,228,7
/media/xinje/New Volume/VOC07&12/VOC2012/JPEGImages/2009_003446.jpg 161,256,198,315,12 163,236,199,296,19
/media/xinje/New Volume/VOC07&12/VOC2012/JPEGImages/2009_003522.jpg 300,52,465,356,12 193,100,267,155,4
/media/xinje/New Volume/VOC07&12/VOC2012/JPEGImages/2009_003539.jpg 112,48,386,392,12
/media/xinje/New Volume/VOC07&12/VOC2012/JPEGImages/2009_003639.jpg 1,1,375,500,12
/media/xinje/New Volume/VOC07&12/VOC2012/JPEGImages/2009_003722.jpg 215,46,376,363,19 33,71,458,340,12 280,41,303,70,8 1,1,292,181,7
/media/xinje/New Volume/VOC07&12/VOC2012/JPEGImages/2009_003743.jpg 35,96,474,345,12 2,65,148,295,7 152,72,354,285,7 435,88,500,249,7 413,133,440,148,7
/media/xinje/New Volume/VOC07&12/VOC2012/JPEGImages/2009_003820.jpg 40,27,448,368,12
/media/xinje/New Volume/VOC07&12/VOC2012/JPEGImages/2009_003846.jpg 28,65,500,317,12 458,56,500,219,19 432,116,457,176,19 1,100,56,174,19
/media/xinje/New Volume/VOC07&12/VOC2012/JPEGImages/2009_003873.jpg 1,76,75,312,12 24,18,365,497,12
/media/xinje/New Volume/VOC07&12/VOC2012/JPEGImages/2009_004117.jpg 47,117,311,312,12
/media/xinje/New Volume/VOC07&12/VOC2012/JPEGImages/2009_004202.jpg 55,55,469,324,12 200,16,362,319,19 365,87,500,247,7
/media/xinje/New Volume/VOC07&12/VOC2012/JPEGImages/2009_004249.jpg 1,1,111,60,7 77,17,376,400,12
/media/xinje/New Volume/VOC07&12/VOC2012/JPEGImages/2009_004338.jpg 254,52,500,235,12 1,64,384,304,12
/media/xinje/New Volume/VOC07&12/VOC2012/JPEGImages/2009_004340.jpg 85,45,413,286,7 64,58,146,210,12 1,96,53,207,2
/media/xinje/New Volume/VOC07&12/VOC2012/JPEGImages/2009_004368.jpg 217,57,418,295,19 62,39,455,271,12
/media/xinje/New Volume/VOC07&12/VOC2012/JPEGImages/2009_004643.jpg 1,13,474,334,12 54,35,237,131,12 72,27,191,91,12 8,1,66,131,19 37,1,72,83,19 101,1,132,26,19 177,1,200,35,19 147,1,172,36,19
/media/xinje/New Volume/VOC07&12/VOC2012/JPEGImages/2009_004651.jpg 1,1,333,500,12
/media/xinje/New Volume/VOC07&12/VOC2012/JPEGImages/2009_004756.jpg 107,12,376,459,19 3,207,483,459,12
/media/xinje/New Volume/VOC07&12/VOC2012/JPEGImages/2009_004759.jpg 19,48,488,326,12 64,103,166,191,12 33,89,62,181,19
/media/xinje/New Volume/VOC07&12/VOC2012/JPEGImages/2009_005147.jpg 68,129,329,279,12 259,100,418,205,12 52,48,108,228,19 56,83,68,114,5
/media/xinje/New Volume/VOC07&12/VOC2012/JPEGImages/2009_005155.jpg 26,136,477,368,12 133,110,346,267,19
/media/xinje/New Volume/VOC07&12/VOC2012/JPEGImages/2009_005194.jpg 133,219,163,290,12 116,218,139,268,12
/media/xinje/New Volume/VOC07&12/VOC2012/JPEGImages/2009_005247.jpg 149,28,230,203,19 120,80,342,225,12
/media/xinje/New Volume/VOC07&12/VOC2012/JPEGImages/2010_000076.jpg 470,64,500,99,7 210,138,285,195,12 230,115,280,175,19
/media/xinje/New Volume/VOC07&12/VOC2012/JPEGImages/2010_000255.jpg 5,22,500,335,12
/media/xinje/New Volume/VOC07&12/VOC2012/JPEGImages/2010_000371.jpg 296,1,324,81,19 205,15,225,63,19 373,1,458,115,19 454,1,500,161,19 26,67,473,256,12 1,19,235,196,12
/media/xinje/New Volume/VOC07&12/VOC2012/JPEGImages/2010_000490.jpg 106,20,210,327,19 180,14,296,190,19 47,82,464,335,12
/media/xinje/New Volume/VOC07&12/VOC2012/JPEGImages/2010_000495.jpg 13,32,482,328,12
/media/xinje/New Volume/VOC07&12/VOC2012/JPEGImages/2010_000678.jpg 72,29,331,476,12
/media/xinje/New Volume/VOC07&12/VOC2012/JPEGImages/2010_000688.jpg 27,240,73,299,12 77,241,126,289,12 104,210,133,283,19
/media/xinje/New Volume/VOC07&12/VOC2012/JPEGImages/2010_000806.jpg 118,109,338,267,12 190,69,293,234,19
/media/xinje/New Volume/VOC07&12/VOC2012/JPEGImages/2010_000991.jpg 115,115,389,372,12 204,14,342,342,19
/media/xinje/New Volume/VOC07&12/VOC2012/JPEGImages/2010_000995.jpg 1,1,500,374,12
/media/xinje/New Volume/VOC07&12/VOC2012/JPEGImages/2010_001383.jpg 1,1,500,375,12
/media/xinje/New Volume/VOC07&12/VOC2012/JPEGImages/2010_001472.jpg 93,1,175,43,12 95,40,363,290,12 289,7,371,92,12 332,33,500,278,12
/media/xinje/New Volume/VOC07&12/VOC2012/JPEGImages/2010_001810.jpg 61,46,378,242,12 188,48,293,228,19
/media/xinje/New Volume/VOC07&12/VOC2012/JPEGImages/2010_001923.jpg 28,44,467,288,12 137,1,201,125,19 211,1,276,102,19 387,1,434,113,19
/media/xinje/New Volume/VOC07&12/VOC2012/JPEGImages/2010_002149.jpg 143,88,371,252,12
/media/xinje/New Volume/VOC07&12/VOC2012/JPEGImages/2010_002435.jpg 255,1,299,64,19 113,1,243,323,19 206,129,362,446,12 237,26,317,71,2 96,60,261,156,12 211,39,246,77,2 199,1,224,69,19 136,5,212,74,19
/media/xinje/New Volume/VOC07&12/VOC2012/JPEGImages/2010_002452.jpg 26,23,494,301,12
/media/xinje/New Volume/VOC07&12/VOC2012/JPEGImages/2010_002469.jpg 3,23,473,368,12 1,5,213,156,12
/media/xinje/New Volume/VOC07&12/VOC2012/JPEGImages/2010_002747.jpg 58,85,334,286,12 169,46,286,262,19
/media/xinje/New Volume/VOC07&12/VOC2012/JPEGImages/2010_003159.jpg 1,1,500,375,12
/media/xinje/New Volume/VOC07&12/VOC2012/JPEGImages/2010_003432.jpg 1,29,64,134,12 56,23,278,207,12 195,1,320,39,7 14,1,99,19,7
/media/xinje/New Volume/VOC07&12/VOC2012/JPEGImages/2010_003469.jpg 133,10,289,257,19 56,91,433,315,12
/media/xinje/New Volume/VOC07&12/VOC2012/JPEGImages/2010_003529.jpg 1,1,432,375,12
/media/xinje/New Volume/VOC07&12/VOC2012/JPEGImages/2010_003608.jpg 119,138,499,375,12 1,75,285,375,19
/media/xinje/New Volume/VOC07&12/VOC2012/JPEGImages/2010_003635.jpg 38,32,440,273,12 1,27,162,151,7 150,1,478,123,6
/media/xinje/New Volume/VOC07&12/VOC2012/JPEGImages/2010_003736.jpg 1,13,459,375,12
/media/xinje/New Volume/VOC07&12/VOC2012/JPEGImages/2010_003856.jpg 12,130,55,213,19 68,125,101,218,19 180,170,460,336,12
/media/xinje/New Volume/VOC07&12/VOC2012/JPEGImages/2010_004028.jpg 175,143,305,241,12 228,110,282,210,19
/media/xinje/New Volume/VOC07&12/VOC2012/JPEGImages/2010_004033.jpg 175,89,268,313,19 95,95,182,328,19 221,214,375,500,12 2,197,175,500,12
/media/xinje/New Volume/VOC07&12/VOC2012/JPEGImages/2010_004066.jpg 152,117,334,296,12
/media/xinje/New Volume/VOC07&12/VOC2012/JPEGImages/2010_004119.jpg 49,30,425,317,12
/media/xinje/New Volume/VOC07&12/VOC2012/JPEGImages/2010_004191.jpg 1,229,70,445,12 256,187,298,250,12 105,108,220,412,19
/media/xinje/New Volume/VOC07&12/VOC2012/JPEGImages/2010_004289.jpg 19,233,214,396,12 199,163,244,221,19 37,231,213,387,19
/media/xinje/New Volume/VOC07&12/VOC2012/JPEGImages/2010_004336.jpg 1,105,50,133,7 253,102,282,123,7 288,97,315,119,7 282,90,450,333,12 23,112,291,316,12
/media/xinje/New Volume/VOC07&12/VOC2012/JPEGImages/2010_004517.jpg 51,1,467,335,12
/media/xinje/New Volume/VOC07&12/VOC2012/JPEGImages/2010_004766.jpg 9,11,458,326,12
/media/xinje/New Volume/VOC07&12/VOC2012/JPEGImages/2010_004844.jpg 172,305,204,371,19 286,249,500,365,6 90,325,178,372,12 181,317,283,358,7 24,306,41,340,19 121,309,151,368,19 139,306,174,363,19 173,309,205,370,19 182,332,215,365,12 194,308,206,331,19 367,217,375,227,13 449,149,465,160,19
/media/xinje/New Volume/VOC07&12/VOC2012/JPEGImages/2010_004848.jpg 90,54,417,344,12
/media/xinje/New Volume/VOC07&12/VOC2012/JPEGImages/2010_004995.jpg 5,87,77,200,19 273,96,325,297,19 1,140,144,500,12 1,110,254,348,12 154,150,270,279,12 171,149,372,221,7
/media/xinje/New Volume/VOC07&12/VOC2012/JPEGImages/2010_005100.jpg 11,6,468,333,12
/media/xinje/New Volume/VOC07&12/VOC2012/JPEGImages/2010_005182.jpg 27,1,500,375,12
/media/xinje/New Volume/VOC07&12/VOC2012/JPEGImages/2010_005199.jpg 164,98,443,327,12 260,74,329,285,19 300,83,371,294,19
/media/xinje/New Volume/VOC07&12/VOC2012/JPEGImages/2010_005359.jpg 56,1,500,375,12
/media/xinje/New Volume/VOC07&12/VOC2012/JPEGImages/2010_005393.jpg 227,193,371,313,12 194,157,354,302,19
/media/xinje/New Volume/VOC07&12/VOC2012/JPEGImages/2010_005429.jpg 2,4,495,315,12
/media/xinje/New Volume/VOC07&12/VOC2012/JPEGImages/2010_005494.jpg 243,120,319,183,12 254,116,326,180,19
/media/xinje/New Volume/VOC07&12/VOC2012/JPEGImages/2010_005497.jpg 84,325,240,452,12
/media/xinje/New Volume/VOC07&12/VOC2012/JPEGImages/2010_005619.jpg 135,90,382,266,12 178,34,422,253,19
/media/xinje/New Volume/VOC07&12/VOC2012/JPEGImages/2010_005684.jpg 115,85,466,326,12 200,12,332,272,19
/media/xinje/New Volume/VOC07&12/VOC2012/JPEGImages/2010_005721.jpg 1,2,135,152,12 30,18,438,295,12
/media/xinje/New Volume/VOC07&12/VOC2012/JPEGImages/2010_005823.jpg 27,87,455,290,12
/media/xinje/New Volume/VOC07&12/VOC2012/JPEGImages/2010_005876.jpg 173,67,320,345,19 35,194,80,241,13 77,153,408,344,12
/media/xinje/New Volume/VOC07&12/VOC2012/JPEGImages/2010_005957.jpg 1,1,500,333,12
/media/xinje/New Volume/VOC07&12/VOC2012/JPEGImages/2010_006028.jpg 1,45,347,333,12 198,31,448,200,12 358,11,500,123,12 285,18,497,160,12
/media/xinje/New Volume/VOC07&12/VOC2012/JPEGImages/2011_000053.jpg 65,89,431,317,12 291,25,415,239,19 161,37,328,270,19
/media/xinje/New Volume/VOC07&12/VOC2012/JPEGImages/2011_000220.jpg 1,160,358,333,12 90,64,265,329,19 19,22,79,178,19
/media/xinje/New Volume/VOC07&12/VOC2012/JPEGImages/2011_000233.jpg 116,272,288,442,12
/media/xinje/New Volume/VOC07&12/VOC2012/JPEGImages/2011_000285.jpg 274,158,337,220,12 272,155,330,215,19
/media/xinje/New Volume/VOC07&12/VOC2012/JPEGImages/2011_000397.jpg 27,58,475,324,12
/media/xinje/New Volume/VOC07&12/VOC2012/JPEGImages/2011_000496.jpg 194,201,242,278,12 270,180,346,250,7 194,178,240,252,19
/media/xinje/New Volume/VOC07&12/VOC2012/JPEGImages/2011_000560.jpg 10,3,446,190,7 429,1,500,105,7 91,20,424,361,12
/media/xinje/New Volume/VOC07&12/VOC2012/JPEGImages/2011_000637.jpg 1,40,500,374,12 302,1,349,80,19 196,1,253,104,19 241,1,277,101,19 156,1,193,104,19 116,1,164,95,19 1,17,48,58,12 455,7,500,45,12
/media/xinje/New Volume/VOC07&12/VOC2012/JPEGImages/2011_000651.jpg 55,79,342,441,12
/media/xinje/New Volume/VOC07&12/VOC2012/JPEGImages/2011_000652.jpg 73,1,500,354,12
/media/xinje/New Volume/VOC07&12/VOC2012/JPEGImages/2011_000898.jpg 40,76,264,279,12 160,81,356,243,12 252,75,400,223,12
/media/xinje/New Volume/VOC07&12/VOC2012/JPEGImages/2011_000940.jpg 1,1,437,333,12
/media/xinje/New Volume/VOC07&12/VOC2012/JPEGImages/2011_001022.jpg 64,1,395,154,12 218,1,326,295,13
/media/xinje/New Volume/VOC07&12/VOC2012/JPEGImages/2011_001123.jpg 255,68,445,321,12 264,20,415,285,19
/media/xinje/New Volume/VOC07&12/VOC2012/JPEGImages/2011_001216.jpg 1,1,500,375,12
/media/xinje/New Volume/VOC07&12/VOC2012/JPEGImages/2011_001286.jpg 349,80,500,233,7 9,55,44,76,7 45,57,80,76,7 14,143,424,355,12 163,49,210,150,19 61,65,285,147,7 258,62,393,355,19
/media/xinje/New Volume/VOC07&12/VOC2012/JPEGImages/2011_001449.jpg 193,114,211,129,7 232,119,299,193,12 173,107,190,168,19 212,101,223,125,19 214,105,241,161,19 193,114,238,172,19 237,95,281,177,19
/media/xinje/New Volume/VOC07&12/VOC2012/JPEGImages/2011_001498.jpg 22,28,459,307,12
/media/xinje/New Volume/VOC07&12/VOC2012/JPEGImages/2011_001605.jpg 44,64,419,333,12 459,42,487,70,13 75,12,131,159,19 274,29,307,176,19 293,17,352,186,19
/media/xinje/New Volume/VOC07&12/VOC2012/JPEGImages/2011_001629.jpg 135,87,300,214,12 106,121,227,214,12 215,43,284,183,19 163,83,200,133,19 477,43,500,89,19 445,74,471,131,19
/media/xinje/New Volume/VOC07&12/VOC2012/JPEGImages/2011_001663.jpg 67,48,457,317,12
/media/xinje/New Volume/VOC07&12/VOC2012/JPEGImages/2011_001765.jpg 35,87,485,269,12 169,32,381,287,19
/media/xinje/New Volume/VOC07&12/VOC2012/JPEGImages/2011_001799.jpg 96,20,472,312,12 1,1,188,84,7 1,141,500,374,12
/media/xinje/New Volume/VOC07&12/VOC2012/JPEGImages/2011_001885.jpg 155,208,180,237,7 209,242,257,320,12 259,215,279,275,19 283,221,301,282,19 212,219,252,307,19 239,212,263,281,19 321,240,344,294,19 138,202,148,224,19
/media/xinje/New Volume/VOC07&12/VOC2012/JPEGImages/2011_002039.jpg 261,118,308,200,2 194,351,314,427,12 255,171,334,368,19 290,141,334,240,19 35,39,99,192,19 82,33,119,185,19 123,345,199,469,19 272,101,309,159,19 295,319,334,455,12
/media/xinje/New Volume/VOC07&12/VOC2012/JPEGImages/2011_002062.jpg 115,1,484,312,12
/media/xinje/New Volume/VOC07&12/VOC2012/JPEGImages/2011_002097.jpg 106,77,442,374,12 210,19,402,323,19 400,148,433,166,7
/media/xinje/New Volume/VOC07&12/VOC2012/JPEGImages/2011_002107.jpg 1,1,476,375,12
/media/xinje/New Volume/VOC07&12/VOC2012/JPEGImages/2011_002236.jpg 223,192,497,335,12 21,73,252,325,19 129,68,241,290,19 231,93,282,282,19 399,165,478,254,19 370,196,392,232,5 1,183,22,231,5
/media/xinje/New Volume/VOC07&12/VOC2012/JPEGImages/2011_002252.jpg 1,1,500,333,12
/media/xinje/New Volume/VOC07&12/VOC2012/JPEGImages/2011_002402.jpg 40,1,500,385,12
/media/xinje/New Volume/VOC07&12/VOC2012/JPEGImages/2011_002413.jpg 67,161,226,487,12 212,120,232,175,19 196,1,334,374,19 201,9,333,412,19 1,1,61,473,19 61,33,237,419,19
/media/xinje/New Volume/VOC07&12/VOC2012/JPEGImages/2011_002476.jpg 292,160,359,238,12 293,155,356,229,19
/media/xinje/New Volume/VOC07&12/VOC2012/JPEGImages/2011_002598.jpg 1,142,401,320,12 3,88,266,229,12 231,44,340,316,19 112,73,268,320,19 78,29,212,161,19 1,12,129,161,7 197,8,244,40,7 259,3,309,41,7 138,1,187,35,7
/media/xinje/New Volume/VOC07&12/VOC2012/JPEGImages/2011_002921.jpg 148,85,450,319,12 203,25,380,268,19
/media/xinje/New Volume/VOC07&12/VOC2012/JPEGImages/2011_002949.jpg 164,314,427,375,12 334,276,497,359,12 1,282,150,374,12 1,227,23,350,19 35,232,87,358,19 14,232,49,353,19 178,231,281,343,19 227,237,291,375,19 251,236,358,375,19 353,234,409,340,19 385,223,450,347,19 88,233,114,301,19 288,271,349,303,12 122,236,141,292,19 141,260,157,290,19 163,244,180,284,19
/media/xinje/New Volume/VOC07&12/VOC2012/JPEGImages/2011_002988.jpg 1,57,500,375,12
/media/xinje/New Volume/VOC07&12/VOC2012/JPEGImages/2011_003057.jpg 4,16,500,355,12
/media/xinje/New Volume/VOC07&12/VOC2012/JPEGImages/2011_003063.jpg 73,16,499,352,12 1,1,149,181,2
/media/xinje/New Volume/VOC07&12/VOC2012/JPEGImages/2011_003078.jpg 197,98,456,367,12 21,131,214,367,12 239,80,335,267,19
