/media/xinje/New Volume/VOC07&12/VOC2012/JPEGImages/2008_000188.jpg 45,59,395,375,13
/media/xinje/New Volume/VOC07&12/VOC2012/JPEGImages/2008_000196.jpg 348,7,500,309,2 340,105,500,306,13 432,1,465,58,5 481,12,500,42,5 1,1,206,310,2 193,155,278,304,18
/media/xinje/New Volume/VOC07&12/VOC2012/JPEGImages/2008_000275.jpg 167,187,192,274,19 184,190,202,272,19 197,187,231,280,19 224,187,246,228,19 250,203,272,271,19 322,199,342,269,19 474,15,500,41,13 441,16,472,37,13
/media/xinje/New Volume/VOC07&12/VOC2012/JPEGImages/2008_000284.jpg 121,20,419,375,19 10,1,128,323,13
/media/xinje/New Volume/VOC07&12/VOC2012/JPEGImages/2008_000287.jpg 285,100,426,321,13 3,27,226,303,13
/media/xinje/New Volume/VOC07&12/VOC2012/JPEGImages/2008_000491.jpg 151,1,308,256,13 185,1,313,290,13 229,1,500,330,13
/media/xinje/New Volume/VOC07&12/VOC2012/JPEGImages/2008_000790.jpg 356,6,475,89,13 168,20,243,88,13 206,259,271,310,13 350,282,391,333,13 29,113,108,208,13 182,111,273,225,8 448,134,500,248,8 124,29,242,199,13 445,250,465,287,13
/media/xinje/New Volume/VOC07&12/VOC2012/JPEGImages/2008_000923.jpg 226,365,377,491,13
/media/xinje/New Volume/VOC07&12/VOC2012/JPEGImages/2008_001133.jpg 1,184,388,347,15 1,265,317,375,15 53,256,162,337,8 1,266,45,351,8 151,247,249,326,8 68,241,179,309,8 1,235,100,286,8 449,113,500,250,13
/media/xinje/New Volume/VOC07&12/VOC2012/JPEGImages/2008_001460.jpg 112,1,493,367,13
/media/xinje/New Volume/VOC07&12/VOC2012/JPEGImages/2008_001467.jpg 36,36,144,253,19 335,1,403,140,13 55,107,151,259,8 229,80,331,141,13
/media/xinje/New Volume/VOC07&12/VOC2012/JPEGImages/2008_001541.jpg 39,7,88,75,13 193,113,213,139,13 247,223,257,242,13 268,213,277,229,13 220,140,234,161,13 209,126,223,151,13 339,212,370,237,7 307,212,320,224,7
/media/xinje/New Volume/VOC07&12/VOC2012/JPEGImages/2008_001694.jpg 1,183,89,314,8 426,188,476,233,13 115,162,408,270,15
/media/xinje/New Volume/VOC07&12/VOC2012/JPEGImages/2008_001865.jpg 1,1,251,294,13 180,17,324,275,13 301,104,389,253,13 347,124,449,242,13 431,157,471,227,13 432,80,498,199,13
/media/xinje/New Volume/VOC07&12/VOC2012/JPEGImages/2008_002119.jpg 81,125,434,343,15 1,234,214,375,8 182,21,224,72,17 385,117,408,146,13
/media/xinje/New Volume/VOC07&12/VOC2012/JPEGImages/2008_002307.jpg 235,300,266,339,13 236,406,297,485,10 202,286,239,327,13 271,313,291,347,13 19,247,55,289,13
/media/xinje/New Volume/VOC07&12/VOC2012/JPEGImages/2008_002317.jpg 222,209,294,380,10 175,29,285,288,19 1,373,112,500,13 293,267,345,319,13 345,249,375,307,13 72,285,134,334,13 93,246,140,297,13 111,186,157,259,13 135,158,173,189,13 135,116,179,162,13 144,82,179,124,13 267,162,306,210,13 1,421,60,500,13 282,134,304,170,13 152,1,215,92,13 107,37,141,90,13 288,175,357,325,13 62,167,220,423,10
/media/xinje/New Volume/VOC07&12/VOC2012/JPEGImages/2008_003269.jpg 9,1,471,275,12 442,1,483,37,13
/media/xinje/New Volume/VOC07&12/VOC2012/JPEGImages/2008_003434.jpg 216,68,458,231,17 60,264,120,322,13 17,126,98,296,13
/media/xinje/New Volume/VOC07&12/VOC2012/JPEGImages/2008_003523.jpg 218,235,375,500,13 73,308,267,500,13 1,302,97,440,13 1,374,109,500,13 137,285,255,381,13 112,105,271,361,19
/media/xinje/New Volume/VOC07&12/VOC2012/JPEGImages/2008_003665.jpg 29,58,414,375,10 70,1,181,65,13
/media/xinje/New Volume/VOC07&12/VOC2012/JPEGImages/2008_003689.jpg 264,99,396,375,19 1,296,230,375,8 356,261,500,375,8 131,221,228,355,8 349,33,410,79,13 198,92,232,141,8 218,89,243,138,8 133,40,153,86,19 244,219,399,362,8 364,157,466,271,8
/media/xinje/New Volume/VOC07&12/VOC2012/JPEGImages/2008_003726.jpg 20,95,274,382,8 1,78,281,343,18 351,1,500,218,13
/media/xinje/New Volume/VOC07&12/VOC2012/JPEGImages/2008_003732.jpg 165,101,233,220,19 224,57,284,159,19 218,159,371,375,19 280,80,392,336,19 78,60,104,104,13 99,30,124,99,13
/media/xinje/New Volume/VOC07&12/VOC2012/JPEGImages/2008_003815.jpg 1,114,315,375,19 260,154,378,375,19 313,42,500,259,13
/media/xinje/New Volume/VOC07&12/VOC2012/JPEGImages/2008_003978.jpg 92,120,348,302,10 145,86,351,377,19 340,125,418,173,13 265,115,279,156,13 338,183,399,284,7
/media/xinje/New Volume/VOC07&12/VOC2012/JPEGImages/2008_004092.jpg 97,43,336,500,19 1,246,119,365,13 241,245,375,350,13
/media/xinje/New Volume/VOC07&12/VOC2012/JPEGImages/2008_004171.jpg 68,18,343,498,13
/media/xinje/New Volume/VOC07&12/VOC2012/JPEGImages/2008_004328.jpg 86,369,190,450,18 88,312,167,399,18 64,62,234,392,19 243,109,295,149,13
/media/xinje/New Volume/VOC07&12/VOC2012/JPEGImages/2008_004380.jpg 316,144,500,387,19 264,146,418,315,19 8,99,178,300,19 1,251,178,466,19 1,220,389,450,20 281,61,443,152,13
/media/xinje/New Volume/VOC07&12/VOC2012/JPEGImages/2008_004428.jpg 211,227,354,309,13 66,218,175,278,13 393,203,464,246,13 225,171,262,213,13 18,176,99,250,13 80,135,226,256,13 277,161,305,190,13 257,185,324,229,13 261,216,350,256,13 320,155,396,233,13 481,196,500,246,13
/media/xinje/New Volume/VOC07&12/VOC2012/JPEGImages/2008_004435.jpg 83,1,153,109,13 13,25,74,125,8 101,29,214,184,19 131,77,355,336,19 177,114,188,139,5 142,52,469,375,15
/media/xinje/New Volume/VOC07&12/VOC2012/JPEGImages/2008_004634.jpg 235,81,367,294,13 102,47,176,172,13
/media/xinje/New Volume/VOC07&12/VOC2012/JPEGImages/2008_004661.jpg 215,208,471,333,15 422,234,500,333,17 68,165,116,250,8 24,165,75,247,8 90,157,129,241,8 46,153,78,231,8 36,175,132,255,20 125,133,293,304,13
/media/xinje/New Volume/VOC07&12/VOC2012/JPEGImages/2008_004977.jpg 1,1,500,347,13
/media/xinje/New Volume/VOC07&12/VOC2012/JPEGImages/2008_005040.jpg 414,213,486,477,13 40,229,270,500,13 367,311,391,367,19 428,295,455,350,19 460,323,473,346,19
/media/xinje/New Volume/VOC07&12/VOC2012/JPEGImages/2008_005042.jpg 153,15,500,369,13 5,165,203,313,13
/media/xinje/New Volume/VOC07&12/VOC2012/JPEGImages/2008_005146.jpg 198,121,328,279,13 159,5,327,375,19 48,13,182,335,19 323,148,378,219,8 371,145,427,215,8 74,161,93,195,5 421,116,470,234,19
/media/xinje/New Volume/VOC07&12/VOC2012/JPEGImages/2008_005214.jpg 1,218,43,312,13 65,268,104,311,13 113,273,145,311,13 154,281,186,310,13 193,281,220,310,13 236,283,269,310,13 284,271,317,310,13 375,259,411,310,13 403,279,444,311,13 451,281,476,309,13
/media/xinje/New Volume/VOC07&12/VOC2012/JPEGImages/2008_005345.jpg 30,301,185,473,13
/media/xinje/New Volume/VOC07&12/VOC2012/JPEGImages/2008_005519.jpg 2,151,477,319,20 257,120,352,230,13 76,148,165,255,13 373,17,444,171,19 279,51,360,138,19 318,54,355,122,19 63,96,91,161,8 353,87,365,125,8 254,90,302,131,8 148,89,196,154,8 98,81,150,152,8 21,83,56,162,8 1,126,48,169,8 224,117,273,146,8 125,82,279,123,20 1,97,57,154,20
/media/xinje/New Volume/VOC07&12/VOC2012/JPEGImages/2008_005794.jpg 406,70,497,179,13 308,69,358,231,19 179,135,237,215,19 137,52,178,208,19 169,92,202,194,19 171,58,207,153,19 255,74,284,155,19 61,77,98,144,19 17,44,67,215,19 287,52,330,128,13 67,100,103,146,8 104,100,140,139,8 209,48,254,151,19 358,65,398,169,19 386,81,402,142,19 357,72,370,96,19 329,59,362,102,19 224,109,287,208,19
/media/xinje/New Volume/VOC07&12/VOC2012/JPEGImages/2008_005856.jpg 201,294,233,345,13 93,298,105,324,13
/media/xinje/New Volume/VOC07&12/VOC2012/JPEGImages/2008_005874.jpg 116,32,445,362,13
/media/xinje/New Volume/VOC07&12/VOC2012/JPEGImages/2008_005897.jpg 157,95,479,268,10 83,40,122,67,13 171,13,206,58,13 226,4,259,34,13 258,1,297,39,13 31,39,62,81,13 67,1,108,70,13 94,60,128,91,13
/media/xinje/New Volume/VOC07&12/VOC2012/JPEGImages/2008_005954.jpg 389,214,452,328,8 352,300,393,375,8 136,247,237,291,8 1,203,57,297,8 1,278,295,375,20 431,239,500,375,20 194,99,315,171,17 419,269,500,375,8 8,30,131,233,13 443,174,500,250,15
/media/xinje/New Volume/VOC07&12/VOC2012/JPEGImages/2008_006295.jpg 161,32,337,198,17 296,236,337,375,5 49,188,224,329,19 223,134,436,375,19 252,115,448,375,19 428,251,500,375,19 431,11,500,275,13 10,104,63,267,13 31,1,142,246,13 1,298,352,375,20
/media/xinje/New Volume/VOC07&12/VOC2012/JPEGImages/2008_006509.jpg 186,359,221,396,13 166,381,198,411,13 51,453,120,500,13
/media/xinje/New Volume/VOC07&12/VOC2012/JPEGImages/2008_006543.jpg 73,277,193,365,13 110,204,124,222,5 108,226,124,244,5 263,286,290,355,15
/media/xinje/New Volume/VOC07&12/VOC2012/JPEGImages/2008_006562.jpg 59,1,339,375,13 269,48,442,335,13 31,183,303,271,7
/media/xinje/New Volume/VOC07&12/VOC2012/JPEGImages/2008_006624.jpg 90,250,165,312,17 172,313,318,470,8 144,329,193,403,8 220,243,264,308,13
/media/xinje/New Volume/VOC07&12/VOC2012/JPEGImages/2008_006751.jpg 236,59,464,347,13
/media/xinje/New Volume/VOC07&12/VOC2012/JPEGImages/2008_006807.jpg 1,229,109,375,2 353,121,500,375,19 12,57,146,375,19 221,112,309,273,13 317,288,416,375,2
/media/xinje/New Volume/VOC07&12/VOC2012/JPEGImages/2008_006820.jpg 228,204,265,299,13 172,175,242,331,19
/media/xinje/New Volume/VOC07&12/VOC2012/JPEGImages/2008_006864.jpg 1,245,500,375,15 58,55,357,375,19 88,201,321,375,19 129,234,246,375,19 96,2,192,143,13
/media/xinje/New Volume/VOC07&12/VOC2012/JPEGImages/2008_006881.jpg 36,171,118,357,13 391,202,500,354,13 185,305,213,331,13 92,105,206,371,19 211,88,309,371,19 314,113,403,371,19 345,1,359,26,3 366,1,384,26,3
/media/xinje/New Volume/VOC07&12/VOC2012/JPEGImages/2008_006950.jpg 41,125,97,195,13 235,161,268,206,13 197,327,236,371,13
/media/xinje/New Volume/VOC07&12/VOC2012/JPEGImages/2008_007223.jpg 265,193,390,363,13 144,194,297,375,8 1,242,180,375,20 141,130,341,375,19
/media/xinje/New Volume/VOC07&12/VOC2012/JPEGImages/2008_007226.jpg 47,180,331,493,13
/media/xinje/New Volume/VOC07&12/VOC2012/JPEGImages/2008_007281.jpg 298,136,406,278,8 62,149,261,341,15 398,145,428,230,17 127,145,342,328,19 356,50,475,138,13 248,69,291,96,13 199,151,210,181,5
/media/xinje/New Volume/VOC07&12/VOC2012/JPEGImages/2008_007364.jpg 43,62,425,327,7 47,81,78,136,13 292,1,334,29,13 144,1,175,26,13
/media/xinje/New Volume/VOC07&12/VOC2012/JPEGImages/2008_007388.jpg 182,24,276,139,13 410,182,462,227,13 114,155,140,186,8 182,151,223,212,8 139,233,187,282,8 75,220,130,279,8 251,198,298,250,8 310,240,344,305,8 207,288,265,343,8 267,318,315,345,8 322,359,358,375,8 114,167,184,238,20 244,244,321,322,20
/media/xinje/New Volume/VOC07&12/VOC2012/JPEGImages/2008_007428.jpg 263,265,304,310,12 324,272,380,320,13 388,267,407,284,13
/media/xinje/New Volume/VOC07&12/VOC2012/JPEGImages/2008_007621.jpg 256,1,500,277,13 1,96,327,334,10
/media/xinje/New Volume/VOC07&12/VOC2012/JPEGImages/2008_007701.jpg 129,247,178,344,13 179,279,213,329,13 211,304,244,345,13 244,296,281,335,13 325,229,351,254,13 302,190,333,240,13 280,285,312,332,13 312,304,342,343,13 337,297,372,341,13 25,200,53,242,13 57,243,132,461,19 275,250,319,285,13 1,316,33,432,13
/media/xinje/New Volume/VOC07&12/VOC2012/JPEGImages/2008_007835.jpg 180,261,269,309,13
/media/xinje/New Volume/VOC07&12/VOC2012/JPEGImages/2008_007882.jpg 265,351,375,460,2 160,276,211,424,19 263,351,316,439,13 321,263,375,438,13 319,108,375,128,13
/media/xinje/New Volume/VOC07&12/VOC2012/JPEGImages/2008_007918.jpg 434,228,473,247,7 379,228,396,273,19 190,242,227,293,13 242,243,275,283,13 298,233,313,267,13 312,233,319,266,13 209,122,230,137,13 358,181,367,189,13 388,187,398,196,13
/media/xinje/New Volume/VOC07&12/VOC2012/JPEGImages/2008_007973.jpg 56,67,295,351,13
/media/xinje/New Volume/VOC07&12/VOC2012/JPEGImages/2008_007977.jpg 109,98,300,334,18 209,28,479,275,18 1,1,237,229,13
/media/xinje/New Volume/VOC07&12/VOC2012/JPEGImages/2008_007990.jpg 47,63,166,300,19 157,73,253,300,19 225,110,324,300,19 1,127,35,210,17 293,103,354,171,13 346,152,394,207,19
/media/xinje/New Volume/VOC07&12/VOC2012/JPEGImages/2008_008070.jpg 345,86,392,189,8 425,156,500,336,8 1,156,39,275,8 53,99,105,184,8 185,60,272,122,8 1,104,500,375,20 352,1,500,190,13 172,95,272,194,13
/media/xinje/New Volume/VOC07&12/VOC2012/JPEGImages/2008_008080.jpg 56,235,486,440,2 1,70,424,191,6 458,126,500,261,13
/media/xinje/New Volume/VOC07&12/VOC2012/JPEGImages/2008_008184.jpg 441,245,500,348,13 403,294,451,362,13 240,316,299,375,13 1,330,51,375,13 89,116,201,375,19 200,103,299,375,19 295,131,372,375,19 367,135,448,375,19
/media/xinje/New Volume/VOC07&12/VOC2012/JPEGImages/2008_008212.jpg 192,39,275,242,19 67,97,377,346,11 156,235,245,282,13 107,240,156,283,13
/media/xinje/New Volume/VOC07&12/VOC2012/JPEGImages/2008_008220.jpg 402,136,467,227,13
/media/xinje/New Volume/VOC07&12/VOC2012/JPEGImages/2008_008237.jpg 358,217,383,307,13 276,228,298,303,13 244,249,261,296,13 18,266,39,320,19 62,256,76,291,13
/media/xinje/New Volume/VOC07&12/VOC2012/JPEGImages/2008_008330.jpg 169,258,223,390,5 234,296,289,395,5 217,129,356,229,20 231,142,314,231,8 188,129,252,212,8 316,152,372,222,8 160,27,249,218,13
/media/xinje/New Volume/VOC07&12/VOC2012/JPEGImages/2008_008338.jpg 212,78,292,118,13 31,113,468,358,7 1,152,156,264,7
/media/xinje/New Volume/VOC07&12/VOC2012/JPEGImages/2008_008363.jpg 159,253,266,375,8 226,199,291,307,8 215,214,259,263,8 62,236,159,375,8 53,207,98,318,8 132,169,227,264,13 79,239,257,375,20
/media/xinje/New Volume/VOC07&12/VOC2012/JPEGImages/2008_008402.jpg 238,157,500,377,15 361,167,417,226,8 259,179,370,271,8 266,154,337,212,8 61,155,161,325,8 142,165,262,366,8 1,162,113,377,8 47,191,196,375,20 310,158,333,181,13
/media/xinje/New Volume/VOC07&12/VOC2012/JPEGImages/2008_008517.jpg 8,135,500,375,15 1,70,76,193,13 9,96,145,162,13 61,81,295,375,19 174,45,412,375,19
/media/xinje/New Volume/VOC07&12/VOC2012/JPEGImages/2008_008608.jpg 211,212,500,375,15 1,191,166,375,15 224,61,322,244,13 122,128,205,199,17
/media/xinje/New Volume/VOC07&12/VOC2012/JPEGImages/2008_008641.jpg 1,147,333,459,16 95,296,240,500,19 83,241,171,390,13
/media/xinje/New Volume/VOC07&12/VOC2012/JPEGImages/2008_008689.jpg 35,27,362,456,13
/media/xinje/New Volume/VOC07&12/VOC2012/JPEGImages/2009_000164.jpg 188,166,310,361,19 133,89,351,375,19 224,213,447,375,8 2,91,108,218,20 57,76,113,193,8 2,113,44,204,8 1,73,16,95,8 88,67,106,89,8 36,71,67,108,13
/media/xinje/New Volume/VOC07&12/VOC2012/JPEGImages/2009_000217.jpg 1,223,165,375,15 14,171,32,193,13 13,102,30,125,13 21,64,40,86,13
/media/xinje/New Volume/VOC07&12/VOC2012/JPEGImages/2009_000251.jpg 231,200,479,375,15 29,162,171,295,8 382,72,448,121,13
/media/xinje/New Volume/VOC07&12/VOC2012/JPEGImages/2009_000419.jpg 1,13,400,500,13
/media/xinje/New Volume/VOC07&12/VOC2012/JPEGImages/2009_000439.jpg 330,161,360,194,13 259,170,341,279,8 57,195,108,288,17
/media/xinje/New Volume/VOC07&12/VOC2012/JPEGImages/2009_000464.jpg 195,1,500,375,19 31,263,200,375,19 153,218,187,290,19 95,211,134,276,19 173,256,186,307,5 67,275,116,375,13
/media/xinje/New Volume/VOC07&12/VOC2012/JPEGImages/2009_000505.jpg 329,1,410,51,13 279,25,477,273,19 158,43,351,256,19 1,119,500,333,19 2,28,500,333,15
/media/xinje/New Volume/VOC07&12/VOC2012/JPEGImages/2009_000635.jpg 195,178,285,275,13 305,194,385,267,13 117,193,188,273,13
/media/xinje/New Volume/VOC07&12/VOC2012/JPEGImages/2009_000722.jpg 125,186,178,232,17 68,257,140,365,8 337,236,375,283,13 179,199,219,241,13 235,232,251,252,13
/media/xinje/New Volume/VOC07&12/VOC2012/JPEGImages/2009_000867.jpg 1,97,500,375,20 320,1,373,148,5 367,1,409,103,5 181,1,330,107,13
/media/xinje/New Volume/VOC07&12/VOC2012/JPEGImages/2009_000926.jpg 372,216,500,375,15 246,206,305,248,13 258,111,319,181,13 427,165,483,209,13 354,165,379,195,13 380,120,437,168,13
/media/xinje/New Volume/VOC07&12/VOC2012/JPEGImages/2009_001085.jpg 53,58,248,306,8 90,53,208,246,13
/media/xinje/New Volume/VOC07&12/VOC2012/JPEGImages/2009_001100.jpg 57,241,136,377,13
/media/xinje/New Volume/VOC07&12/VOC2012/JPEGImages/2009_001137.jpg 187,121,355,334,19 376,1,500,261,13
/media/xinje/New Volume/VOC07&12/VOC2012/JPEGImages/2009_001229.jpg 310,85,416,339,13
/media/xinje/New Volume/VOC07&12/VOC2012/JPEGImages/2009_001241.jpg 4,212,250,375,15 221,237,266,290,13
/media/xinje/New Volume/VOC07&12/VOC2012/JPEGImages/2009_001303.jpg 272,193,302,227,20 249,183,279,229,8 293,185,317,226,8 254,201,382,333,8 65,200,193,304,8 18,207,76,284,13
/media/xinje/New Volume/VOC07&12/VOC2012/JPEGImages/2009_001327.jpg 105,211,313,333,20 108,136,190,333,8 181,3,353,333,8 234,163,283,219,13
/media/xinje/New Volume/VOC07&12/VOC2012/JPEGImages/2009_001412.jpg 1,143,82,182,6 1,174,29,199,7 92,96,429,231,16 118,208,135,223,13 153,211,173,226,13 197,215,217,232,13 247,220,270,237,13 298,223,323,242,13 409,226,431,244,13 378,187,404,242,19 361,170,374,187,19
/media/xinje/New Volume/VOC07&12/VOC2012/JPEGImages/2009_001446.jpg 1,124,411,332,15 178,82,313,321,10 113,1,160,45,13
/media/xinje/New Volume/VOC07&12/VOC2012/JPEGImages/2009_001514.jpg 240,347,325,452,13 121,351,219,473,13 15,111,263,428,13 176,12,488,423,13
/media/xinje/New Volume/VOC07&12/VOC2012/JPEGImages/2009_001670.jpg 17,105,458,375,20 322,32,426,128,8 58,38,155,153,8 361,121,500,375,8 1,229,140,375,8 26,43,72,102,13
/media/xinje/New Volume/VOC07&12/VOC2012/JPEGImages/2009_001704.jpg 13,51,89,193,13 38,45,500,367,2
/media/xinje/New Volume/VOC07&12/VOC2012/JPEGImages/2009_001806.jpg 1,71,229,375,8 273,1,500,375,13
/media/xinje/New Volume/VOC07&12/VOC2012/JPEGImages/2009_001888.jpg 1,251,164,384,15 253,281,500,384,15 298,124,460,327,13
/media/xinje/New Volume/VOC07&12/VOC2012/JPEGImages/2009_001922.jpg 1,329,333,500,20 26,239,156,398,13 139,284,249,345,8 1,429,95,500,8
/media/xinje/New Volume/VOC07&12/VOC2012/JPEGImages/2009_001934.jpg 31,69,164,279,13 227,134,303,263,13 305,150,417,191,13 335,101,389,154,13 217,293,319,375,13 269,57,379,375,19 132,81,263,375,19 386,253,426,285,13
/media/xinje/New Volume/VOC07&12/VOC2012/JPEGImages/2009_001975.jpg 1,21,374,481,13
/media/xinje/New Volume/VOC07&12/VOC2012/JPEGImages/2009_002083.jpg 74,134,304,355,15 129,104,231,160,13
/media/xinje/New Volume/VOC07&12/VOC2012/JPEGImages/2009_002088.jpg 169,152,379,375,20 336,217,463,375,19 456,318,500,375,8 75,255,105,375,8 115,158,192,274,19 42,115,103,309,19 162,153,220,264,19 293,175,399,324,19 288,162,361,238,19 312,143,337,203,19 192,144,226,203,19 296,148,322,213,19 187,117,217,155,19 297,134,315,151,19 287,126,305,175,19 277,124,287,158,19 445,260,485,375,8 228,136,238,152,19 213,136,230,148,19 101,200,252,375,19 31,142,112,266,13
/media/xinje/New Volume/VOC07&12/VOC2012/JPEGImages/2009_002123.jpg 145,106,437,375,19 1,138,147,375,13
/media/xinje/New Volume/VOC07&12/VOC2012/JPEGImages/2009_002362.jpg 190,356,296,500,13 233,317,375,500,8
/media/xinje/New Volume/VOC07&12/VOC2012/JPEGImages/2009_002386.jpg 288,282,375,473,13 13,34,293,479,13 1,344,122,500,13
/media/xinje/New Volume/VOC07&12/VOC2012/JPEGImages/2009_002628.jpg 186,75,320,327,18 183,1,396,259,13
/media/xinje/New Volume/VOC07&12/VOC2012/JPEGImages/2009_002688.jpg 471,66,500,136,13 220,78,261,130,13 139,202,208,236,5 421,241,500,376,8 300,186,393,249,8 211,179,292,235,8 54,216,182,376,8 175,231,330,376,8 46,223,460,376,20
/media/xinje/New Volume/VOC07&12/VOC2012/JPEGImages/2009_002817.jpg 1,1,375,488,13
/media/xinje/New Volume/VOC07&12/VOC2012/JPEGImages/2009_002935.jpg 1,367,133,500,13 1,109,307,495,13
/media/xinje/New Volume/VOC07&12/VOC2012/JPEGImages/2009_002952.jpg 246,186,308,305,8 1,257,105,375,20 1,284,76,375,8 33,241,105,372,8 330,96,363,207,13 453,170,477,235,13 434,132,461,229,13 346,171,395,236,13 395,163,411,221,13 411,187,434,225,13
/media/xinje/New Volume/VOC07&12/VOC2012/JPEGImages/2009_003039.jpg 261,62,495,333,13 7,87,252,333,13
/media/xinje/New Volume/VOC07&12/VOC2012/JPEGImages/2009_003077.jpg 167,206,349,327,18 181,1,392,253,13 454,1,500,244,13 48,1,227,189,13 1,1,50,193,13
/media/xinje/New Volume/VOC07&12/VOC2012/JPEGImages/2009_003326.jpg 112,227,171,304,8 265,139,298,191,13 294,160,322,189,13
/media/xinje/New Volume/VOC07&12/VOC2012/JPEGImages/2009_003377.jpg 1,35,48,144,13 1,125,500,442,15
/media/xinje/New Volume/VOC07&12/VOC2012/JPEGImages/2009_003384.jpg 1,99,59,270,13
/media/xinje/New Volume/VOC07&12/VOC2012/JPEGImages/2009_003459.jpg 204,245,333,383,15 1,292,38,500,13 1,161,42,265,13 68,310,174,457,19
/media/xinje/New Volume/VOC07&12/VOC2012/JPEGImages/2009_003654.jpg 1,31,293,372,20 166,85,377,221,18 159,1,475,375,8 283,1,489,352,8 1,158,67,291,8 144,110,219,204,13 444,96,465,132,13 466,107,490,147,13
/media/xinje/New Volume/VOC07&12/VOC2012/JPEGImages/2009_003677.jpg 134,238,227,405,10 77,161,313,500,8 243,293,261,318,3 1,115,80,320,13
/media/xinje/New Volume/VOC07&12/VOC2012/JPEGImages/2009_003697.jpg 1,203,124,397,18 1,2,264,364,13
/media/xinje/New Volume/VOC07&12/VOC2012/JPEGImages/2009_003752.jpg 47,108,69,187,19 31,112,49,183,19 323,111,346,198,19 53,191,193,416,8 66,187,161,329,8 76,182,146,235,8 124,187,348,493,20 305,171,319,197,13
/media/xinje/New Volume/VOC07&12/VOC2012/JPEGImages/2009_003815.jpg 13,1,500,374,13
/media/xinje/New Volume/VOC07&12/VOC2012/JPEGImages/2009_003819.jpg 157,213,490,375,15 111,246,149,287,13 215,185,228,204,13 136,177,150,191,13 171,182,184,206,13 99,185,120,204,13
/media/xinje/New Volume/VOC07&12/VOC2012/JPEGImages/2009_003888.jpg 189,199,379,375,20 447,153,500,335,19 239,94,379,375,19 236,162,418,375,8 1,90,253,375,19 209,1,268,114,13 91,37,121,136,5 71,55,100,139,5 26,61,52,148,5 17,27,49,105,5 64,54,73,83,5 64,36,78,77,5 75,34,90,72,5 100,29,124,120,5
/media/xinje/New Volume/VOC07&12/VOC2012/JPEGImages/2009_003961.jpg 96,277,255,421,20 82,274,171,402,8 154,279,251,416,8 133,188,187,259,13 118,263,196,392,8 182,268,260,395,8
/media/xinje/New Volume/VOC07&12/VOC2012/JPEGImages/2009_003966.jpg 1,157,369,375,15 73,82,304,218,15 17,53,140,120,20 86,50,135,114,8 26,51,71,128,8 5,40,30,90,8 124,46,155,86,8 96,41,121,58,8 46,20,79,52,13
/media/xinje/New Volume/VOC07&12/VOC2012/JPEGImages/2009_004025.jpg 189,146,299,285,8 397,143,500,302,8 26,237,146,334,13
/media/xinje/New Volume/VOC07&12/VOC2012/JPEGImages/2009_004159.jpg 169,22,484,313,16 259,102,287,157,19 26,201,43,232,13 147,172,173,203,13
/media/xinje/New Volume/VOC07&12/VOC2012/JPEGImages/2009_004168.jpg 346,121,368,145,8 368,120,390,147,8 216,213,270,252,13
/media/xinje/New Volume/VOC07&12/VOC2012/JPEGImages/2009_004173.jpg 1,1,500,375,13
/media/xinje/New Volume/VOC07&12/VOC2012/JPEGImages/2009_004191.jpg 133,6,356,500,13
/media/xinje/New Volume/VOC07&12/VOC2012/JPEGImages/2009_004228.jpg 1,235,424,375,20 395,234,472,375,8 135,78,329,246,19 253,5,302,50,13 271,266,297,333,5 300,252,326,316,5 163,220,248,251,5
/media/xinje/New Volume/VOC07&12/VOC2012/JPEGImages/2009_004264.jpg 219,196,396,271,10 431,226,500,333,15 38,186,437,329,15 387,54,425,181,13
/media/xinje/New Volume/VOC07&12/VOC2012/JPEGImages/2009_004283.jpg 1,214,274,500,15 237,391,306,481,13
/media/xinje/New Volume/VOC07&12/VOC2012/JPEGImages/2009_004394.jpg 98,42,125,145,5 107,134,423,336,18 280,93,341,145,13 177,10,318,144,13 1,268,500,401,20 346,220,487,273,13 1,1,90,321,13
/media/xinje/New Volume/VOC07&12/VOC2012/JPEGImages/2009_004426.jpg 1,183,337,375,20 1,165,57,375,8 309,108,346,341,8 242,115,290,186,8 86,108,144,221,8 1,111,79,250,8 350,131,458,230,15 296,121,393,180,15 200,121,243,178,8 401,97,467,206,13
/media/xinje/New Volume/VOC07&12/VOC2012/JPEGImages/2009_004438.jpg 86,58,207,275,13 91,159,125,239,19
/media/xinje/New Volume/VOC07&12/VOC2012/JPEGImages/2009_004514.jpg 105,222,372,375,20 230,253,315,375,8 49,247,174,375,8 352,160,480,375,19 339,165,406,237,19 281,153,345,228,19 197,161,257,225,19 104,169,180,230,19 39,172,140,363,19 81,132,123,188,8 74,178,107,223,8 24,289,81,375,8 1,200,37,281,8 1,208,45,375,19 314,75,435,206,13 34,130,51,156,13
/media/xinje/New Volume/VOC07&12/VOC2012/JPEGImages/2009_004554.jpg 1,1,333,500,13
/media/xinje/New Volume/VOC07&12/VOC2012/JPEGImages/2009_004562.jpg 145,194,267,375,8 24,211,170,375,8 54,173,111,220,8 1,192,37,253,8 444,91,493,145,13 1,217,219,375,20
/media/xinje/New Volume/VOC07&12/VOC2012/JPEGImages/2009_004631.jpg 218,124,437,332,8 339,34,437,288,13 1,85,56,209,17
/media/xinje/New Volume/VOC07&12/VOC2012/JPEGImages/2009_004642.jpg 34,109,348,435,2 261,82,359,227,13
/media/xinje/New Volume/VOC07&12/VOC2012/JPEGImages/2009_004745.jpg 123,67,352,375,13 102,1,225,323,5
/media/xinje/New Volume/VOC07&12/VOC2012/JPEGImages/2009_004794.jpg 11,258,359,374,20 325,1,440,137,13 354,141,500,374,19 184,96,356,363,19 1,205,163,374,19 12,99,153,267,19 188,285,237,374,5
/media/xinje/New Volume/VOC07&12/VOC2012/JPEGImages/2009_004901.jpg 73,150,344,212,15 224,152,326,210,13 428,227,464,304,8
/media/xinje/New Volume/VOC07&12/VOC2012/JPEGImages/2009_004919.jpg 364,66,459,273,19 1,196,68,306,13
/media/xinje/New Volume/VOC07&12/VOC2012/JPEGImages/2009_004979.jpg 14,1,38,37,13 1,162,375,500,20 249,6,322,143,8 115,4,183,70,8 1,19,120,130,20 93,1,153,37,8
/media/xinje/New Volume/VOC07&12/VOC2012/JPEGImages/2009_004983.jpg 127,1,375,500,15 170,59,328,377,18 1,1,188,212,13
/media/xinje/New Volume/VOC07&12/VOC2012/JPEGImages/2009_004990.jpg 141,1,318,81,13
/media/xinje/New Volume/VOC07&12/VOC2012/JPEGImages/2009_005006.jpg 150,198,236,277,4 46,185,191,227,4 173,85,247,178,4 80,96,128,160,13 168,96,237,177,4
/media/xinje/New Volume/VOC07&12/VOC2012/JPEGImages/2009_005069.jpg 1,139,375,500,20 1,1,123,150,13 163,104,257,170,8 1,130,92,272,8
/media/xinje/New Volume/VOC07&12/VOC2012/JPEGImages/2009_005070.jpg 1,242,83,333,17 123,159,239,314,13 393,250,500,333,15
/media/xinje/New Volume/VOC07&12/VOC2012/JPEGImages/2009_005170.jpg 1,1,500,375,13
/media/xinje/New Volume/VOC07&12/VOC2012/JPEGImages/2009_005278.jpg 34,219,334,375,20 209,220,338,375,8 276,189,327,245,8 205,187,244,232,8 67,194,117,236,8 16,217,127,375,8 52,227,190,375,8 27,182,55,222,8 1,189,14,229,8 346,1,408,35,13 204,16,286,88,13 361,189,430,257,13 347,51,363,92,5 340,53,353,91,5 333,55,345,93,5 376,45,422,80,13
/media/xinje/New Volume/VOC07&12/VOC2012/JPEGImages/2010_000132.jpg 151,130,320,500,13
/media/xinje/New Volume/VOC07&12/VOC2012/JPEGImages/2010_000567.jpg 28,43,466,478,13
/media/xinje/New Volume/VOC07&12/VOC2012/JPEGImages/2010_000601.jpg 237,129,287,163,20 167,138,186,169,8 182,140,202,172,8 176,151,239,218,8 164,165,241,274,8 202,142,255,150,20 205,149,265,219,20 212,161,288,245,20 228,172,315,273,20 74,150,127,217,20 69,158,127,235,20 1,219,99,375,20 1,291,65,375,20 345,292,500,375,20 296,233,500,375,20 261,202,408,352,20 176,249,330,375,8 309,67,370,128,13 62,66,135,208,13
/media/xinje/New Volume/VOC07&12/VOC2012/JPEGImages/2010_000750.jpg 1,5,348,409,13
/media/xinje/New Volume/VOC07&12/VOC2012/JPEGImages/2010_000773.jpg 167,40,227,133,13 232,77,275,128,19 129,204,247,317,17 1,104,16,151,19 10,97,34,144,19 4,84,18,111,19
/media/xinje/New Volume/VOC07&12/VOC2012/JPEGImages/2010_000800.jpg 288,1,369,64,13 382,131,482,338,8 50,134,85,175,13 1,70,36,250,13 39,169,126,235,17
/media/xinje/New Volume/VOC07&12/VOC2012/JPEGImages/2010_000871.jpg 186,96,375,372,13 10,1,366,500,13 342,338,375,429,13
/media/xinje/New Volume/VOC07&12/VOC2012/JPEGImages/2010_001111.jpg 1,1,84,285,13 39,110,394,347,15 119,91,345,375,19 343,1,413,124,13 352,1,500,375,19
/media/xinje/New Volume/VOC07&12/VOC2012/JPEGImages/2010_001134.jpg 38,244,186,333,13 260,169,497,333,13 417,1,500,82,13 300,26,467,193,13 158,94,323,260,13 1,91,159,250,13 78,1,260,101,13
/media/xinje/New Volume/VOC07&12/VOC2012/JPEGImages/2010_001310.jpg 91,126,335,500,7 231,433,321,500,13
/media/xinje/New Volume/VOC07&12/VOC2012/JPEGImages/2010_001430.jpg 289,149,323,214,13 113,92,236,302,19
/media/xinje/New Volume/VOC07&12/VOC2012/JPEGImages/2010_001547.jpg 189,178,319,316,15 17,172,92,256,8 65,165,169,229,15 164,139,218,228,13
/media/xinje/New Volume/VOC07&12/VOC2012/JPEGImages/2010_001743.jpg 375,154,456,247,8 278,140,340,207,8 2,160,97,256,13 80,145,309,291,15 419,210,500,375,8
/media/xinje/New Volume/VOC07&12/VOC2012/JPEGImages/2010_001785.jpg 64,181,440,375,20 314,132,342,204,5 248,184,294,260,5 228,207,253,251,5 400,109,500,375,19 1,107,183,375,19 34,59,215,227,19 46,1,61,32,5 32,1,47,32,5 9,1,30,34,5 301,133,376,204,13
/media/xinje/New Volume/VOC07&12/VOC2012/JPEGImages/2010_001864.jpg 61,1,500,328,13
/media/xinje/New Volume/VOC07&12/VOC2012/JPEGImages/2010_001940.jpg 122,106,225,375,19 211,15,499,375,19 1,46,134,207,13
/media/xinje/New Volume/VOC07&12/VOC2012/JPEGImages/2010_002055.jpg 37,120,375,500,2 248,262,276,306,19 285,206,318,324,19 229,265,286,337,5 13,241,51,312,13
/media/xinje/New Volume/VOC07&12/VOC2012/JPEGImages/2010_002193.jpg 469,82,500,265,13 318,100,429,203,17 1,1,197,129,13 1,129,198,313,15
/media/xinje/New Volume/VOC07&12/VOC2012/JPEGImages/2010_002379.jpg 1,1,500,375,13
/media/xinje/New Volume/VOC07&12/VOC2012/JPEGImages/2010_002462.jpg 167,234,448,330,20 200,137,248,242,19 149,141,256,332,19 29,148,197,375,19 1,104,162,325,19 318,142,351,187,19 343,146,406,245,19 374,131,415,189,19 389,108,500,348,19 162,1,297,216,13 309,200,327,253,5
/media/xinje/New Volume/VOC07&12/VOC2012/JPEGImages/2010_002537.jpg 50,15,142,250,13 54,54,148,190,13 264,86,325,208,13 310,49,368,209,13 1,231,500,297,20
/media/xinje/New Volume/VOC07&12/VOC2012/JPEGImages/2010_002733.jpg 273,199,313,266,13
/media/xinje/New Volume/VOC07&12/VOC2012/JPEGImages/2010_002742.jpg 101,36,166,89,17 1,307,266,375,20 237,146,331,375,19 151,186,281,375,19 431,211,500,341,8 68,95,199,211,13 38,274,83,318,5
/media/xinje/New Volume/VOC07&12/VOC2012/JPEGImages/2010_002830.jpg 21,81,272,428,13 1,271,93,426,13 250,208,375,467,8 1,259,299,500,20
/media/xinje/New Volume/VOC07&12/VOC2012/JPEGImages/2010_002842.jpg 1,1,338,294,13 52,14,476,343,13
/media/xinje/New Volume/VOC07&12/VOC2012/JPEGImages/2010_002982.jpg 403,48,500,294,13 1,129,131,281,17 43,63,442,479,19
/media/xinje/New Volume/VOC07&12/VOC2012/JPEGImages/2010_003017.jpg 156,98,254,319,5 371,191,480,375,5 1,139,235,375,19 170,138,390,375,19 458,215,500,375,19 327,225,374,290,8 123,154,149,255,13 71,172,123,262,13 42,211,66,238,13 1,210,15,243,13
/media/xinje/New Volume/VOC07&12/VOC2012/JPEGImages/2010_003101.jpg 27,35,367,333,13
/media/xinje/New Volume/VOC07&12/VOC2012/JPEGImages/2010_003203.jpg 1,364,282,400,15 1,299,111,341,15 62,263,77,302,8 5,264,39,304,8 324,68,500,240,4 138,185,209,368,13 90,200,133,344,13
/media/xinje/New Volume/VOC07&12/VOC2012/JPEGImages/2010_003218.jpg 195,288,250,333,13 150,236,220,346,13 125,271,176,354,13
/media/xinje/New Volume/VOC07&12/VOC2012/JPEGImages/2010_003556.jpg 327,123,500,331,15 1,108,328,401,15 191,1,342,287,19 28,93,162,428,13
/media/xinje/New Volume/VOC07&12/VOC2012/JPEGImages/2010_003651.jpg 28,21,314,458,13
/media/xinje/New Volume/VOC07&12/VOC2012/JPEGImages/2010_003674.jpg 55,69,127,122,13 186,70,257,117,13 333,233,486,340,17 332,60,484,374,19
/media/xinje/New Volume/VOC07&12/VOC2012/JPEGImages/2010_003864.jpg 25,131,199,279,15 291,103,359,170,17 372,234,500,334,15 178,111,210,156,13 94,98,218,155,20 121,111,151,155,8 95,107,123,140,8 110,93,133,107,8
/media/xinje/New Volume/VOC07&12/VOC2012/JPEGImages/2010_003910.jpg 1,1,483,375,13
/media/xinje/New Volume/VOC07&12/VOC2012/JPEGImages/2010_004029.jpg 281,208,354,306,8 145,290,195,351,13
/media/xinje/New Volume/VOC07&12/VOC2012/JPEGImages/2010_004062.jpg 49,104,332,235,15 92,197,255,375,8 365,143,500,309,8 377,93,442,195,8 1,4,98,238,13
/media/xinje/New Volume/VOC07&12/VOC2012/JPEGImages/2010_004072.jpg 46,123,282,296,2 206,138,305,199,13
/media/xinje/New Volume/VOC07&12/VOC2012/JPEGImages/2010_004358.jpg 72,128,500,375,15 344,1,466,157,8 192,1,302,108,13 72,78,137,151,17
/media/xinje/New Volume/VOC07&12/VOC2012/JPEGImages/2010_004466.jpg 244,144,300,293,13
/media/xinje/New Volume/VOC07&12/VOC2012/JPEGImages/2010_004683.jpg 174,66,395,243,10 71,159,189,271,13 2,150,83,255,13 237,79,257,109,13 116,9,240,174,13
/media/xinje/New Volume/VOC07&12/VOC2012/JPEGImages/2010_004703.jpg 184,143,250,325,19 257,143,328,324,19 310,194,367,307,19 359,256,409,286,13 395,191,450,229,13 490,243,500,277,13
/media/xinje/New Volume/VOC07&12/VOC2012/JPEGImages/2010_004712.jpg 233,89,322,183,18 99,129,166,203,8 136,106,164,134,13
/media/xinje/New Volume/VOC07&12/VOC2012/JPEGImages/2010_004910.jpg 155,63,403,323,19 208,55,255,177,13 373,173,464,311,8 1,239,500,375,20
/media/xinje/New Volume/VOC07&12/VOC2012/JPEGImages/2010_004933.jpg 16,43,371,495,18 172,1,246,38,13
/media/xinje/New Volume/VOC07&12/VOC2012/JPEGImages/2010_004944.jpg 1,113,122,258,17 350,175,411,207,13 234,140,276,165,13 291,84,359,115,13 349,1,466,87,13 243,26,281,46,13
/media/xinje/New Volume/VOC07&12/VOC2012/JPEGImages/2010_004974.jpg 1,1,373,500,13
/media/xinje/New Volume/VOC07&12/VOC2012/JPEGImages/2010_005274.jpg 42,89,446,398,10 1,1,136,310,13
/media/xinje/New Volume/VOC07&12/VOC2012/JPEGImages/2010_005279.jpg 1,1,346,411,13 1,1,217,169,13
/media/xinje/New Volume/VOC07&12/VOC2012/JPEGImages/2010_005536.jpg 62,256,213,375,13 286,17,380,101,13 216,204,349,353,13 300,153,437,323,13 353,133,478,241,13 331,57,396,125,13 351,85,439,145,13
/media/xinje/New Volume/VOC07&12/VOC2012/JPEGImages/2010_005593.jpg 213,1,500,367,13
/media/xinje/New Volume/VOC07&12/VOC2012/JPEGImages/2010_005628.jpg 352,210,436,322,10 23,2,258,375,19 182,101,246,180,13 165,322,304,375,8
/media/xinje/New Volume/VOC07&12/VOC2012/JPEGImages/2010_005758.jpg 171,90,247,177,19 123,101,219,252,19 270,103,369,261,19 175,167,475,374,19 1,150,149,374,19 122,150,317,374,19 332,133,389,201,13 459,208,500,287,8 472,200,500,279,8 422,73,475,135,13
/media/xinje/New Volume/VOC07&12/VOC2012/JPEGImages/2010_005830.jpg 109,232,381,452,15 355,327,500,498,8 336,82,400,164,19 1,157,115,443,19 104,205,254,482,19 123,221,183,319,19 1,219,69,329,13
/media/xinje/New Volume/VOC07&12/VOC2012/JPEGImages/2010_005876.jpg 173,67,320,345,19 35,194,80,241,13 77,153,408,344,12
/media/xinje/New Volume/VOC07&12/VOC2012/JPEGImages/2010_005930.jpg 232,242,340,441,8 96,259,159,323,17 29,204,111,369,13
/media/xinje/New Volume/VOC07&12/VOC2012/JPEGImages/2010_005932.jpg 304,71,456,313,13
/media/xinje/New Volume/VOC07&12/VOC2012/JPEGImages/2010_005975.jpg 25,92,461,356,18 1,1,500,375,8 1,74,39,181,13
/media/xinje/New Volume/VOC07&12/VOC2012/JPEGImages/2010_005996.jpg 270,137,294,163,13 365,139,413,186,13 308,87,500,190,16 21,60,393,333,19 25,113,36,152,19 23,128,46,157,19
/media/xinje/New Volume/VOC07&12/VOC2012/JPEGImages/2011_000072.jpg 274,221,500,375,13 254,117,336,215,8 354,41,421,107,17 289,79,370,173,19 180,113,248,270,19 180,77,252,166,19 93,145,200,294,19 62,81,187,375,15
/media/xinje/New Volume/VOC07&12/VOC2012/JPEGImages/2011_000145.jpg 112,84,251,470,13
/media/xinje/New Volume/VOC07&12/VOC2012/JPEGImages/2011_000196.jpg 212,25,287,96,13 324,15,414,147,13 142,23,180,99,13 302,88,322,163,5 182,215,322,375,8 113,125,390,362,20 68,40,139,191,19 323,62,455,293,19 1,35,154,341,19 222,102,299,129,8 76,3,136,59,13 359,120,390,156,8
/media/xinje/New Volume/VOC07&12/VOC2012/JPEGImages/2011_000361.jpg 238,31,357,180,13 432,193,500,375,5 1,253,500,375,20 385,86,500,193,19 200,98,373,256,19 36,102,244,316,19
/media/xinje/New Volume/VOC07&12/VOC2012/JPEGImages/2011_000388.jpg 1,1,306,500,13 303,117,403,391,13 317,1,403,114,13
/media/xinje/New Volume/VOC07&12/VOC2012/JPEGImages/2011_000468.jpg 25,4,426,369,13
/media/xinje/New Volume/VOC07&12/VOC2012/JPEGImages/2011_000572.jpg 29,193,144,285,13 133,164,181,229,13 219,144,266,236,13 376,183,447,294,15 137,221,277,317,8
/media/xinje/New Volume/VOC07&12/VOC2012/JPEGImages/2011_000731.jpg 279,185,414,271,13 2,228,111,374,8 205,241,275,348,8 456,238,500,311,8 249,249,305,271,8 413,255,464,280,8 179,311,499,375,20 95,257,171,330,20 246,269,461,313,20 133,180,219,315,19 21,180,110,268,19
/media/xinje/New Volume/VOC07&12/VOC2012/JPEGImages/2011_000823.jpg 211,192,227,246,5 160,330,184,375,5 232,322,398,375,8 340,248,457,374,8 58,198,127,353,8 160,216,327,375,20 274,165,421,375,19 319,155,432,290,19 197,120,287,326,19 89,132,199,356,19 25,110,133,322,13
/media/xinje/New Volume/VOC07&12/VOC2012/JPEGImages/2011_000875.jpg 9,10,114,98,13 107,160,214,207,13 284,166,375,207,13 489,183,500,238,5 467,201,490,235,5 273,202,343,274,8 173,231,226,375,8 204,270,499,374,20 203,276,244,375,8 484,210,499,236,5
/media/xinje/New Volume/VOC07&12/VOC2012/JPEGImages/2011_000885.jpg 328,54,459,202,13 292,229,412,375,8 274,140,362,245,19 118,143,229,368,19 64,112,105,212,19 96,143,108,161,19 106,145,130,189,19 125,147,148,166,19 152,144,169,164,19 193,143,212,178,19 213,149,224,163,19 224,148,243,174,19 259,142,288,176,19 72,212,209,375,8 448,247,500,375,8 465,193,500,247,8 360,190,416,242,8 12,165,38,218,8 40,163,66,212,8 101,165,129,208,8 200,160,213,189,8 260,172,280,232,5 242,171,252,195,5
/media/xinje/New Volume/VOC07&12/VOC2012/JPEGImages/2011_000934.jpg 5,53,341,500,13 1,423,176,500,19
/media/xinje/New Volume/VOC07&12/VOC2012/JPEGImages/2011_001009.jpg 424,79,498,257,13 176,236,388,374,8 307,187,440,375,8 399,151,456,328,8 1,195,34,362,8 137,125,165,160,8 1,134,352,375,20 190,101,405,342,19 323,70,459,222,19 249,58,346,146,19 158,72,232,159,19 74,92,154,186,19 1,88,119,358,19
/media/xinje/New Volume/VOC07&12/VOC2012/JPEGImages/2011_001011.jpg 191,225,251,329,19 49,146,113,223,13 244,163,319,229,13 89,105,154,153,13 7,62,64,123,13 152,78,202,127,13
/media/xinje/New Volume/VOC07&12/VOC2012/JPEGImages/2011_001022.jpg 64,1,395,154,12 218,1,326,295,13
/media/xinje/New Volume/VOC07&12/VOC2012/JPEGImages/2011_001034.jpg 1,1,500,375,13
/media/xinje/New Volume/VOC07&12/VOC2012/JPEGImages/2011_001055.jpg 384,1,459,119,13 325,105,433,194,19 70,106,192,202,19 15,38,89,122,19
/media/xinje/New Volume/VOC07&12/VOC2012/JPEGImages/2011_001175.jpg 208,146,232,171,13 360,176,382,210,13 56,215,225,375,15 329,210,398,296,8 288,185,340,251,8 252,182,302,240,8 202,173,241,218,8
/media/xinje/New Volume/VOC07&12/VOC2012/JPEGImages/2011_001369.jpg 53,6,315,341,13 18,305,372,416,18
/media/xinje/New Volume/VOC07&12/VOC2012/JPEGImages/2011_001382.jpg 147,93,227,258,13 446,96,499,342,5 216,1,307,288,5 336,142,424,285,5 1,172,500,375,20 1,1,228,202,19
/media/xinje/New Volume/VOC07&12/VOC2012/JPEGImages/2011_001412.jpg 114,33,219,118,13 1,107,182,220,15 125,113,225,258,8 308,128,402,248,8 330,102,442,293,8 413,107,500,276,8 223,104,500,297,20
/media/xinje/New Volume/VOC07&12/VOC2012/JPEGImages/2011_001456.jpg 1,270,49,377,17 46,274,128,357,13 104,256,267,493,19 223,306,305,456,8 340,185,374,419,19
/media/xinje/New Volume/VOC07&12/VOC2012/JPEGImages/2011_001466.jpg 234,125,294,198,17 304,223,424,363,8 107,152,205,251,8 1,228,97,371,15 38,109,68,147,13 84,89,123,143,13
/media/xinje/New Volume/VOC07&12/VOC2012/JPEGImages/2011_001566.jpg 444,80,459,94,13 429,76,448,95,13 393,62,413,96,13 306,317,336,374,8 279,319,308,371,8 232,313,260,370,8 154,308,184,372,8 187,309,212,339,8 435,307,459,346,8 416,301,436,329,8 469,306,487,341,8 455,300,471,337,8 398,280,424,301,2
/media/xinje/New Volume/VOC07&12/VOC2012/JPEGImages/2011_001600.jpg 391,149,500,234,13 192,172,273,309,8 269,170,330,252,8 250,176,379,369,8 1,193,51,374,15 350,224,498,371,15
/media/xinje/New Volume/VOC07&12/VOC2012/JPEGImages/2011_001611.jpg 41,26,310,499,13
/media/xinje/New Volume/VOC07&12/VOC2012/JPEGImages/2011_001622.jpg 126,161,153,201,13 35,160,67,204,13 15,160,42,197,13 92,160,114,198,13 188,162,210,180,13 165,158,187,185,13 406,165,423,186,13 390,164,408,184,13 365,163,382,187,13 296,160,324,190,13 264,160,289,179,13 212,156,225,175,13 230,167,250,195,13
/media/xinje/New Volume/VOC07&12/VOC2012/JPEGImages/2011_001689.jpg 118,258,500,375,15 23,188,193,325,8 149,153,211,211,17 1,229,38,346,8 387,170,439,214,13 465,127,491,212,13 487,168,500,217,13 2,118,60,185,13
/media/xinje/New Volume/VOC07&12/VOC2012/JPEGImages/2011_001766.jpg 153,167,187,210,13 6,170,260,500,8 301,53,333,175,13
/media/xinje/New Volume/VOC07&12/VOC2012/JPEGImages/2011_001791.jpg 195,147,236,197,13 116,158,158,203,13 98,169,134,213,8 146,159,185,217,8 115,169,143,219,8 176,170,204,210,8 224,174,255,239,8 257,179,293,242,8 204,189,245,257,8 165,182,207,243,8 176,193,227,272,8 301,207,363,291,8 300,173,327,227,8 335,171,368,197,8 325,184,367,252,8 355,185,394,244,8 272,164,286,185,8 249,163,271,189,8 434,167,456,207,8 399,168,425,213,8 383,167,408,207,8
/media/xinje/New Volume/VOC07&12/VOC2012/JPEGImages/2011_001928.jpg 158,46,301,158,17 463,49,500,86,13 36,82,190,283,19 303,30,481,283,19
/media/xinje/New Volume/VOC07&12/VOC2012/JPEGImages/2011_002022.jpg 19,67,309,375,13 205,268,427,340,8 1,331,499,374,20
/media/xinje/New Volume/VOC07&12/VOC2012/JPEGImages/2011_002031.jpg 124,1,438,279,13 130,176,217,263,18
/media/xinje/New Volume/VOC07&12/VOC2012/JPEGImages/2011_002318.jpg 135,1,215,62,13 191,2,266,63,13 1,2,118,349,5
/media/xinje/New Volume/VOC07&12/VOC2012/JPEGImages/2011_002350.jpg 344,229,398,309,13 236,166,272,210,13 338,147,390,209,13 134,148,180,212,13
/media/xinje/New Volume/VOC07&12/VOC2012/JPEGImages/2011_002443.jpg 1,73,35,123,13 60,27,109,96,13 252,97,284,131,13 241,48,325,129,13 128,195,212,390,19 246,34,270,56,19 280,35,303,59,19 317,38,339,60,19 313,50,335,96,8 54,9,71,37,19 37,20,67,79,8 131,34,153,81,8 158,35,176,59,8
/media/xinje/New Volume/VOC07&12/VOC2012/JPEGImages/2011_002614.jpg 186,84,321,268,8 1,69,52,155,8 124,59,233,240,8 3,62,255,255,20 74,255,435,333,20 309,48,500,333,19 1,65,155,333,19 243,1,348,132,13
/media/xinje/New Volume/VOC07&12/VOC2012/JPEGImages/2011_002808.jpg 325,69,435,361,13 463,82,500,109,13 6,227,50,293,8 1,292,93,375,8 147,199,179,235,13 33,207,71,265,8
/media/xinje/New Volume/VOC07&12/VOC2012/JPEGImages/2011_002924.jpg 19,1,206,110,13 57,87,375,500,8 222,1,375,276,8 1,2,375,344,20
/media/xinje/New Volume/VOC07&12/VOC2012/JPEGImages/2011_002927.jpg 342,192,355,223,5 234,233,340,356,8 211,221,276,357,8 108,200,159,238,8 73,227,355,357,20 89,255,200,357,8 69,237,93,357,8 8,51,90,99,13
/media/xinje/New Volume/VOC07&12/VOC2012/JPEGImages/2011_003002.jpg 116,1,201,49,13 201,1,247,33,13 99,58,206,147,13
/media/xinje/New Volume/VOC07&12/VOC2012/JPEGImages/2011_003038.jpg 229,2,363,94,13 188,187,208,223,5 89,143,159,226,19 1,115,136,233,19 134,87,368,375,19 1,226,386,375,15
/media/xinje/New Volume/VOC07&12/VOC2012/JPEGImages/2011_003047.jpg 70,168,169,363,13 274,17,362,74,13 1,289,108,351,8 208,202,300,293,17
/media/xinje/New Volume/VOC07&12/VOC2012/JPEGImages/2011_003162.jpg 330,1,500,340,13 15,87,265,373,19 232,92,480,373,19
