/media/xinje/New Volume/VOC07&12/VOC2012/JPEGImages/2008_000099.jpg 122,11,336,223,10 98,176,425,357,14
/media/xinje/New Volume/VOC07&12/VOC2012/JPEGImages/2008_000669.jpg 2,2,442,375,14
/media/xinje/New Volume/VOC07&12/VOC2012/JPEGImages/2008_000915.jpg 214,211,263,278,14
/media/xinje/New Volume/VOC07&12/VOC2012/JPEGImages/2008_001601.jpg 119,58,479,312,14 186,48,329,120,14
/media/xinje/New Volume/VOC07&12/VOC2012/JPEGImages/2008_002061.jpg 456,3,500,375,19 175,81,326,375,19 191,226,322,375,14
/media/xinje/New Volume/VOC07&12/VOC2012/JPEGImages/2008_002150.jpg 153,108,332,302,14 149,122,480,375,19 453,35,500,74,3
/media/xinje/New Volume/VOC07&12/VOC2012/JPEGImages/2008_002343.jpg 1,1,297,349,14 318,203,377,309,14 240,206,327,303,14
/media/xinje/New Volume/VOC07&12/VOC2012/JPEGImages/2008_003147.jpg 120,161,213,263,14 209,204,257,278,14 265,219,321,295,14
/media/xinje/New Volume/VOC07&12/VOC2012/JPEGImages/2008_004629.jpg 98,42,331,258,14 60,59,118,214,19 1,60,42,199,19 70,71,185,212,19
/media/xinje/New Volume/VOC07&12/VOC2012/JPEGImages/2008_005494.jpg 219,127,500,375,14 73,90,196,375,19
/media/xinje/New Volume/VOC07&12/VOC2012/JPEGImages/2008_005505.jpg 182,90,256,178,14
/media/xinje/New Volume/VOC07&12/VOC2012/JPEGImages/2008_005706.jpg 22,12,233,324,14 177,13,485,364,14 443,3,500,282,14
/media/xinje/New Volume/VOC07&12/VOC2012/JPEGImages/2008_005736.jpg 36,92,117,146,14 324,130,439,242,14 219,157,345,240,14
/media/xinje/New Volume/VOC07&12/VOC2012/JPEGImages/2008_005938.jpg 74,45,338,234,14
/media/xinje/New Volume/VOC07&12/VOC2012/JPEGImages/2008_006070.jpg 37,50,458,413,14 140,20,473,363,14 245,39,345,85,14
/media/xinje/New Volume/VOC07&12/VOC2012/JPEGImages/2008_006221.jpg 117,94,177,150,14 81,178,168,265,14 164,213,213,265,14 261,183,321,218,14 298,142,411,221,14 375,112,420,171,14
/media/xinje/New Volume/VOC07&12/VOC2012/JPEGImages/2008_006339.jpg 80,139,301,322,14 90,1,482,271,14
/media/xinje/New Volume/VOC07&12/VOC2012/JPEGImages/2008_006570.jpg 119,211,227,388,14 99,142,224,474,19 249,169,375,482,19
/media/xinje/New Volume/VOC07&12/VOC2012/JPEGImages/2008_006902.jpg 195,198,231,223,14 217,200,244,218,14 245,195,279,225,14
/media/xinje/New Volume/VOC07&12/VOC2012/JPEGImages/2008_007069.jpg 411,172,445,195,14 183,186,219,215,14 206,201,260,249,14 321,202,381,258,14 368,217,397,256,14 482,190,500,234,14 138,197,164,221,14 137,160,155,177,14 119,160,136,172,14 118,166,132,175,14 99,161,117,174,14 84,161,101,176,14 208,155,224,169,14 238,154,259,170,14 330,147,350,164,14 301,138,313,146,14 290,137,301,146,14 1,170,22,183,14 2,160,19,171,14 404,217,429,247,14 357,136,371,145,14 390,142,405,153,14 42,213,90,255,14 282,216,308,248,14 240,243,277,266,14 307,192,316,209,14 71,187,90,205,14 115,197,139,212,14 105,204,116,213,14 107,215,123,227,14 124,239,157,274,14 161,215,208,270,14 245,190,265,202,14 219,145,229,153,14 175,147,188,156,14 190,146,199,153,14 132,148,144,156,14 106,151,117,159,14 93,154,101,160,14 47,154,61,166,14 369,147,376,160,14 429,143,438,157,14 401,130,410,139,14 375,131,386,141,14 348,133,358,141,14 360,132,372,141,14 179,156,193,168,14 152,151,164,162,14 119,151,129,158,14 75,178,86,186,14 25,157,32,162,14 39,154,47,162,14 37,163,49,172,14 10,155,20,163,14 234,166,246,177,14 422,199,452,250,14
/media/xinje/New Volume/VOC07&12/VOC2012/JPEGImages/2008_007245.jpg 267,84,390,174,14
/media/xinje/New Volume/VOC07&12/VOC2012/JPEGImages/2008_007909.jpg 1,1,500,375,14
/media/xinje/New Volume/VOC07&12/VOC2012/JPEGImages/2008_007985.jpg 24,190,161,295,14 117,211,187,275,14 146,132,276,252,14 183,111,300,185,14 293,75,386,188,14 310,50,431,146,14 379,2,459,119,14
/media/xinje/New Volume/VOC07&12/VOC2012/JPEGImages/2008_008319.jpg 355,180,500,352,14 224,166,417,277,14 129,116,197,305,19 38,88,94,241,19 10,63,61,210,19 105,120,138,223,19
/media/xinje/New Volume/VOC07&12/VOC2012/JPEGImages/2008_008323.jpg 106,132,413,333,14 187,70,323,169,14
/media/xinje/New Volume/VOC07&12/VOC2012/JPEGImages/2008_008601.jpg 1,98,288,333,14 1,1,500,333,14
/media/xinje/New Volume/VOC07&12/VOC2012/JPEGImages/2008_008623.jpg 57,42,450,322,14 1,44,33,270,14
/media/xinje/New Volume/VOC07&12/VOC2012/JPEGImages/2008_008665.jpg 1,57,392,375,14
/media/xinje/New Volume/VOC07&12/VOC2012/JPEGImages/2008_008666.jpg 171,197,293,272,14 32,124,100,173,14
/media/xinje/New Volume/VOC07&12/VOC2012/JPEGImages/2008_008668.jpg 249,72,285,122,14 180,83,208,108,14
/media/xinje/New Volume/VOC07&12/VOC2012/JPEGImages/2008_008714.jpg 183,157,207,202,10 262,173,376,285,14 187,189,286,275,14 298,175,416,267,14 300,164,388,193,14 279,168,307,188,14 199,170,272,203,14
/media/xinje/New Volume/VOC07&12/VOC2012/JPEGImages/2008_008744.jpg 1,125,288,338,14 262,77,401,313,19
/media/xinje/New Volume/VOC07&12/VOC2012/JPEGImages/2009_000168.jpg 235,118,347,233,14 82,34,238,333,19
/media/xinje/New Volume/VOC07&12/VOC2012/JPEGImages/2009_000223.jpg 37,196,62,243,19 242,141,333,269,14 360,197,418,253,14 187,211,276,247,12 104,201,191,244,12
/media/xinje/New Volume/VOC07&12/VOC2012/JPEGImages/2009_000289.jpg 104,203,287,296,14
/media/xinje/New Volume/VOC07&12/VOC2012/JPEGImages/2009_000750.jpg 44,190,316,469,14 22,2,158,412,19 113,23,188,62,14 182,17,268,60,14
/media/xinje/New Volume/VOC07&12/VOC2012/JPEGImages/2009_001172.jpg 87,119,486,500,14
/media/xinje/New Volume/VOC07&12/VOC2012/JPEGImages/2009_001177.jpg 231,103,462,280,14 168,165,315,300,14
/media/xinje/New Volume/VOC07&12/VOC2012/JPEGImages/2009_001203.jpg 74,45,379,303,14
/media/xinje/New Volume/VOC07&12/VOC2012/JPEGImages/2009_001236.jpg 36,212,276,469,14 1,69,312,410,14 282,94,333,391,14
/media/xinje/New Volume/VOC07&12/VOC2012/JPEGImages/2009_001263.jpg 357,234,440,291,14 409,262,500,375,14 150,271,290,375,14 28,206,108,259,14 1,281,155,375,14 1,249,70,296,14 444,233,500,277,14 190,216,251,281,14 1,220,48,257,14
/media/xinje/New Volume/VOC07&12/VOC2012/JPEGImages/2009_001403.jpg 129,131,277,441,14 1,1,158,438,14 124,1,335,399,14
/media/xinje/New Volume/VOC07&12/VOC2012/JPEGImages/2009_001537.jpg 90,190,215,282,14
/media/xinje/New Volume/VOC07&12/VOC2012/JPEGImages/2009_001732.jpg 163,147,249,292,14 229,135,297,270,14 407,118,458,198,14 323,105,369,179,14 286,122,336,222,14 179,94,233,148,14 134,118,195,213,14 246,115,286,150,14
/media/xinje/New Volume/VOC07&12/VOC2012/JPEGImages/2009_001783.jpg 207,120,444,294,14 152,49,449,292,14
/media/xinje/New Volume/VOC07&12/VOC2012/JPEGImages/2009_001959.jpg 9,89,309,325,14
/media/xinje/New Volume/VOC07&12/VOC2012/JPEGImages/2009_002133.jpg 136,98,313,275,14
/media/xinje/New Volume/VOC07&12/VOC2012/JPEGImages/2009_002245.jpg 142,65,500,333,14
/media/xinje/New Volume/VOC07&12/VOC2012/JPEGImages/2009_002391.jpg 1,156,281,375,14 123,1,500,375,19
/media/xinje/New Volume/VOC07&12/VOC2012/JPEGImages/2009_002719.jpg 1,175,44,246,14 45,171,113,240,14 193,163,238,231,14 241,155,307,231,14 243,147,358,234,14 126,173,201,249,14 367,171,413,227,14 373,147,491,231,14
/media/xinje/New Volume/VOC07&12/VOC2012/JPEGImages/2009_002921.jpg 1,5,235,314,14 205,121,481,359,14
/media/xinje/New Volume/VOC07&12/VOC2012/JPEGImages/2009_002988.jpg 282,182,368,250,14 70,113,198,228,14 220,111,302,233,14 186,109,314,210,14 303,123,380,239,14
/media/xinje/New Volume/VOC07&12/VOC2012/JPEGImages/2009_003249.jpg 110,158,383,288,14 1,156,32,236,14
/media/xinje/New Volume/VOC07&12/VOC2012/JPEGImages/2009_003425.jpg 278,2,500,264,14 1,1,266,374,19
/media/xinje/New Volume/VOC07&12/VOC2012/JPEGImages/2009_003430.jpg 38,36,375,500,14
/media/xinje/New Volume/VOC07&12/VOC2012/JPEGImages/2009_003541.jpg 35,47,439,492,14 282,1,430,116,18
/media/xinje/New Volume/VOC07&12/VOC2012/JPEGImages/2009_003624.jpg 428,12,492,90,14 141,34,237,126,14 1,65,195,375,14 21,62,448,375,14
/media/xinje/New Volume/VOC07&12/VOC2012/JPEGImages/2009_003784.jpg 2,26,474,412,14
/media/xinje/New Volume/VOC07&12/VOC2012/JPEGImages/2009_004171.jpg 369,171,449,269,14 145,159,255,260,14 171,90,281,178,7
/media/xinje/New Volume/VOC07&12/VOC2012/JPEGImages/2009_004181.jpg 1,1,71,95,14 82,1,222,56,14 36,1,355,213,14 206,146,422,375,19 420,1,500,197,19
/media/xinje/New Volume/VOC07&12/VOC2012/JPEGImages/2009_004201.jpg 243,169,273,223,14 99,183,131,232,14 40,191,82,242,14
/media/xinje/New Volume/VOC07&12/VOC2012/JPEGImages/2009_004222.jpg 214,108,378,257,14 135,101,261,252,14
/media/xinje/New Volume/VOC07&12/VOC2012/JPEGImages/2009_004513.jpg 201,137,282,197,7 84,168,262,398,14
/media/xinje/New Volume/VOC07&12/VOC2012/JPEGImages/2009_004547.jpg 1,3,337,471,14
/media/xinje/New Volume/VOC07&12/VOC2012/JPEGImages/2009_004805.jpg 183,118,357,216,14
/media/xinje/New Volume/VOC07&12/VOC2012/JPEGImages/2009_004943.jpg 38,341,155,420,14 97,313,152,346,14 201,299,249,331,14 267,292,309,332,14 308,282,361,315,14 248,291,286,318,14 235,293,250,315,14 275,268,291,277,14 140,287,147,297,14 8,311,21,320,14 178,289,192,295,14 195,277,205,288,14 212,276,228,287,14 161,275,174,285,14 114,283,122,293,14 57,287,67,295,14
/media/xinje/New Volume/VOC07&12/VOC2012/JPEGImages/2009_004945.jpg 5,27,452,402,14
/media/xinje/New Volume/VOC07&12/VOC2012/JPEGImages/2010_000002.jpg 102,46,411,400,14
/media/xinje/New Volume/VOC07&12/VOC2012/JPEGImages/2010_000052.jpg 92,125,348,308,14 115,177,226,210,14 197,59,324,220,19
/media/xinje/New Volume/VOC07&12/VOC2012/JPEGImages/2010_000089.jpg 199,111,399,252,14 147,97,205,137,5 1,1,220,331,19
/media/xinje/New Volume/VOC07&12/VOC2012/JPEGImages/2010_000117.jpg 204,165,269,259,14
/media/xinje/New Volume/VOC07&12/VOC2012/JPEGImages/2010_000189.jpg 102,27,418,395,14
/media/xinje/New Volume/VOC07&12/VOC2012/JPEGImages/2010_000190.jpg 270,102,448,290,14
/media/xinje/New Volume/VOC07&12/VOC2012/JPEGImages/2010_000307.jpg 208,59,390,225,14 66,114,380,249,14
/media/xinje/New Volume/VOC07&12/VOC2012/JPEGImages/2010_000436.jpg 92,36,285,184,14 174,56,397,242,14
/media/xinje/New Volume/VOC07&12/VOC2012/JPEGImages/2010_000527.jpg 201,144,395,333,14 267,136,303,164,14 7,154,163,257,14 27,140,65,172,14
/media/xinje/New Volume/VOC07&12/VOC2012/JPEGImages/2010_000641.jpg 78,23,405,321,14
/media/xinje/New Volume/VOC07&12/VOC2012/JPEGImages/2010_000667.jpg 338,166,472,264,14 137,157,276,260,14
/media/xinje/New Volume/VOC07&12/VOC2012/JPEGImages/2010_000847.jpg 170,147,244,204,14 208,137,322,212,14 289,156,360,208,14
/media/xinje/New Volume/VOC07&12/VOC2012/JPEGImages/2010_000920.jpg 315,134,360,214,14 348,130,376,197,14 250,144,321,185,14 239,178,284,231,14 182,170,241,259,14 124,173,187,250,14
/media/xinje/New Volume/VOC07&12/VOC2012/JPEGImages/2010_000970.jpg 1,131,143,374,14 83,14,364,375,19 138,101,173,163,19 1,48,38,276,19 68,119,82,160,19
/media/xinje/New Volume/VOC07&12/VOC2012/JPEGImages/2010_000978.jpg 228,178,319,289,14 143,54,313,276,14
/media/xinje/New Volume/VOC07&12/VOC2012/JPEGImages/2010_001076.jpg 250,227,318,266,14 179,207,269,250,14 121,67,129,85,19
/media/xinje/New Volume/VOC07&12/VOC2012/JPEGImages/2010_001160.jpg 252,336,317,438,14 124,439,309,500,14 105,301,139,370,14 99,258,141,313,14 289,373,375,498,14 161,200,175,213,14 194,198,204,215,14 202,200,211,212,14 21,221,34,243,14 1,222,20,244,14
/media/xinje/New Volume/VOC07&12/VOC2012/JPEGImages/2010_001175.jpg 15,67,482,479,14
/media/xinje/New Volume/VOC07&12/VOC2012/JPEGImages/2010_001179.jpg 98,104,130,134,14 273,101,311,124,14 317,133,352,160,14 367,129,398,151,14
/media/xinje/New Volume/VOC07&12/VOC2012/JPEGImages/2010_001245.jpg 180,202,367,348,14 1,70,113,361,19
/media/xinje/New Volume/VOC07&12/VOC2012/JPEGImages/2010_001356.jpg 6,1,500,333,14
/media/xinje/New Volume/VOC07&12/VOC2012/JPEGImages/2010_001607.jpg 63,70,276,245,14 142,64,416,260,14
/media/xinje/New Volume/VOC07&12/VOC2012/JPEGImages/2010_001618.jpg 269,183,299,195,14 177,179,200,191,14
/media/xinje/New Volume/VOC07&12/VOC2012/JPEGImages/2010_001746.jpg 1,18,481,333,14
/media/xinje/New Volume/VOC07&12/VOC2012/JPEGImages/2010_001881.jpg 94,43,500,375,14
/media/xinje/New Volume/VOC07&12/VOC2012/JPEGImages/2010_002039.jpg 128,141,234,301,14 235,170,317,288,14 315,157,353,231,14 383,191,440,277,14 373,25,452,58,7 1,32,38,375,19 236,90,271,184,19 273,118,307,182,19 302,111,339,238,19 330,103,366,216,19 359,93,436,198,19 450,124,500,265,19 476,145,500,308,19
/media/xinje/New Volume/VOC07&12/VOC2012/JPEGImages/2010_002054.jpg 391,224,448,275,14 340,232,397,272,14 322,248,356,295,14 1,243,19,260,14
/media/xinje/New Volume/VOC07&12/VOC2012/JPEGImages/2010_002130.jpg 393,190,451,217,14 311,197,387,239,14 347,191,396,215,14 157,216,253,259,14 211,179,274,236,14 280,176,320,194,14 121,157,156,193,14 263,183,284,204,14 342,181,387,199,14
/media/xinje/New Volume/VOC07&12/VOC2012/JPEGImages/2010_002176.jpg 101,149,178,219,14 168,150,228,171,14 194,155,255,203,14
/media/xinje/New Volume/VOC07&12/VOC2012/JPEGImages/2010_002215.jpg 1,2,36,68,14 16,68,157,219,14 174,88,326,294,14
/media/xinje/New Volume/VOC07&12/VOC2012/JPEGImages/2010_002346.jpg 1,194,166,328,14 1,164,73,201,14 268,107,395,275,19 318,118,384,306,19
/media/xinje/New Volume/VOC07&12/VOC2012/JPEGImages/2010_002353.jpg 144,170,228,334,19 255,194,358,319,14 358,233,447,335,14
/media/xinje/New Volume/VOC07&12/VOC2012/JPEGImages/2010_002378.jpg 99,156,333,430,14
/media/xinje/New Volume/VOC07&12/VOC2012/JPEGImages/2010_002501.jpg 74,341,196,424,14 69,318,176,391,14 2,328,100,413,14 91,232,136,327,19 1,346,40,403,14 1,313,57,333,14
/media/xinje/New Volume/VOC07&12/VOC2012/JPEGImages/2010_002507.jpg 162,117,259,174,14 142,128,308,268,7
/media/xinje/New Volume/VOC07&12/VOC2012/JPEGImages/2010_002582.jpg 270,222,440,286,14 128,137,327,260,14 98,121,249,239,14 1,156,111,236,14 425,158,442,177,14
/media/xinje/New Volume/VOC07&12/VOC2012/JPEGImages/2010_002624.jpg 330,171,448,238,14 212,139,285,179,14 194,166,289,225,14 253,189,317,235,14 141,145,200,191,14 46,186,150,244,14
/media/xinje/New Volume/VOC07&12/VOC2012/JPEGImages/2010_002628.jpg 1,94,249,284,14 230,91,414,317,19
/media/xinje/New Volume/VOC07&12/VOC2012/JPEGImages/2010_002665.jpg 13,7,478,323,14
/media/xinje/New Volume/VOC07&12/VOC2012/JPEGImages/2010_002750.jpg 155,182,181,208,14
/media/xinje/New Volume/VOC07&12/VOC2012/JPEGImages/2010_002821.jpg 207,259,333,499,14 14,39,186,473,19
/media/xinje/New Volume/VOC07&12/VOC2012/JPEGImages/2010_003013.jpg 217,110,292,162,14 84,113,147,161,14
/media/xinje/New Volume/VOC07&12/VOC2012/JPEGImages/2010_003028.jpg 182,118,429,293,14 6,103,40,138,3 65,76,89,112,3
/media/xinje/New Volume/VOC07&12/VOC2012/JPEGImages/2010_003094.jpg 304,252,370,403,14 1,331,124,460,14 81,128,346,481,19
/media/xinje/New Volume/VOC07&12/VOC2012/JPEGImages/2010_003153.jpg 180,165,415,297,14
/media/xinje/New Volume/VOC07&12/VOC2012/JPEGImages/2010_003252.jpg 238,159,293,212,14
/media/xinje/New Volume/VOC07&12/VOC2012/JPEGImages/2010_003343.jpg 68,122,264,232,14 325,129,500,298,14
/media/xinje/New Volume/VOC07&12/VOC2012/JPEGImages/2010_003372.jpg 1,33,423,334,14
/media/xinje/New Volume/VOC07&12/VOC2012/JPEGImages/2010_003491.jpg 143,276,286,358,14
/media/xinje/New Volume/VOC07&12/VOC2012/JPEGImages/2010_003567.jpg 96,150,500,375,14 284,286,474,375,14 1,240,63,375,19
/media/xinje/New Volume/VOC07&12/VOC2012/JPEGImages/2010_003670.jpg 175,161,231,224,14 89,174,134,224,14 228,192,301,232,10 88,124,133,230,19 107,96,184,296,19
/media/xinje/New Volume/VOC07&12/VOC2012/JPEGImages/2010_003725.jpg 33,1,439,333,14
/media/xinje/New Volume/VOC07&12/VOC2012/JPEGImages/2010_003754.jpg 305,164,389,294,14 206,164,318,278,14 379,40,395,52,14 280,41,302,52,14 179,41,199,54,14 122,43,140,55,14 479,39,500,50,14 292,44,313,51,14 332,38,350,47,14 364,40,381,53,14 355,40,366,51,14
/media/xinje/New Volume/VOC07&12/VOC2012/JPEGImages/2010_003865.jpg 13,1,467,375,14
/media/xinje/New Volume/VOC07&12/VOC2012/JPEGImages/2010_003954.jpg 23,81,289,307,14
/media/xinje/New Volume/VOC07&12/VOC2012/JPEGImages/2010_003996.jpg 254,142,478,324,14 160,79,372,292,14 49,31,167,143,19 52,43,167,333,19 1,1,216,290,19
/media/xinje/New Volume/VOC07&12/VOC2012/JPEGImages/2010_004061.jpg 131,121,220,262,14 206,121,306,263,14 275,135,363,265,14 310,154,400,300,14
/media/xinje/New Volume/VOC07&12/VOC2012/JPEGImages/2010_004065.jpg 337,9,497,200,14 21,58,175,363,10
/media/xinje/New Volume/VOC07&12/VOC2012/JPEGImages/2010_004074.jpg 108,44,500,375,14
/media/xinje/New Volume/VOC07&12/VOC2012/JPEGImages/2010_004089.jpg 197,145,313,288,14 100,313,307,460,14 336,305,375,379,14 303,202,375,288,14 37,195,191,311,14 1,271,64,356,14 1,414,132,500,14 225,105,295,150,10 68,281,257,369,10
/media/xinje/New Volume/VOC07&12/VOC2012/JPEGImages/2010_004259.jpg 1,29,500,361,14
/media/xinje/New Volume/VOC07&12/VOC2012/JPEGImages/2010_004276.jpg 301,131,366,203,14 159,102,189,147,14 127,97,154,134,14 71,92,92,118,14 52,84,70,111,14 40,78,58,106,14
/media/xinje/New Volume/VOC07&12/VOC2012/JPEGImages/2010_004332.jpg 1,168,283,364,14 275,56,419,275,19 278,103,402,327,19
/media/xinje/New Volume/VOC07&12/VOC2012/JPEGImages/2010_004371.jpg 253,197,292,235,14 221,177,269,216,14 202,185,237,239,14
/media/xinje/New Volume/VOC07&12/VOC2012/JPEGImages/2010_004436.jpg 417,217,500,326,14 197,118,362,253,9
/media/xinje/New Volume/VOC07&12/VOC2012/JPEGImages/2010_004499.jpg 334,216,417,276,14 287,212,349,265,14 199,213,287,267,14 1,1,225,375,19 447,240,500,261,14 173,238,205,259,14 274,242,309,260,14 156,238,175,261,14
/media/xinje/New Volume/VOC07&12/VOC2012/JPEGImages/2010_004514.jpg 37,85,500,334,14
/media/xinje/New Volume/VOC07&12/VOC2012/JPEGImages/2010_004560.jpg 32,46,252,310,14 198,90,500,358,14 1,85,172,375,19
/media/xinje/New Volume/VOC07&12/VOC2012/JPEGImages/2010_004694.jpg 1,145,308,500,14
/media/xinje/New Volume/VOC07&12/VOC2012/JPEGImages/2010_004704.jpg 197,149,262,214,14 48,183,133,263,14 1,245,36,367,14 299,167,500,375,19
/media/xinje/New Volume/VOC07&12/VOC2012/JPEGImages/2010_004710.jpg 293,206,500,341,14 14,11,254,375,19
/media/xinje/New Volume/VOC07&12/VOC2012/JPEGImages/2010_004812.jpg 230,129,445,316,14 117,106,215,229,14 149,49,205,112,14 94,46,161,114,14
/media/xinje/New Volume/VOC07&12/VOC2012/JPEGImages/2010_005002.jpg 217,158,325,257,14 51,140,99,205,14 19,131,65,178,14 88,109,105,134,14
/media/xinje/New Volume/VOC07&12/VOC2012/JPEGImages/2010_005098.jpg 60,126,412,375,14 83,34,484,305,14
/media/xinje/New Volume/VOC07&12/VOC2012/JPEGImages/2010_005183.jpg 172,161,268,247,14 177,162,274,233,14
/media/xinje/New Volume/VOC07&12/VOC2012/JPEGImages/2010_005260.jpg 38,133,339,269,14
/media/xinje/New Volume/VOC07&12/VOC2012/JPEGImages/2010_005310.jpg 301,93,474,347,14 80,77,201,199,14 49,156,98,184,14
/media/xinje/New Volume/VOC07&12/VOC2012/JPEGImages/2010_005385.jpg 1,1,337,449,14
/media/xinje/New Volume/VOC07&12/VOC2012/JPEGImages/2010_005466.jpg 451,187,500,310,14 391,140,500,220,14 248,185,330,255,14 391,129,441,172,14 193,119,267,242,19 250,31,292,132,19 218,35,249,135,19
/media/xinje/New Volume/VOC07&12/VOC2012/JPEGImages/2010_005519.jpg 372,193,474,326,14 158,152,258,254,14 226,142,273,195,14
/media/xinje/New Volume/VOC07&12/VOC2012/JPEGImages/2010_005601.jpg 110,35,488,365,14
/media/xinje/New Volume/VOC07&12/VOC2012/JPEGImages/2010_005736.jpg 219,205,269,253,14 154,217,227,266,14 141,195,199,228,14 70,186,106,229,14 165,204,200,227,14
/media/xinje/New Volume/VOC07&12/VOC2012/JPEGImages/2010_005740.jpg 165,123,277,284,14 166,198,237,306,14
/media/xinje/New Volume/VOC07&12/VOC2012/JPEGImages/2010_005820.jpg 198,192,247,249,14
/media/xinje/New Volume/VOC07&12/VOC2012/JPEGImages/2010_005986.jpg 16,95,103,158,14 183,88,243,130,14 154,109,223,150,14 228,136,324,292,14 122,150,217,246,14 167,163,234,258,14
/media/xinje/New Volume/VOC07&12/VOC2012/JPEGImages/2011_000450.jpg 215,143,371,302,14
/media/xinje/New Volume/VOC07&12/VOC2012/JPEGImages/2011_000454.jpg 357,180,429,239,14 184,196,242,241,14 131,216,200,280,14
/media/xinje/New Volume/VOC07&12/VOC2012/JPEGImages/2011_000641.jpg 412,223,459,272,14 295,214,341,248,14 48,229,111,277,14
/media/xinje/New Volume/VOC07&12/VOC2012/JPEGImages/2011_000759.jpg 301,1,359,70,14 224,1,305,68,14 141,1,213,70,14 73,5,146,76,14 390,125,500,267,14 30,59,415,375,14
/media/xinje/New Volume/VOC07&12/VOC2012/JPEGImages/2011_000829.jpg 138,134,431,374,14 226,31,392,82,14 341,11,430,63,14 450,18,489,90,14 441,5,500,51,14 372,23,428,71,14 166,21,227,47,14 259,25,350,45,14 299,7,336,26,14 173,50,259,93,14 153,45,210,66,14 2,78,28,113,14 13,38,287,390,19 263,63,464,343,19
/media/xinje/New Volume/VOC07&12/VOC2012/JPEGImages/2011_000834.jpg 136,140,179,167,3 142,128,160,138,3 329,168,429,255,14 89,153,194,256,14 35,33,44,52,19 24,31,32,52,19 18,31,26,45,19 10,27,19,52,19 1,29,10,47,19
/media/xinje/New Volume/VOC07&12/VOC2012/JPEGImages/2011_001240.jpg 260,128,319,157,14 84,149,142,190,14 312,169,337,227,14 247,138,309,227,14 135,129,202,201,14 307,159,394,226,14
/media/xinje/New Volume/VOC07&12/VOC2012/JPEGImages/2011_001246.jpg 52,341,199,375,14 1,288,77,375,14 394,283,485,371,14 454,259,500,353,14 381,198,500,298,14 462,180,499,216,14 419,186,450,202,14 291,186,418,292,14 347,168,384,196,14 283,177,356,234,14 100,52,209,214,14 1,70,122,233,14 1,23,60,51,14 193,253,385,375,14 1,44,85,82,14 51,58,121,88,14
/media/xinje/New Volume/VOC07&12/VOC2012/JPEGImages/2011_001373.jpg 50,57,423,267,14
/media/xinje/New Volume/VOC07&12/VOC2012/JPEGImages/2011_001549.jpg 180,90,394,266,14 55,125,297,297,14
/media/xinje/New Volume/VOC07&12/VOC2012/JPEGImages/2011_001810.jpg 159,155,205,191,14 288,141,338,177,14
/media/xinje/New Volume/VOC07&12/VOC2012/JPEGImages/2011_002027.jpg 2,50,454,375,14
/media/xinje/New Volume/VOC07&12/VOC2012/JPEGImages/2011_002119.jpg 1,11,489,240,14 143,149,254,267,14 268,181,349,248,14 17,174,498,399,14 1,192,184,400,14
/media/xinje/New Volume/VOC07&12/VOC2012/JPEGImages/2011_002447.jpg 39,202,297,375,14 66,138,465,347,14 48,35,367,204,14
/media/xinje/New Volume/VOC07&12/VOC2012/JPEGImages/2011_002464.jpg 86,60,367,340,14 98,1,162,109,14 364,56,486,215,14 298,13,340,72,3
/media/xinje/New Volume/VOC07&12/VOC2012/JPEGImages/2011_002553.jpg 379,244,457,330,14 192,218,295,347,14 442,219,500,334,19 286,143,345,353,19 199,142,254,259,19 101,188,190,332,19 19,175,62,240,19 44,208,58,245,5 87,203,98,240,5
/media/xinje/New Volume/VOC07&12/VOC2012/JPEGImages/2011_002571.jpg 89,102,311,297,14
/media/xinje/New Volume/VOC07&12/VOC2012/JPEGImages/2011_002867.jpg 229,184,262,279,19 468,214,491,232,14 432,210,442,223,14 445,214,458,226,14 456,214,471,228,14
/media/xinje/New Volume/VOC07&12/VOC2012/JPEGImages/2011_003223.jpg 406,3,436,20,14 145,88,166,106,14 149,133,349,272,14
