/media/xinje/New Volume/VOC07&12/VOC2012/JPEGImages/2008_000093.jpg 392,3,479,95,17 307,178,412,280,8 328,194,473,328,8 143,163,320,247,15 1,173,145,317,15
/media/xinje/New Volume/VOC07&12/VOC2012/JPEGImages/2008_000128.jpg 11,29,500,375,15 1,85,361,375,19 92,173,212,357,19
/media/xinje/New Volume/VOC07&12/VOC2012/JPEGImages/2008_000421.jpg 1,171,308,375,19 61,161,414,375,19 409,128,426,158,5 1,141,446,375,15 156,106,488,375,19
/media/xinje/New Volume/VOC07&12/VOC2012/JPEGImages/2008_000493.jpg 108,132,251,375,19 177,76,471,375,19 314,161,371,242,19 1,65,500,375,15 327,1,462,120,20 444,41,500,121,8
/media/xinje/New Volume/VOC07&12/VOC2012/JPEGImages/2008_000636.jpg 62,156,213,426,19 62,14,257,426,19 1,136,320,426,15
/media/xinje/New Volume/VOC07&12/VOC2012/JPEGImages/2008_000648.jpg 121,31,374,331,19 55,49,500,331,15 12,118,42,185,5
/media/xinje/New Volume/VOC07&12/VOC2012/JPEGImages/2008_000704.jpg 87,179,179,282,8 136,173,397,337,15 131,164,327,337,19 6,153,169,261,15
/media/xinje/New Volume/VOC07&12/VOC2012/JPEGImages/2008_001030.jpg 36,205,406,374,15
/media/xinje/New Volume/VOC07&12/VOC2012/JPEGImages/2008_001133.jpg 1,184,388,347,15 1,265,317,375,15 53,256,162,337,8 1,266,45,351,8 151,247,249,326,8 68,241,179,309,8 1,235,100,286,8 449,113,500,250,13
/media/xinje/New Volume/VOC07&12/VOC2012/JPEGImages/2008_001238.jpg 13,142,296,317,10 284,148,475,220,10 1,92,500,375,15
/media/xinje/New Volume/VOC07&12/VOC2012/JPEGImages/2008_001390.jpg 320,43,498,295,19 1,136,344,310,19 1,68,500,375,15 457,59,479,126,5
/media/xinje/New Volume/VOC07&12/VOC2012/JPEGImages/2008_001399.jpg 1,153,315,375,15
/media/xinje/New Volume/VOC07&12/VOC2012/JPEGImages/2008_001461.jpg 439,94,500,228,8 433,74,498,124,17 1,91,189,288,15 107,30,240,254,19 196,178,276,309,10
/media/xinje/New Volume/VOC07&12/VOC2012/JPEGImages/2008_001694.jpg 1,183,89,314,8 426,188,476,233,13 115,162,408,270,15
/media/xinje/New Volume/VOC07&12/VOC2012/JPEGImages/2008_001781.jpg 336,150,416,218,17 330,95,414,161,13 230,153,264,181,13 195,96,237,180,13 32,160,112,208,13 1,202,123,312,15
/media/xinje/New Volume/VOC07&12/VOC2012/JPEGImages/2008_001787.jpg 11,269,500,375,15
/media/xinje/New Volume/VOC07&12/VOC2012/JPEGImages/2008_001896.jpg 404,159,491,259,17 1,174,207,333,15
/media/xinje/New Volume/VOC07&12/VOC2012/JPEGImages/2008_002119.jpg 81,125,434,343,15 1,234,214,375,8 182,21,224,72,17 385,117,408,146,13
/media/xinje/New Volume/VOC07&12/VOC2012/JPEGImages/2008_002434.jpg 59,1,235,204,19 1,151,106,314,19 34,68,488,332,15 145,56,330,332,19 225,27,487,333,19
/media/xinje/New Volume/VOC07&12/VOC2012/JPEGImages/2008_002533.jpg 165,50,376,360,19 18,15,500,286,15
/media/xinje/New Volume/VOC07&12/VOC2012/JPEGImages/2008_002776.jpg 8,52,136,161,17 454,23,463,48,5 332,181,477,292,19 258,138,373,256,8 325,198,500,333,15
/media/xinje/New Volume/VOC07&12/VOC2012/JPEGImages/2008_002903.jpg 274,228,300,243,8 230,232,240,249,8 302,236,318,311,8 240,241,282,319,8 122,262,246,374,8 1,326,202,500,8 1,270,70,360,15 223,242,308,318,20
/media/xinje/New Volume/VOC07&12/VOC2012/JPEGImages/2008_002916.jpg 4,53,433,375,15
/media/xinje/New Volume/VOC07&12/VOC2012/JPEGImages/2008_002922.jpg 1,42,500,333,15 91,45,322,333,19 250,31,435,332,19
/media/xinje/New Volume/VOC07&12/VOC2012/JPEGImages/2008_002948.jpg 89,58,398,375,15 9,1,169,333,2 397,16,500,375,12 1,1,135,306,2
/media/xinje/New Volume/VOC07&12/VOC2012/JPEGImages/2008_003393.jpg 68,155,375,491,15 266,169,375,490,19 115,110,328,500,19
/media/xinje/New Volume/VOC07&12/VOC2012/JPEGImages/2008_003814.jpg 434,184,500,268,17 1,205,169,335,15
/media/xinje/New Volume/VOC07&12/VOC2012/JPEGImages/2008_004269.jpg 1,6,500,375,15 19,1,500,375,19 15,183,258,375,19
/media/xinje/New Volume/VOC07&12/VOC2012/JPEGImages/2008_004321.jpg 212,135,324,274,19 312,137,437,324,19 402,238,500,333,19 117,157,188,333,19 1,160,122,333,19 135,245,415,333,20 348,193,469,333,8 430,167,500,252,17 61,175,312,333,15
/media/xinje/New Volume/VOC07&12/VOC2012/JPEGImages/2008_004416.jpg 143,147,442,371,15
/media/xinje/New Volume/VOC07&12/VOC2012/JPEGImages/2008_004435.jpg 83,1,153,109,13 13,25,74,125,8 101,29,214,184,19 131,77,355,336,19 177,114,188,139,5 142,52,469,375,15
/media/xinje/New Volume/VOC07&12/VOC2012/JPEGImages/2008_004492.jpg 45,85,477,240,15 1,86,46,257,8 309,259,472,375,17 118,101,226,245,19 276,119,423,291,19
/media/xinje/New Volume/VOC07&12/VOC2012/JPEGImages/2008_004661.jpg 215,208,471,333,15 422,234,500,333,17 68,165,116,250,8 24,165,75,247,8 90,157,129,241,8 46,153,78,231,8 36,175,132,255,20 125,133,293,304,13
/media/xinje/New Volume/VOC07&12/VOC2012/JPEGImages/2008_004697.jpg 75,72,213,308,8 232,13,386,331,8 414,89,500,377,8 1,84,437,377,15
/media/xinje/New Volume/VOC07&12/VOC2012/JPEGImages/2008_004938.jpg 1,133,364,436,15 53,67,352,500,19
/media/xinje/New Volume/VOC07&12/VOC2012/JPEGImages/2008_004964.jpg 157,273,375,500,15 36,237,136,406,8
/media/xinje/New Volume/VOC07&12/VOC2012/JPEGImages/2008_005090.jpg 277,236,371,322,17 216,485,279,500,5 97,224,253,444,19 1,276,176,418,19 1,201,255,454,15
/media/xinje/New Volume/VOC07&12/VOC2012/JPEGImages/2008_005395.jpg 157,152,464,279,19 40,115,500,284,15
/media/xinje/New Volume/VOC07&12/VOC2012/JPEGImages/2008_005623.jpg 7,5,491,247,15
/media/xinje/New Volume/VOC07&12/VOC2012/JPEGImages/2008_005850.jpg 114,36,309,266,19 170,240,369,334,10 133,48,500,322,15
/media/xinje/New Volume/VOC07&12/VOC2012/JPEGImages/2008_005882.jpg 194,136,391,258,10 83,185,218,271,18 1,75,486,375,15
/media/xinje/New Volume/VOC07&12/VOC2012/JPEGImages/2008_005926.jpg 1,275,257,500,15
/media/xinje/New Volume/VOC07&12/VOC2012/JPEGImages/2008_006276.jpg 1,1,500,362,15
/media/xinje/New Volume/VOC07&12/VOC2012/JPEGImages/2008_006370.jpg 58,138,459,375,15 87,91,365,375,19
/media/xinje/New Volume/VOC07&12/VOC2012/JPEGImages/2008_006389.jpg 1,1,500,375,15
/media/xinje/New Volume/VOC07&12/VOC2012/JPEGImages/2008_006436.jpg 1,1,348,212,15 14,161,124,259,10 256,65,500,219,10
/media/xinje/New Volume/VOC07&12/VOC2012/JPEGImages/2008_006737.jpg 166,167,451,356,15 1,219,110,375,15 25,165,155,243,15 161,159,294,214,15 379,157,498,242,15
/media/xinje/New Volume/VOC07&12/VOC2012/JPEGImages/2008_006868.jpg 275,93,371,216,18 1,38,472,375,15
/media/xinje/New Volume/VOC07&12/VOC2012/JPEGImages/2008_007043.jpg 46,163,471,375,15 193,144,291,327,19 267,150,360,314,19
/media/xinje/New Volume/VOC07&12/VOC2012/JPEGImages/2008_007169.jpg 157,331,329,475,10 36,109,174,373,19 177,122,249,295,19 182,172,191,187,5 160,203,375,320,15 1,180,50,263,8 1,314,307,500,8
/media/xinje/New Volume/VOC07&12/VOC2012/JPEGImages/2008_007218.jpg 1,106,500,360,15 1,77,184,375,19 161,77,290,375,19 259,81,359,375,19 323,106,475,375,19
/media/xinje/New Volume/VOC07&12/VOC2012/JPEGImages/2008_007511.jpg 15,17,489,268,15
/media/xinje/New Volume/VOC07&12/VOC2012/JPEGImages/2008_007682.jpg 1,123,384,375,15 101,107,309,375,19
/media/xinje/New Volume/VOC07&12/VOC2012/JPEGImages/2008_007837.jpg 16,166,500,375,15 122,119,269,375,19 234,135,369,375,19 327,138,500,375,19
/media/xinje/New Volume/VOC07&12/VOC2012/JPEGImages/2008_008106.jpg 24,201,225,375,15
/media/xinje/New Volume/VOC07&12/VOC2012/JPEGImages/2008_008162.jpg 49,94,500,333,15 61,83,303,333,19 249,64,403,333,19 132,166,245,248,19
/media/xinje/New Volume/VOC07&12/VOC2012/JPEGImages/2008_008206.jpg 1,216,97,325,15 359,226,500,325,15 231,164,280,211,17
/media/xinje/New Volume/VOC07&12/VOC2012/JPEGImages/2008_008276.jpg 1,155,500,318,15 260,96,295,133,17
/media/xinje/New Volume/VOC07&12/VOC2012/JPEGImages/2008_008410.jpg 45,98,466,354,15 53,46,249,320,19 125,59,308,354,19 188,98,427,354,19
/media/xinje/New Volume/VOC07&12/VOC2012/JPEGImages/2008_008517.jpg 8,135,500,375,15 1,70,76,193,13 9,96,145,162,13 61,81,295,375,19 174,45,412,375,19
/media/xinje/New Volume/VOC07&12/VOC2012/JPEGImages/2008_008522.jpg 1,111,405,347,15 151,1,292,395,19
/media/xinje/New Volume/VOC07&12/VOC2012/JPEGImages/2008_008526.jpg 1,152,500,375,15 162,232,197,338,5 66,138,352,375,19 234,141,500,375,19
/media/xinje/New Volume/VOC07&12/VOC2012/JPEGImages/2008_008560.jpg 159,189,500,375,15
/media/xinje/New Volume/VOC07&12/VOC2012/JPEGImages/2008_008567.jpg 1,20,500,483,15 132,13,482,483,19
/media/xinje/New Volume/VOC07&12/VOC2012/JPEGImages/2008_008578.jpg 132,32,500,238,15 22,184,284,307,10 331,49,468,144,10 216,80,332,142,10
/media/xinje/New Volume/VOC07&12/VOC2012/JPEGImages/2008_008590.jpg 387,95,500,197,17 180,203,233,287,18 43,151,285,323,15 1,228,171,359,15
/media/xinje/New Volume/VOC07&12/VOC2012/JPEGImages/2008_008608.jpg 211,212,500,375,15 1,191,166,375,15 224,61,322,244,13 122,128,205,199,17
/media/xinje/New Volume/VOC07&12/VOC2012/JPEGImages/2008_008642.jpg 1,47,477,332,15
/media/xinje/New Volume/VOC07&12/VOC2012/JPEGImages/2008_008649.jpg 223,79,291,143,17 347,15,396,93,19 296,192,500,375,15 1,231,159,371,15 141,117,219,210,8
/media/xinje/New Volume/VOC07&12/VOC2012/JPEGImages/2009_000014.jpg 342,105,448,209,17 106,174,214,298,8 1,262,82,373,15
/media/xinje/New Volume/VOC07&12/VOC2012/JPEGImages/2009_000016.jpg 1,14,500,375,15 2,102,469,324,10
/media/xinje/New Volume/VOC07&12/VOC2012/JPEGImages/2009_000217.jpg 1,223,165,375,15 14,171,32,193,13 13,102,30,125,13 21,64,40,86,13
/media/xinje/New Volume/VOC07&12/VOC2012/JPEGImages/2009_000251.jpg 231,200,479,375,15 29,162,171,295,8 382,72,448,121,13
/media/xinje/New Volume/VOC07&12/VOC2012/JPEGImages/2009_000375.jpg 1,383,200,500,15 1,187,178,447,19 230,47,332,452,19 1,144,129,260,19 30,1,159,228,19 150,1,222,192,19 189,1,271,149,19
/media/xinje/New Volume/VOC07&12/VOC2012/JPEGImages/2009_000379.jpg 1,1,500,375,15 62,111,430,256,19
/media/xinje/New Volume/VOC07&12/VOC2012/JPEGImages/2009_000416.jpg 1,1,500,492,15 1,45,478,487,10
/media/xinje/New Volume/VOC07&12/VOC2012/JPEGImages/2009_000449.jpg 1,1,333,500,15 1,141,161,299,10 1,1,333,483,19
/media/xinje/New Volume/VOC07&12/VOC2012/JPEGImages/2009_000474.jpg 273,100,484,333,19 86,90,375,333,19 2,117,500,333,15
/media/xinje/New Volume/VOC07&12/VOC2012/JPEGImages/2009_000505.jpg 329,1,410,51,13 279,25,477,273,19 158,43,351,256,19 1,119,500,333,19 2,28,500,333,15
/media/xinje/New Volume/VOC07&12/VOC2012/JPEGImages/2009_000577.jpg 173,129,419,230,15 289,172,355,210,10 236,183,420,367,19 172,295,418,375,8 1,302,141,375,8 41,216,150,329,10 222,118,292,215,19 227,186,242,216,5 137,117,183,216,8 1,207,60,316,19
/media/xinje/New Volume/VOC07&12/VOC2012/JPEGImages/2009_000653.jpg 83,1,459,314,19 32,107,477,285,15
/media/xinje/New Volume/VOC07&12/VOC2012/JPEGImages/2009_000672.jpg 359,118,500,184,15 1,200,58,235,8 1,224,126,375,8 12,135,495,321,15 337,316,487,375,8
/media/xinje/New Volume/VOC07&12/VOC2012/JPEGImages/2009_000926.jpg 372,216,500,375,15 246,206,305,248,13 258,111,319,181,13 427,165,483,209,13 354,165,379,195,13 380,120,437,168,13
/media/xinje/New Volume/VOC07&12/VOC2012/JPEGImages/2009_000937.jpg 221,79,491,226,15 10,82,210,210,15
/media/xinje/New Volume/VOC07&12/VOC2012/JPEGImages/2009_000973.jpg 153,77,402,316,15 158,14,264,114,8
/media/xinje/New Volume/VOC07&12/VOC2012/JPEGImages/2009_001081.jpg 1,1,500,375,15 121,59,500,375,18
/media/xinje/New Volume/VOC07&12/VOC2012/JPEGImages/2009_001107.jpg 154,83,375,453,15
/media/xinje/New Volume/VOC07&12/VOC2012/JPEGImages/2009_001146.jpg 33,94,470,291,15
/media/xinje/New Volume/VOC07&12/VOC2012/JPEGImages/2009_001190.jpg 1,145,500,375,15 1,65,436,375,19 196,38,471,375,19
/media/xinje/New Volume/VOC07&12/VOC2012/JPEGImages/2009_001241.jpg 4,212,250,375,15 221,237,266,290,13
/media/xinje/New Volume/VOC07&12/VOC2012/JPEGImages/2009_001268.jpg 1,182,256,308,15
/media/xinje/New Volume/VOC07&12/VOC2012/JPEGImages/2009_001357.jpg 274,155,338,239,17 1,178,100,260,15 94,183,210,294,8 126,209,239,390,8
/media/xinje/New Volume/VOC07&12/VOC2012/JPEGImages/2009_001376.jpg 116,107,500,282,19 1,15,500,375,15
/media/xinje/New Volume/VOC07&12/VOC2012/JPEGImages/2009_001446.jpg 1,124,411,332,15 178,82,313,321,10 113,1,160,45,13
/media/xinje/New Volume/VOC07&12/VOC2012/JPEGImages/2009_001605.jpg 68,59,500,269,15 153,140,270,267,10 27,1,152,259,19 84,42,487,154,19 1,133,94,359,19 1,1,34,68,17 369,279,423,324,5
/media/xinje/New Volume/VOC07&12/VOC2012/JPEGImages/2009_001608.jpg 6,151,198,243,20 239,147,285,221,8 42,163,104,254,8 106,163,156,253,8 161,147,217,239,8 1,157,51,241,8 1,360,274,500,15 285,148,330,229,17 89,77,121,104,19
/media/xinje/New Volume/VOC07&12/VOC2012/JPEGImages/2009_001719.jpg 318,10,469,75,18 1,39,500,317,15
/media/xinje/New Volume/VOC07&12/VOC2012/JPEGImages/2009_001746.jpg 17,200,500,375,15
/media/xinje/New Volume/VOC07&12/VOC2012/JPEGImages/2009_001871.jpg 1,65,292,263,15 371,176,500,373,8 118,98,288,342,8 369,45,454,114,8 144,83,500,350,20 411,146,500,305,8
/media/xinje/New Volume/VOC07&12/VOC2012/JPEGImages/2009_001874.jpg 1,158,75,319,8 158,251,500,375,15 400,89,497,165,17
/media/xinje/New Volume/VOC07&12/VOC2012/JPEGImages/2009_001888.jpg 1,251,164,384,15 253,281,500,384,15 298,124,460,327,13
/media/xinje/New Volume/VOC07&12/VOC2012/JPEGImages/2009_001908.jpg 1,31,500,333,15 84,208,433,333,19 98,1,422,333,19 309,151,362,220,5
/media/xinje/New Volume/VOC07&12/VOC2012/JPEGImages/2009_001961.jpg 96,20,357,211,17 377,87,500,331,15
/media/xinje/New Volume/VOC07&12/VOC2012/JPEGImages/2009_002083.jpg 74,134,304,355,15 129,104,231,160,13
/media/xinje/New Volume/VOC07&12/VOC2012/JPEGImages/2009_002192.jpg 117,83,500,301,15 170,88,273,329,19 306,143,451,216,10
/media/xinje/New Volume/VOC07&12/VOC2012/JPEGImages/2009_002253.jpg 63,87,497,332,15 1,230,135,375,15
/media/xinje/New Volume/VOC07&12/VOC2012/JPEGImages/2009_002408.jpg 101,69,475,342,10 1,1,500,375,15
/media/xinje/New Volume/VOC07&12/VOC2012/JPEGImages/2009_002522.jpg 144,77,489,375,19 225,19,457,176,10 183,102,500,323,15 475,107,500,195,19
/media/xinje/New Volume/VOC07&12/VOC2012/JPEGImages/2009_002523.jpg 318,217,451,366,8 252,199,279,265,8 231,190,292,276,8 142,193,184,211,8 63,208,283,375,15 101,169,134,214,8
/media/xinje/New Volume/VOC07&12/VOC2012/JPEGImages/2009_002558.jpg 133,203,207,295,8 216,204,421,331,15 390,253,500,334,8
/media/xinje/New Volume/VOC07&12/VOC2012/JPEGImages/2009_002611.jpg 1,152,182,370,15
/media/xinje/New Volume/VOC07&12/VOC2012/JPEGImages/2009_002612.jpg 217,202,434,362,15 1,408,163,500,15 74,213,178,325,20 162,198,229,327,8 44,206,141,328,8 110,190,175,305,8 46,193,129,309,8
/media/xinje/New Volume/VOC07&12/VOC2012/JPEGImages/2009_002713.jpg 1,108,388,379,15
/media/xinje/New Volume/VOC07&12/VOC2012/JPEGImages/2009_002893.jpg 1,1,471,375,15 1,136,376,346,19 128,136,261,228,10
/media/xinje/New Volume/VOC07&12/VOC2012/JPEGImages/2009_002972.jpg 91,124,467,311,18 3,3,498,372,15
/media/xinje/New Volume/VOC07&12/VOC2012/JPEGImages/2009_003087.jpg 1,1,500,332,15 64,1,434,332,19
/media/xinje/New Volume/VOC07&12/VOC2012/JPEGImages/2009_003156.jpg 70,162,304,487,10 1,206,114,265,15 1,108,334,500,15
/media/xinje/New Volume/VOC07&12/VOC2012/JPEGImages/2009_003157.jpg 18,197,124,318,8 1,331,105,500,8 152,156,187,188,17 254,176,327,256,15
/media/xinje/New Volume/VOC07&12/VOC2012/JPEGImages/2009_003208.jpg 204,121,456,300,15
/media/xinje/New Volume/VOC07&12/VOC2012/JPEGImages/2009_003377.jpg 1,35,48,144,13 1,125,500,442,15
/media/xinje/New Volume/VOC07&12/VOC2012/JPEGImages/2009_003459.jpg 204,245,333,383,15 1,292,38,500,13 1,161,42,265,13 68,310,174,457,19
/media/xinje/New Volume/VOC07&12/VOC2012/JPEGImages/2009_003545.jpg 126,198,500,375,20 356,274,500,375,8 136,228,303,375,8 156,186,237,222,8 247,177,311,216,8 425,185,500,230,8 432,164,500,198,15
/media/xinje/New Volume/VOC07&12/VOC2012/JPEGImages/2009_003605.jpg 120,36,500,332,18 1,1,500,332,15
/media/xinje/New Volume/VOC07&12/VOC2012/JPEGImages/2009_003613.jpg 60,289,228,360,15
/media/xinje/New Volume/VOC07&12/VOC2012/JPEGImages/2009_003646.jpg 109,119,313,292,17 17,139,108,230,17 45,278,376,375,15 291,45,431,375,19 1,224,104,375,15 320,1,500,281,19 274,220,358,338,2 335,337,500,375,2
/media/xinje/New Volume/VOC07&12/VOC2012/JPEGImages/2009_003695.jpg 340,256,464,375,8 383,214,444,281,17 79,164,366,294,15
/media/xinje/New Volume/VOC07&12/VOC2012/JPEGImages/2009_003711.jpg 36,1,333,328,15 80,258,312,375,10
/media/xinje/New Volume/VOC07&12/VOC2012/JPEGImages/2009_003819.jpg 157,213,490,375,15 111,246,149,287,13 215,185,228,204,13 136,177,150,191,13 171,182,184,206,13 99,185,120,204,13
/media/xinje/New Volume/VOC07&12/VOC2012/JPEGImages/2009_003843.jpg 39,21,463,325,15
/media/xinje/New Volume/VOC07&12/VOC2012/JPEGImages/2009_003848.jpg 6,4,493,217,15 76,208,426,405,15
/media/xinje/New Volume/VOC07&12/VOC2012/JPEGImages/2009_003966.jpg 1,157,369,375,15 73,82,304,218,15 17,53,140,120,20 86,50,135,114,8 26,51,71,128,8 5,40,30,90,8 124,46,155,86,8 96,41,121,58,8 46,20,79,52,13
/media/xinje/New Volume/VOC07&12/VOC2012/JPEGImages/2009_004073.jpg 62,257,247,401,10 80,181,281,289,18 2,60,375,499,15
/media/xinje/New Volume/VOC07&12/VOC2012/JPEGImages/2009_004088.jpg 81,61,341,347,8 330,48,500,251,15
/media/xinje/New Volume/VOC07&12/VOC2012/JPEGImages/2009_004091.jpg 76,101,376,333,15 339,71,422,207,8
/media/xinje/New Volume/VOC07&12/VOC2012/JPEGImages/2009_004165.jpg 36,218,267,334,15 325,208,421,330,8 281,202,360,267,8 357,189,381,236,8 339,157,371,183,17 277,212,309,234,8
/media/xinje/New Volume/VOC07&12/VOC2012/JPEGImages/2009_004177.jpg 168,166,249,230,15 170,228,500,375,20
/media/xinje/New Volume/VOC07&12/VOC2012/JPEGImages/2009_004180.jpg 161,261,500,389,15 1,277,115,412,8 387,375,500,500,15
/media/xinje/New Volume/VOC07&12/VOC2012/JPEGImages/2009_004264.jpg 219,196,396,271,10 431,226,500,333,15 38,186,437,329,15 387,54,425,181,13
/media/xinje/New Volume/VOC07&12/VOC2012/JPEGImages/2009_004283.jpg 1,214,274,500,15 237,391,306,481,13
/media/xinje/New Volume/VOC07&12/VOC2012/JPEGImages/2009_004301.jpg 219,74,333,304,19 53,227,337,375,19 129,150,254,269,17 255,119,483,375,15
/media/xinje/New Volume/VOC07&12/VOC2012/JPEGImages/2009_004322.jpg 71,119,375,500,15 129,127,375,439,19
/media/xinje/New Volume/VOC07&12/VOC2012/JPEGImages/2009_004426.jpg 1,183,337,375,20 1,165,57,375,8 309,108,346,341,8 242,115,290,186,8 86,108,144,221,8 1,111,79,250,8 350,131,458,230,15 296,121,393,180,15 200,121,243,178,8 401,97,467,206,13
/media/xinje/New Volume/VOC07&12/VOC2012/JPEGImages/2009_004449.jpg 34,99,500,375,15
/media/xinje/New Volume/VOC07&12/VOC2012/JPEGImages/2009_004452.jpg 390,162,500,229,15 298,170,402,332,8 336,209,486,332,8 277,170,348,233,8 207,202,262,300,8
/media/xinje/New Volume/VOC07&12/VOC2012/JPEGImages/2009_004464.jpg 95,89,450,336,15
/media/xinje/New Volume/VOC07&12/VOC2012/JPEGImages/2009_004560.jpg 1,1,500,375,15 75,23,490,319,10
/media/xinje/New Volume/VOC07&12/VOC2012/JPEGImages/2009_004582.jpg 1,1,500,375,15 14,19,500,308,19
/media/xinje/New Volume/VOC07&12/VOC2012/JPEGImages/2009_004593.jpg 1,1,500,317,15 291,111,483,239,10 19,71,403,278,10
/media/xinje/New Volume/VOC07&12/VOC2012/JPEGImages/2009_004674.jpg 1,105,310,314,15 325,84,450,245,8 302,59,415,283,19 132,71,315,288,19 44,78,144,332,19
/media/xinje/New Volume/VOC07&12/VOC2012/JPEGImages/2009_004701.jpg 229,180,500,368,15 239,200,251,233,5 247,198,258,230,5 377,69,427,136,19 330,95,373,152,19
/media/xinje/New Volume/VOC07&12/VOC2012/JPEGImages/2009_004839.jpg 85,176,458,338,15
/media/xinje/New Volume/VOC07&12/VOC2012/JPEGImages/2009_004901.jpg 73,150,344,212,15 224,152,326,210,13 428,227,464,304,8
/media/xinje/New Volume/VOC07&12/VOC2012/JPEGImages/2009_004983.jpg 127,1,375,500,15 170,59,328,377,18 1,1,188,212,13
/media/xinje/New Volume/VOC07&12/VOC2012/JPEGImages/2009_005070.jpg 1,242,83,333,17 123,159,239,314,13 393,250,500,333,15
/media/xinje/New Volume/VOC07&12/VOC2012/JPEGImages/2009_005240.jpg 142,87,204,141,17 217,169,500,375,15
/media/xinje/New Volume/VOC07&12/VOC2012/JPEGImages/2010_000018.jpg 137,147,500,375,15 1,154,132,374,8 147,163,394,375,19
/media/xinje/New Volume/VOC07&12/VOC2012/JPEGImages/2010_000329.jpg 68,89,443,306,15
/media/xinje/New Volume/VOC07&12/VOC2012/JPEGImages/2010_000588.jpg 236,201,252,242,5 11,112,153,235,8 223,100,360,223,8 279,98,500,375,15
/media/xinje/New Volume/VOC07&12/VOC2012/JPEGImages/2010_000671.jpg 65,443,92,500,5 45,317,350,471,15 90,325,347,401,19
/media/xinje/New Volume/VOC07&12/VOC2012/JPEGImages/2010_000691.jpg 39,202,135,308,15 391,183,500,301,15 41,118,246,299,19 215,143,324,292,19 294,128,416,301,19
/media/xinje/New Volume/VOC07&12/VOC2012/JPEGImages/2010_000694.jpg 317,143,439,227,18 52,155,176,222,18 266,11,500,355,8 1,34,193,360,8 1,1,214,165,15
/media/xinje/New Volume/VOC07&12/VOC2012/JPEGImages/2010_000922.jpg 125,89,314,360,19 1,134,430,401,15 112,45,330,142,7 9,67,139,149,7
/media/xinje/New Volume/VOC07&12/VOC2012/JPEGImages/2010_001066.jpg 155,289,288,375,15
/media/xinje/New Volume/VOC07&12/VOC2012/JPEGImages/2010_001111.jpg 1,1,84,285,13 39,110,394,347,15 119,91,345,375,19 343,1,413,124,13 352,1,500,375,19
/media/xinje/New Volume/VOC07&12/VOC2012/JPEGImages/2010_001148.jpg 86,208,464,375,15 208,33,320,207,19
/media/xinje/New Volume/VOC07&12/VOC2012/JPEGImages/2010_001277.jpg 17,164,304,307,15 33,289,370,375,8 468,109,500,216,17
/media/xinje/New Volume/VOC07&12/VOC2012/JPEGImages/2010_001434.jpg 39,245,398,374,15 295,184,421,309,8
/media/xinje/New Volume/VOC07&12/VOC2012/JPEGImages/2010_001514.jpg 2,17,479,391,2 171,1,414,244,8 1,1,266,133,15
/media/xinje/New Volume/VOC07&12/VOC2012/JPEGImages/2010_001547.jpg 189,178,319,316,15 17,172,92,256,8 65,165,169,229,15 164,139,218,228,13
/media/xinje/New Volume/VOC07&12/VOC2012/JPEGImages/2010_001743.jpg 375,154,456,247,8 278,140,340,207,8 2,160,97,256,13 80,145,309,291,15 419,210,500,375,8
/media/xinje/New Volume/VOC07&12/VOC2012/JPEGImages/2010_002015.jpg 240,127,319,198,17 1,202,267,375,15
/media/xinje/New Volume/VOC07&12/VOC2012/JPEGImages/2010_002045.jpg 5,83,433,353,15
/media/xinje/New Volume/VOC07&12/VOC2012/JPEGImages/2010_002191.jpg 127,203,400,337,15 393,178,477,275,8 1,182,80,276,8 179,128,198,174,19 75,311,500,375,15
/media/xinje/New Volume/VOC07&12/VOC2012/JPEGImages/2010_002193.jpg 469,82,500,265,13 318,100,429,203,17 1,1,197,129,13 1,129,198,313,15
/media/xinje/New Volume/VOC07&12/VOC2012/JPEGImages/2010_002312.jpg 1,59,500,332,15 1,102,359,335,19
/media/xinje/New Volume/VOC07&12/VOC2012/JPEGImages/2010_003027.jpg 1,171,156,296,15 48,267,352,375,8 10,85,107,176,4
/media/xinje/New Volume/VOC07&12/VOC2012/JPEGImages/2010_003114.jpg 201,92,393,353,10 96,89,500,375,15
/media/xinje/New Volume/VOC07&12/VOC2012/JPEGImages/2010_003143.jpg 1,158,188,268,15 183,153,289,277,8 140,236,240,375,8 215,204,292,301,8 195,169,254,290,19
/media/xinje/New Volume/VOC07&12/VOC2012/JPEGImages/2010_003149.jpg 1,76,317,357,15 391,91,500,259,8
/media/xinje/New Volume/VOC07&12/VOC2012/JPEGImages/2010_003169.jpg 1,34,484,375,15
/media/xinje/New Volume/VOC07&12/VOC2012/JPEGImages/2010_003203.jpg 1,364,282,400,15 1,299,111,341,15 62,263,77,302,8 5,264,39,304,8 324,68,500,240,4 138,185,209,368,13 90,200,133,344,13
/media/xinje/New Volume/VOC07&12/VOC2012/JPEGImages/2010_003305.jpg 272,111,318,155,10 212,131,309,216,10 1,1,437,333,15 2,30,500,333,19
/media/xinje/New Volume/VOC07&12/VOC2012/JPEGImages/2010_003556.jpg 327,123,500,331,15 1,108,328,401,15 191,1,342,287,19 28,93,162,428,13
/media/xinje/New Volume/VOC07&12/VOC2012/JPEGImages/2010_003717.jpg 34,1,498,242,15 432,305,500,332,5
/media/xinje/New Volume/VOC07&12/VOC2012/JPEGImages/2010_003804.jpg 172,213,347,320,15 218,17,281,201,19
/media/xinje/New Volume/VOC07&12/VOC2012/JPEGImages/2010_003822.jpg 138,336,228,374,10 73,257,150,355,8 93,252,262,375,20 321,209,408,260,15 174,245,238,336,8
/media/xinje/New Volume/VOC07&12/VOC2012/JPEGImages/2010_003864.jpg 25,131,199,279,15 291,103,359,170,17 372,234,500,334,15 178,111,210,156,13 94,98,218,155,20 121,111,151,155,8 95,107,123,140,8 110,93,133,107,8
/media/xinje/New Volume/VOC07&12/VOC2012/JPEGImages/2010_004025.jpg 1,99,469,361,15 85,150,422,279,19
/media/xinje/New Volume/VOC07&12/VOC2012/JPEGImages/2010_004043.jpg 140,195,376,352,15 2,214,75,339,8
/media/xinje/New Volume/VOC07&12/VOC2012/JPEGImages/2010_004062.jpg 49,104,332,235,15 92,197,255,375,8 365,143,500,309,8 377,93,442,195,8 1,4,98,238,13
/media/xinje/New Volume/VOC07&12/VOC2012/JPEGImages/2010_004109.jpg 248,78,500,334,15 25,64,177,181,17 64,173,99,295,5 327,176,500,246,19
/media/xinje/New Volume/VOC07&12/VOC2012/JPEGImages/2010_004111.jpg 246,99,500,308,15 126,173,216,307,19 249,70,375,263,19
/media/xinje/New Volume/VOC07&12/VOC2012/JPEGImages/2010_004358.jpg 72,128,500,375,15 344,1,466,157,8 192,1,302,108,13 72,78,137,151,17
/media/xinje/New Volume/VOC07&12/VOC2012/JPEGImages/2010_004741.jpg 95,95,330,228,15 310,152,418,363,19 303,124,363,250,19 181,112,263,251,19 85,142,199,316,19 199,252,218,291,5 149,227,344,343,20 25,305,298,375,20 65,268,78,311,5
/media/xinje/New Volume/VOC07&12/VOC2012/JPEGImages/2010_004765.jpg 1,11,500,332,15
/media/xinje/New Volume/VOC07&12/VOC2012/JPEGImages/2010_004805.jpg 265,183,377,314,8 1,158,242,289,15 239,128,284,170,17
/media/xinje/New Volume/VOC07&12/VOC2012/JPEGImages/2010_005054.jpg 86,34,121,70,17 318,42,427,111,15 1,70,98,111,15
/media/xinje/New Volume/VOC07&12/VOC2012/JPEGImages/2010_005170.jpg 335,260,441,375,8 71,226,181,341,8 43,308,381,375,20 201,170,259,302,19 2,173,175,247,15 126,143,178,182,8
/media/xinje/New Volume/VOC07&12/VOC2012/JPEGImages/2010_005193.jpg 1,23,354,369,15 116,150,271,211,18
/media/xinje/New Volume/VOC07&12/VOC2012/JPEGImages/2010_005388.jpg 205,166,413,284,15 422,159,488,328,8
/media/xinje/New Volume/VOC07&12/VOC2012/JPEGImages/2010_005614.jpg 1,84,500,375,15 49,178,347,315,10 334,195,494,286,18
/media/xinje/New Volume/VOC07&12/VOC2012/JPEGImages/2010_005734.jpg 1,169,195,300,15
/media/xinje/New Volume/VOC07&12/VOC2012/JPEGImages/2010_005770.jpg 53,83,478,359,15
/media/xinje/New Volume/VOC07&12/VOC2012/JPEGImages/2010_005830.jpg 109,232,381,452,15 355,327,500,498,8 336,82,400,164,19 1,157,115,443,19 104,205,254,482,19 123,221,183,319,19 1,219,69,329,13
/media/xinje/New Volume/VOC07&12/VOC2012/JPEGImages/2010_006073.jpg 112,155,358,260,15
/media/xinje/New Volume/VOC07&12/VOC2012/JPEGImages/2011_000006.jpg 17,141,479,312,15 257,115,375,290,19 93,112,241,326,19 173,111,303,280,19 152,194,500,375,8 398,83,448,119,19
/media/xinje/New Volume/VOC07&12/VOC2012/JPEGImages/2011_000224.jpg 286,116,500,375,15 1,104,309,259,15
/media/xinje/New Volume/VOC07&12/VOC2012/JPEGImages/2011_000399.jpg 1,177,283,375,15 353,114,443,190,17
/media/xinje/New Volume/VOC07&12/VOC2012/JPEGImages/2011_000434.jpg 178,104,500,288,15 40,63,122,138,17 230,98,330,268,19 377,262,500,375,15
/media/xinje/New Volume/VOC07&12/VOC2012/JPEGImages/2011_000457.jpg 1,1,498,331,15
/media/xinje/New Volume/VOC07&12/VOC2012/JPEGImages/2011_000475.jpg 7,78,495,338,15 221,19,406,337,19 108,87,224,337,19 151,164,238,253,19 310,126,417,227,19
/media/xinje/New Volume/VOC07&12/VOC2012/JPEGImages/2011_000499.jpg 193,107,220,133,17 110,138,183,208,8 1,147,94,234,8 286,166,500,334,15 151,117,178,144,15
/media/xinje/New Volume/VOC07&12/VOC2012/JPEGImages/2011_000550.jpg 126,105,500,343,15
/media/xinje/New Volume/VOC07&12/VOC2012/JPEGImages/2011_000565.jpg 176,105,498,299,15
/media/xinje/New Volume/VOC07&12/VOC2012/JPEGImages/2011_000572.jpg 29,193,144,285,13 133,164,181,229,13 219,144,266,236,13 376,183,447,294,15 137,221,277,317,8
/media/xinje/New Volume/VOC07&12/VOC2012/JPEGImages/2011_000657.jpg 31,140,429,373,15 218,114,372,375,19 40,99,235,375,19
/media/xinje/New Volume/VOC07&12/VOC2012/JPEGImages/2011_000689.jpg 108,245,373,436,15 52,72,199,485,19 184,293,319,500,19 13,167,73,274,8
/media/xinje/New Volume/VOC07&12/VOC2012/JPEGImages/2011_000820.jpg 1,180,375,500,15
/media/xinje/New Volume/VOC07&12/VOC2012/JPEGImages/2011_000947.jpg 140,264,158,326,5 295,207,336,232,8 324,215,360,304,8 373,220,500,375,15 145,181,199,261,19 214,183,247,228,19 132,206,161,267,8 189,216,247,246,8 25,239,357,375,20
/media/xinje/New Volume/VOC07&12/VOC2012/JPEGImages/2011_001031.jpg 317,194,421,312,15 187,182,303,256,8
/media/xinje/New Volume/VOC07&12/VOC2012/JPEGImages/2011_001175.jpg 208,146,232,171,13 360,176,382,210,13 56,215,225,375,15 329,210,398,296,8 288,185,340,251,8 252,182,302,240,8 202,173,241,218,8
/media/xinje/New Volume/VOC07&12/VOC2012/JPEGImages/2011_001192.jpg 184,141,500,375,15
/media/xinje/New Volume/VOC07&12/VOC2012/JPEGImages/2011_001198.jpg 175,138,462,262,10 1,1,500,375,15
/media/xinje/New Volume/VOC07&12/VOC2012/JPEGImages/2011_001215.jpg 139,262,500,375,20 244,119,394,280,19 30,130,242,375,19 70,132,279,251,15
/media/xinje/New Volume/VOC07&12/VOC2012/JPEGImages/2011_001402.jpg 62,168,99,302,8 7,147,64,254,8 1,149,24,255,8 187,172,500,375,15
/media/xinje/New Volume/VOC07&12/VOC2012/JPEGImages/2011_001412.jpg 114,33,219,118,13 1,107,182,220,15 125,113,225,258,8 308,128,402,248,8 330,102,442,293,8 413,107,500,276,8 223,104,500,297,20
/media/xinje/New Volume/VOC07&12/VOC2012/JPEGImages/2011_001451.jpg 57,92,222,254,8 1,195,232,375,8 288,87,500,328,15
/media/xinje/New Volume/VOC07&12/VOC2012/JPEGImages/2011_001547.jpg 11,122,298,318,15 122,395,375,500,10 332,212,375,384,8
/media/xinje/New Volume/VOC07&12/VOC2012/JPEGImages/2011_001600.jpg 391,149,500,234,13 192,172,273,309,8 269,170,330,252,8 250,176,379,369,8 1,193,51,374,15 350,224,498,371,15
/media/xinje/New Volume/VOC07&12/VOC2012/JPEGImages/2011_001662.jpg 208,164,346,257,10 1,115,449,375,15 186,119,418,375,19
/media/xinje/New Volume/VOC07&12/VOC2012/JPEGImages/2011_001733.jpg 217,162,499,375,18 1,111,187,375,18 1,34,500,231,15
/media/xinje/New Volume/VOC07&12/VOC2012/JPEGImages/2011_001739.jpg 2,93,499,364,15
/media/xinje/New Volume/VOC07&12/VOC2012/JPEGImages/2011_001811.jpg 386,107,500,375,8 56,1,422,200,15
/media/xinje/New Volume/VOC07&12/VOC2012/JPEGImages/2011_001895.jpg 1,141,500,375,15 44,7,494,375,19 257,46,500,375,19
/media/xinje/New Volume/VOC07&12/VOC2012/JPEGImages/2011_001922.jpg 1,148,246,295,15 24,180,246,272,19 119,122,246,256,19
/media/xinje/New Volume/VOC07&12/VOC2012/JPEGImages/2011_001974.jpg 93,73,325,197,15
/media/xinje/New Volume/VOC07&12/VOC2012/JPEGImages/2011_001977.jpg 1,221,337,376,15 188,171,244,221,17 157,179,207,252,19 203,179,229,209,19
/media/xinje/New Volume/VOC07&12/VOC2012/JPEGImages/2011_002186.jpg 2,107,276,335,19 229,59,428,183,18 1,1,480,335,15 464,100,486,163,5 476,37,492,91,5
/media/xinje/New Volume/VOC07&12/VOC2012/JPEGImages/2011_002268.jpg 33,231,277,375,15 71,145,120,193,17 300,218,420,369,15
/media/xinje/New Volume/VOC07&12/VOC2012/JPEGImages/2011_002291.jpg 1,126,478,239,15 115,117,213,237,19 317,99,337,128,19 479,85,500,109,19 433,80,471,164,19
/media/xinje/New Volume/VOC07&12/VOC2012/JPEGImages/2011_002335.jpg 85,151,211,245,8 211,150,499,375,15 233,158,500,333,19 181,136,438,375,19 59,134,196,201,19
/media/xinje/New Volume/VOC07&12/VOC2012/JPEGImages/2011_002359.jpg 2,114,453,373,15 17,84,313,375,19 195,35,427,375,19 54,203,276,363,19 162,199,219,242,5
/media/xinje/New Volume/VOC07&12/VOC2012/JPEGImages/2011_002554.jpg 290,139,356,193,17 215,142,279,193,17 142,140,203,190,17 11,57,265,375,19 198,233,500,375,15
/media/xinje/New Volume/VOC07&12/VOC2012/JPEGImages/2011_002561.jpg 1,14,500,333,15 71,40,449,333,19 1,63,323,333,19
/media/xinje/New Volume/VOC07&12/VOC2012/JPEGImages/2011_002594.jpg 125,77,173,117,18 353,82,500,333,8 342,1,423,86,8 274,1,347,48,8 29,32,414,239,15 221,2,305,42,8
/media/xinje/New Volume/VOC07&12/VOC2012/JPEGImages/2011_002726.jpg 196,166,258,211,17 89,186,199,309,15 261,185,463,328,15
/media/xinje/New Volume/VOC07&12/VOC2012/JPEGImages/2011_002752.jpg 24,310,440,375,15
/media/xinje/New Volume/VOC07&12/VOC2012/JPEGImages/2011_002756.jpg 1,265,129,375,8 107,109,500,375,15 438,72,500,161,17
/media/xinje/New Volume/VOC07&12/VOC2012/JPEGImages/2011_002775.jpg 85,126,179,189,17 1,190,97,290,15 1,254,223,375,15
/media/xinje/New Volume/VOC07&12/VOC2012/JPEGImages/2011_002814.jpg 474,271,499,302,13 193,185,240,263,8 236,172,286,267,8 264,167,273,200,8 211,164,241,184,8 149,174,202,259,8 162,169,177,202,8 168,179,276,263,20 1,261,342,375,15 434,174,446,201,5 382,154,396,194,5 85,152,99,174,17
/media/xinje/New Volume/VOC07&12/VOC2012/JPEGImages/2011_002834.jpg 1,109,351,252,15 71,117,239,166,19
/media/xinje/New Volume/VOC07&12/VOC2012/JPEGImages/2011_002852.jpg 321,130,499,346,15 1,261,424,373,15 1,119,177,287,15 149,260,375,375,19 168,243,181,277,5 69,87,84,119,19 358,104,376,134,19
/media/xinje/New Volume/VOC07&12/VOC2012/JPEGImages/2011_002953.jpg 14,137,130,268,8 86,156,359,374,15
/media/xinje/New Volume/VOC07&12/VOC2012/JPEGImages/2011_002965.jpg 14,15,474,355,15 139,1,234,57,8 5,1,58,87,8
/media/xinje/New Volume/VOC07&12/VOC2012/JPEGImages/2011_003044.jpg 1,111,116,298,8 128,88,161,160,8 174,93,457,289,15 135,94,147,124,5 246,146,333,290,19 105,72,150,119,8
/media/xinje/New Volume/VOC07&12/VOC2012/JPEGImages/2011_003049.jpg 111,148,186,304,8 2,172,247,320,20 160,162,262,320,8 12,180,146,320,8 1,154,30,193,8 134,152,358,270,15 358,116,477,217,8 140,126,226,158,15
/media/xinje/New Volume/VOC07&12/VOC2012/JPEGImages/2011_003188.jpg 4,1,499,163,15 196,125,423,375,19
