/media/xinje/New Volume/VOC07&12/VOC2012/JPEGImages/2008_000023.jpg 6,1,314,262,17 40,97,121,411,5 137,36,169,109,19 180,36,216,104,19 96,39,123,103,19
/media/xinje/New Volume/VOC07&12/VOC2012/JPEGImages/2008_000070.jpg 180,260,213,293,17 367,244,447,353,8 255,247,371,375,8
/media/xinje/New Volume/VOC07&12/VOC2012/JPEGImages/2008_000093.jpg 392,3,479,95,17 307,178,412,280,8 328,194,473,328,8 143,163,320,247,15 1,173,145,317,15
/media/xinje/New Volume/VOC07&12/VOC2012/JPEGImages/2008_000202.jpg 60,58,125,140,19 145,38,252,333,19 245,152,342,280,19 337,140,461,306,19 17,39,159,157,17 430,258,454,322,5 14,169,94,258,8
/media/xinje/New Volume/VOC07&12/VOC2012/JPEGImages/2008_000309.jpg 1,40,98,222,17 240,159,413,329,17
/media/xinje/New Volume/VOC07&12/VOC2012/JPEGImages/2008_000348.jpg 185,157,279,265,17 274,82,364,200,17
/media/xinje/New Volume/VOC07&12/VOC2012/JPEGImages/2008_000495.jpg 1,53,157,206,17 273,240,500,375,8 401,124,434,179,5
/media/xinje/New Volume/VOC07&12/VOC2012/JPEGImages/2008_000578.jpg 54,192,386,375,17 103,68,270,199,19 1,136,54,375,8
/media/xinje/New Volume/VOC07&12/VOC2012/JPEGImages/2008_001021.jpg 1,154,176,356,17 95,159,375,500,19
/media/xinje/New Volume/VOC07&12/VOC2012/JPEGImages/2008_001073.jpg 15,53,266,375,19 262,79,450,265,17 1,222,67,375,8
/media/xinje/New Volume/VOC07&12/VOC2012/JPEGImages/2008_001130.jpg 327,215,347,266,5 219,153,313,259,17
/media/xinje/New Volume/VOC07&12/VOC2012/JPEGImages/2008_001143.jpg 293,161,337,212,17 42,203,181,334,8 320,186,363,253,17
/media/xinje/New Volume/VOC07&12/VOC2012/JPEGImages/2008_001461.jpg 439,94,500,228,8 433,74,498,124,17 1,91,189,288,15 107,30,240,254,19 196,178,276,309,10
/media/xinje/New Volume/VOC07&12/VOC2012/JPEGImages/2008_001576.jpg 193,1,373,94,17 125,97,336,333,19 141,107,364,333,8
/media/xinje/New Volume/VOC07&12/VOC2012/JPEGImages/2008_001641.jpg 227,278,320,430,8 125,217,202,282,17
/media/xinje/New Volume/VOC07&12/VOC2012/JPEGImages/2008_001704.jpg 1,29,237,258,17
/media/xinje/New Volume/VOC07&12/VOC2012/JPEGImages/2008_001781.jpg 336,150,416,218,17 330,95,414,161,13 230,153,264,181,13 195,96,237,180,13 32,160,112,208,13 1,202,123,312,15
/media/xinje/New Volume/VOC07&12/VOC2012/JPEGImages/2008_001880.jpg 11,3,474,491,17
/media/xinje/New Volume/VOC07&12/VOC2012/JPEGImages/2008_001888.jpg 92,43,282,334,19 278,27,302,51,19 302,88,383,199,17 385,33,415,51,17 100,59,131,107,8
/media/xinje/New Volume/VOC07&12/VOC2012/JPEGImages/2008_001896.jpg 404,159,491,259,17 1,174,207,333,15
/media/xinje/New Volume/VOC07&12/VOC2012/JPEGImages/2008_001997.jpg 358,47,452,145,17 320,156,500,375,8 8,127,85,259,17 148,165,309,375,8
/media/xinje/New Volume/VOC07&12/VOC2012/JPEGImages/2008_002066.jpg 84,93,386,377,17
/media/xinje/New Volume/VOC07&12/VOC2012/JPEGImages/2008_002119.jpg 81,125,434,343,15 1,234,214,375,8 182,21,224,72,17 385,117,408,146,13
/media/xinje/New Volume/VOC07&12/VOC2012/JPEGImages/2008_002218.jpg 87,185,254,320,17 95,50,221,201,8 246,68,428,310,8
/media/xinje/New Volume/VOC07&12/VOC2012/JPEGImages/2008_002547.jpg 38,77,421,365,17
/media/xinje/New Volume/VOC07&12/VOC2012/JPEGImages/2008_002650.jpg 1,1,319,350,17
/media/xinje/New Volume/VOC07&12/VOC2012/JPEGImages/2008_002676.jpg 121,209,357,375,17 196,123,324,213,19 82,168,410,342,8
/media/xinje/New Volume/VOC07&12/VOC2012/JPEGImages/2008_002776.jpg 8,52,136,161,17 454,23,463,48,5 332,181,477,292,19 258,138,373,256,8 325,198,500,333,15
/media/xinje/New Volume/VOC07&12/VOC2012/JPEGImages/2008_002954.jpg 56,77,238,461,19 155,287,279,389,17
/media/xinje/New Volume/VOC07&12/VOC2012/JPEGImages/2008_003037.jpg 81,255,112,285,17
/media/xinje/New Volume/VOC07&12/VOC2012/JPEGImages/2008_003200.jpg 11,323,83,475,5 1,5,340,334,17
/media/xinje/New Volume/VOC07&12/VOC2012/JPEGImages/2008_003213.jpg 123,52,276,300,18 1,51,116,180,17
/media/xinje/New Volume/VOC07&12/VOC2012/JPEGImages/2008_003248.jpg 295,48,500,333,19 181,93,332,196,17 1,94,104,267,17
/media/xinje/New Volume/VOC07&12/VOC2012/JPEGImages/2008_003264.jpg 89,212,326,373,20 226,224,323,375,8 111,213,208,369,8 83,207,127,342,8 106,196,160,228,8 219,202,265,232,8 265,206,313,236,8 106,175,144,218,17
/media/xinje/New Volume/VOC07&12/VOC2012/JPEGImages/2008_003434.jpg 216,68,458,231,17 60,264,120,322,13 17,126,98,296,13
/media/xinje/New Volume/VOC07&12/VOC2012/JPEGImages/2008_003435.jpg 32,13,500,360,17
/media/xinje/New Volume/VOC07&12/VOC2012/JPEGImages/2008_003500.jpg 1,19,366,339,17
/media/xinje/New Volume/VOC07&12/VOC2012/JPEGImages/2008_003585.jpg 1,24,297,325,17
/media/xinje/New Volume/VOC07&12/VOC2012/JPEGImages/2008_003589.jpg 215,254,277,326,17
/media/xinje/New Volume/VOC07&12/VOC2012/JPEGImages/2008_003667.jpg 39,211,293,429,17 72,242,275,373,19 314,303,375,500,8
/media/xinje/New Volume/VOC07&12/VOC2012/JPEGImages/2008_003712.jpg 104,211,319,500,19 265,226,397,500,19 76,53,429,364,19 88,1,215,46,17 90,190,150,280,17
/media/xinje/New Volume/VOC07&12/VOC2012/JPEGImages/2008_003814.jpg 434,184,500,268,17 1,205,169,335,15
/media/xinje/New Volume/VOC07&12/VOC2012/JPEGImages/2008_003883.jpg 137,1,350,109,17 237,95,320,244,19
/media/xinje/New Volume/VOC07&12/VOC2012/JPEGImages/2008_003995.jpg 291,176,421,295,17 250,197,500,375,19 156,88,314,375,19 81,58,281,316,19 1,24,282,375,19
/media/xinje/New Volume/VOC07&12/VOC2012/JPEGImages/2008_004004.jpg 27,22,474,322,17
/media/xinje/New Volume/VOC07&12/VOC2012/JPEGImages/2008_004008.jpg 206,181,331,354,8 350,251,500,375,8 208,87,294,163,17
/media/xinje/New Volume/VOC07&12/VOC2012/JPEGImages/2008_004097.jpg 173,42,271,133,17 1,196,50,375,8
/media/xinje/New Volume/VOC07&12/VOC2012/JPEGImages/2008_004217.jpg 41,93,227,272,17 170,17,500,378,19
/media/xinje/New Volume/VOC07&12/VOC2012/JPEGImages/2008_004259.jpg 74,66,424,384,17
/media/xinje/New Volume/VOC07&12/VOC2012/JPEGImages/2008_004301.jpg 281,1,500,375,19 34,113,288,362,17
/media/xinje/New Volume/VOC07&12/VOC2012/JPEGImages/2008_004321.jpg 212,135,324,274,19 312,137,437,324,19 402,238,500,333,19 117,157,188,333,19 1,160,122,333,19 135,245,415,333,20 348,193,469,333,8 430,167,500,252,17 61,175,312,333,15
/media/xinje/New Volume/VOC07&12/VOC2012/JPEGImages/2008_004506.jpg 45,99,113,158,17 116,117,178,170,17 176,112,244,170,17 241,115,305,178,17 1,262,127,375,8 4,235,25,260,5 82,27,118,93,19 411,45,437,85,19 271,212,306,241,17
/media/xinje/New Volume/VOC07&12/VOC2012/JPEGImages/2008_004719.jpg 29,62,254,276,17 254,53,471,264,17
/media/xinje/New Volume/VOC07&12/VOC2012/JPEGImages/2008_004781.jpg 51,65,276,333,19 215,96,500,333,17
/media/xinje/New Volume/VOC07&12/VOC2012/JPEGImages/2008_004807.jpg 1,113,180,500,19 172,272,335,398,17 112,155,200,420,19
/media/xinje/New Volume/VOC07&12/VOC2012/JPEGImages/2008_004908.jpg 118,33,227,54,17 75,51,236,191,17 237,52,393,190,17
/media/xinje/New Volume/VOC07&12/VOC2012/JPEGImages/2008_004961.jpg 1,3,193,241,19 278,1,362,101,17 126,60,238,241,19
/media/xinje/New Volume/VOC07&12/VOC2012/JPEGImages/2008_005006.jpg 114,153,323,328,17
/media/xinje/New Volume/VOC07&12/VOC2012/JPEGImages/2008_005064.jpg 158,93,290,258,18 74,257,386,400,17
/media/xinje/New Volume/VOC07&12/VOC2012/JPEGImages/2008_005066.jpg 1,51,65,207,17 177,99,500,371,8 135,71,411,371,19
/media/xinje/New Volume/VOC07&12/VOC2012/JPEGImages/2008_005090.jpg 277,236,371,322,17 216,485,279,500,5 97,224,253,444,19 1,276,176,418,19 1,201,255,454,15
/media/xinje/New Volume/VOC07&12/VOC2012/JPEGImages/2008_005094.jpg 7,168,94,235,17 154,184,316,371,19 110,237,127,298,5
/media/xinje/New Volume/VOC07&12/VOC2012/JPEGImages/2008_005231.jpg 177,71,326,181,17 7,174,185,500,19
/media/xinje/New Volume/VOC07&12/VOC2012/JPEGImages/2008_005329.jpg 162,101,242,201,17 291,228,500,375,8
/media/xinje/New Volume/VOC07&12/VOC2012/JPEGImages/2008_005342.jpg 333,128,457,226,17 1,225,344,375,20 245,200,365,375,8 400,85,418,127,5 343,136,370,217,5 267,139,290,244,5 209,133,239,207,5 176,133,206,160,5 248,147,271,207,5 216,147,233,205,5
/media/xinje/New Volume/VOC07&12/VOC2012/JPEGImages/2008_005569.jpg 1,78,375,500,18 1,24,107,184,17
/media/xinje/New Volume/VOC07&12/VOC2012/JPEGImages/2008_005609.jpg 1,1,375,433,17 29,43,214,240,19
/media/xinje/New Volume/VOC07&12/VOC2012/JPEGImages/2008_005625.jpg 40,185,142,279,17 376,97,500,375,19 336,65,426,375,19 127,126,206,289,19 139,110,226,375,19
/media/xinje/New Volume/VOC07&12/VOC2012/JPEGImages/2008_005639.jpg 14,100,115,192,17 394,347,422,375,5 477,341,500,375,5
/media/xinje/New Volume/VOC07&12/VOC2012/JPEGImages/2008_005678.jpg 119,86,439,343,17
/media/xinje/New Volume/VOC07&12/VOC2012/JPEGImages/2008_005817.jpg 178,84,311,183,17 298,191,350,266,17
/media/xinje/New Volume/VOC07&12/VOC2012/JPEGImages/2008_005929.jpg 207,1,449,208,17
/media/xinje/New Volume/VOC07&12/VOC2012/JPEGImages/2008_005954.jpg 389,214,452,328,8 352,300,393,375,8 136,247,237,291,8 1,203,57,297,8 1,278,295,375,20 431,239,500,375,20 194,99,315,171,17 419,269,500,375,8 8,30,131,233,13 443,174,500,250,15
/media/xinje/New Volume/VOC07&12/VOC2012/JPEGImages/2008_005967.jpg 206,94,295,170,17 373,146,386,176,5
/media/xinje/New Volume/VOC07&12/VOC2012/JPEGImages/2008_005976.jpg 34,35,209,289,19 255,69,332,208,19 222,38,238,66,19 36,37,379,292,4 26,25,496,321,17 14,43,467,357,19
/media/xinje/New Volume/VOC07&12/VOC2012/JPEGImages/2008_006062.jpg 306,261,327,316,5 207,211,300,301,17
/media/xinje/New Volume/VOC07&12/VOC2012/JPEGImages/2008_006135.jpg 26,164,99,230,18 16,242,135,361,17 107,36,354,500,19 222,131,368,391,18
/media/xinje/New Volume/VOC07&12/VOC2012/JPEGImages/2008_006136.jpg 179,100,307,214,17 153,176,174,241,5 160,182,188,256,5 189,186,214,256,5 273,171,296,236,5 293,168,315,229,5 430,239,500,317,17
/media/xinje/New Volume/VOC07&12/VOC2012/JPEGImages/2008_006271.jpg 21,168,118,256,17 231,220,301,281,17 133,218,197,276,17 121,258,226,375,8
/media/xinje/New Volume/VOC07&12/VOC2012/JPEGImages/2008_006273.jpg 155,240,418,375,17 124,169,398,324,19 1,143,162,330,19
/media/xinje/New Volume/VOC07&12/VOC2012/JPEGImages/2008_006295.jpg 161,32,337,198,17 296,236,337,375,5 49,188,224,329,19 223,134,436,375,19 252,115,448,375,19 428,251,500,375,19 431,11,500,275,13 10,104,63,267,13 31,1,142,246,13 1,298,352,375,20
/media/xinje/New Volume/VOC07&12/VOC2012/JPEGImages/2008_006373.jpg 243,1,466,161,17 73,222,177,328,17
/media/xinje/New Volume/VOC07&12/VOC2012/JPEGImages/2008_006433.jpg 112,151,226,300,17 140,23,480,375,19 384,110,440,175,19
/media/xinje/New Volume/VOC07&12/VOC2012/JPEGImages/2008_006606.jpg 392,232,492,333,8 221,188,294,313,8 102,203,187,333,8 366,162,430,230,17 240,152,284,188,17 108,153,182,210,17
/media/xinje/New Volume/VOC07&12/VOC2012/JPEGImages/2008_006624.jpg 90,250,165,312,17 172,313,318,470,8 144,329,193,403,8 220,243,264,308,13
/media/xinje/New Volume/VOC07&12/VOC2012/JPEGImages/2008_006668.jpg 76,12,401,275,17
/media/xinje/New Volume/VOC07&12/VOC2012/JPEGImages/2008_006719.jpg 59,192,244,375,8 260,239,500,375,15 425,164,500,246,8 172,120,235,173,17 65,82,75,113,5
/media/xinje/New Volume/VOC07&12/VOC2012/JPEGImages/2008_006733.jpg 217,29,352,152,17 353,79,411,221,17 439,114,500,274,17 131,74,324,339,19 79,181,262,339,8
/media/xinje/New Volume/VOC07&12/VOC2012/JPEGImages/2008_006946.jpg 219,154,319,254,17 315,152,418,246,17
/media/xinje/New Volume/VOC07&12/VOC2012/JPEGImages/2008_007038.jpg 108,70,430,375,19 373,96,500,254,17 447,53,475,97,19 447,11,476,30,19 444,23,467,50,19 420,57,436,97,19 379,18,398,54,19 481,10,497,48,19 391,57,402,79,19
/media/xinje/New Volume/VOC07&12/VOC2012/JPEGImages/2008_007097.jpg 266,72,311,106,17 353,112,364,147,5 363,123,373,148,5 370,112,380,144,5 379,114,390,148,5 393,121,401,149,5 400,124,407,147,5 430,121,441,148,5 440,125,446,148,5 424,121,431,147,5 420,122,425,145,5 407,120,413,140,5 413,123,419,146,5 445,78,455,106,5 250,198,303,310,8 125,273,204,337,8 108,293,224,339,8 324,239,442,360,8 465,279,480,344,20 209,228,325,360,20 45,325,269,360,20 127,180,278,360,19 223,159,391,344,19
/media/xinje/New Volume/VOC07&12/VOC2012/JPEGImages/2008_007217.jpg 1,63,229,375,17
/media/xinje/New Volume/VOC07&12/VOC2012/JPEGImages/2008_007242.jpg 81,19,230,112,17 262,321,296,375,5 327,94,500,354,19 158,65,364,312,19 1,101,105,375,19
/media/xinje/New Volume/VOC07&12/VOC2012/JPEGImages/2008_007246.jpg 35,191,149,274,17 242,179,346,264,17 188,161,250,219,17 63,166,130,200,17 67,155,115,171,17 69,144,106,159,17 128,139,165,172,17 157,152,202,192,17 259,142,294,170,17 306,145,353,180,17 367,150,435,195,17 429,140,473,170,17 443,148,500,189,17 311,142,350,151,17 362,138,399,164,17 20,266,153,333,8 259,249,367,333,8 397,182,472,296,8 260,124,292,148,17 283,129,315,152,17
/media/xinje/New Volume/VOC07&12/VOC2012/JPEGImages/2008_007281.jpg 298,136,406,278,8 62,149,261,341,15 398,145,428,230,17 127,145,342,328,19 356,50,475,138,13 248,69,291,96,13 199,151,210,181,5
/media/xinje/New Volume/VOC07&12/VOC2012/JPEGImages/2008_007361.jpg 403,262,423,298,5 264,152,362,370,8 209,144,238,209,5 37,50,116,105,17
/media/xinje/New Volume/VOC07&12/VOC2012/JPEGImages/2008_007696.jpg 314,98,424,193,17 386,229,407,296,5 238,81,397,375,19 172,158,265,366,19 1,22,286,375,19
/media/xinje/New Volume/VOC07&12/VOC2012/JPEGImages/2008_007864.jpg 213,97,375,294,17 41,78,375,500,19
/media/xinje/New Volume/VOC07&12/VOC2012/JPEGImages/2008_007916.jpg 264,173,424,305,17
/media/xinje/New Volume/VOC07&12/VOC2012/JPEGImages/2008_007962.jpg 85,107,208,240,17 74,42,189,343,19 1,61,75,374,19 14,63,60,269,19 192,91,372,324,19 264,104,332,245,19 362,52,443,259,19 399,95,500,305,19
/media/xinje/New Volume/VOC07&12/VOC2012/JPEGImages/2008_007987.jpg 130,1,296,113,17
/media/xinje/New Volume/VOC07&12/VOC2012/JPEGImages/2008_007990.jpg 47,63,166,300,19 157,73,253,300,19 225,110,324,300,19 1,127,35,210,17 293,103,354,171,13 346,152,394,207,19
/media/xinje/New Volume/VOC07&12/VOC2012/JPEGImages/2008_008206.jpg 1,216,97,325,15 359,226,500,325,15 231,164,280,211,17
/media/xinje/New Volume/VOC07&12/VOC2012/JPEGImages/2008_008276.jpg 1,155,500,318,15 260,96,295,133,17
/media/xinje/New Volume/VOC07&12/VOC2012/JPEGImages/2008_008590.jpg 387,95,500,197,17 180,203,233,287,18 43,151,285,323,15 1,228,171,359,15
/media/xinje/New Volume/VOC07&12/VOC2012/JPEGImages/2008_008608.jpg 211,212,500,375,15 1,191,166,375,15 224,61,322,244,13 122,128,205,199,17
/media/xinje/New Volume/VOC07&12/VOC2012/JPEGImages/2008_008649.jpg 223,79,291,143,17 347,15,396,93,19 296,192,500,375,15 1,231,159,371,15 141,117,219,210,8
/media/xinje/New Volume/VOC07&12/VOC2012/JPEGImages/2009_000010.jpg 36,153,124,241,17 72,205,164,286,8 157,57,346,267,19
/media/xinje/New Volume/VOC07&12/VOC2012/JPEGImages/2009_000014.jpg 342,105,448,209,17 106,174,214,298,8 1,262,82,373,15
/media/xinje/New Volume/VOC07&12/VOC2012/JPEGImages/2009_000336.jpg 4,31,268,284,17
/media/xinje/New Volume/VOC07&12/VOC2012/JPEGImages/2009_000439.jpg 330,161,360,194,13 259,170,341,279,8 57,195,108,288,17
/media/xinje/New Volume/VOC07&12/VOC2012/JPEGImages/2009_000444.jpg 36,19,204,199,17 198,3,280,147,17
/media/xinje/New Volume/VOC07&12/VOC2012/JPEGImages/2009_000544.jpg 138,1,375,210,17 40,161,135,400,19
/media/xinje/New Volume/VOC07&12/VOC2012/JPEGImages/2009_000585.jpg 74,20,469,375,17
/media/xinje/New Volume/VOC07&12/VOC2012/JPEGImages/2009_000629.jpg 19,66,83,120,17 179,121,272,245,17 140,113,219,222,17 263,81,288,163,17 286,90,342,171,17 339,159,470,358,8 231,239,383,375,8 78,171,178,300,8
/media/xinje/New Volume/VOC07&12/VOC2012/JPEGImages/2009_000679.jpg 67,1,436,353,17 1,1,48,272,17
/media/xinje/New Volume/VOC07&12/VOC2012/JPEGImages/2009_000722.jpg 125,186,178,232,17 68,257,140,365,8 337,236,375,283,13 179,199,219,241,13 235,232,251,252,13
/media/xinje/New Volume/VOC07&12/VOC2012/JPEGImages/2009_000848.jpg 172,137,209,249,5 32,23,190,173,17 182,15,369,141,17
/media/xinje/New Volume/VOC07&12/VOC2012/JPEGImages/2009_000895.jpg 94,45,253,251,17 259,24,398,203,17
/media/xinje/New Volume/VOC07&12/VOC2012/JPEGImages/2009_000981.jpg 186,40,453,255,17
/media/xinje/New Volume/VOC07&12/VOC2012/JPEGImages/2009_000987.jpg 195,34,319,492,19 1,86,124,226,17
/media/xinje/New Volume/VOC07&12/VOC2012/JPEGImages/2009_001103.jpg 1,176,160,375,17 137,71,354,331,19 272,276,310,375,5 371,226,401,328,5 486,272,500,375,5 399,180,500,324,19
/media/xinje/New Volume/VOC07&12/VOC2012/JPEGImages/2009_001111.jpg 150,38,297,198,17 14,62,50,176,17 265,12,416,330,19 459,174,490,264,19 14,157,92,254,19 67,266,158,293,7 201,271,287,330,17 178,214,254,330,19
/media/xinje/New Volume/VOC07&12/VOC2012/JPEGImages/2009_001133.jpg 1,14,350,500,10 1,93,115,334,19 173,1,378,60,17
/media/xinje/New Volume/VOC07&12/VOC2012/JPEGImages/2009_001188.jpg 257,82,380,198,17
/media/xinje/New Volume/VOC07&12/VOC2012/JPEGImages/2009_001357.jpg 274,155,338,239,17 1,178,100,260,15 94,183,210,294,8 126,209,239,390,8
/media/xinje/New Volume/VOC07&12/VOC2012/JPEGImages/2009_001452.jpg 29,6,463,318,17
/media/xinje/New Volume/VOC07&12/VOC2012/JPEGImages/2009_001553.jpg 435,192,500,268,17 137,100,325,333,19 44,152,236,333,10
/media/xinje/New Volume/VOC07&12/VOC2012/JPEGImages/2009_001555.jpg 300,88,500,241,17
/media/xinje/New Volume/VOC07&12/VOC2012/JPEGImages/2009_001605.jpg 68,59,500,269,15 153,140,270,267,10 27,1,152,259,19 84,42,487,154,19 1,133,94,359,19 1,1,34,68,17 369,279,423,324,5
/media/xinje/New Volume/VOC07&12/VOC2012/JPEGImages/2009_001608.jpg 6,151,198,243,20 239,147,285,221,8 42,163,104,254,8 106,163,156,253,8 161,147,217,239,8 1,157,51,241,8 1,360,274,500,15 285,148,330,229,17 89,77,121,104,19
/media/xinje/New Volume/VOC07&12/VOC2012/JPEGImages/2009_001615.jpg 27,200,180,336,17 200,100,338,347,19
/media/xinje/New Volume/VOC07&12/VOC2012/JPEGImages/2009_001779.jpg 79,86,200,233,17 185,90,313,219,17
/media/xinje/New Volume/VOC07&12/VOC2012/JPEGImages/2009_001809.jpg 337,11,412,87,17 440,164,500,375,19 257,180,422,375,19 99,178,276,375,19 40,34,151,375,19
/media/xinje/New Volume/VOC07&12/VOC2012/JPEGImages/2009_001812.jpg 66,63,356,340,17
/media/xinje/New Volume/VOC07&12/VOC2012/JPEGImages/2009_001874.jpg 1,158,75,319,8 158,251,500,375,15 400,89,497,165,17
/media/xinje/New Volume/VOC07&12/VOC2012/JPEGImages/2009_001875.jpg 197,9,378,165,17 1,120,500,333,19 396,23,500,139,8
/media/xinje/New Volume/VOC07&12/VOC2012/JPEGImages/2009_001961.jpg 96,20,357,211,17 377,87,500,331,15
/media/xinje/New Volume/VOC07&12/VOC2012/JPEGImages/2009_001964.jpg 309,1,500,152,17
/media/xinje/New Volume/VOC07&12/VOC2012/JPEGImages/2009_002331.jpg 14,154,34,180,17 55,152,82,178,17 57,180,104,244,8 114,174,156,229,8 107,144,130,179,19 113,145,154,196,19 168,149,218,185,19 168,159,223,258,19 163,195,217,279,8 266,163,299,192,17 245,158,261,190,17 341,160,380,195,17 337,163,409,285,19 360,200,436,318,8 409,151,476,273,19 439,192,493,277,8 374,143,397,169,19 57,150,86,224,19
/media/xinje/New Volume/VOC07&12/VOC2012/JPEGImages/2009_002409.jpg 311,16,495,213,17 2,151,58,313,8
/media/xinje/New Volume/VOC07&12/VOC2012/JPEGImages/2009_002652.jpg 120,37,355,227,17 71,294,330,333,8
/media/xinje/New Volume/VOC07&12/VOC2012/JPEGImages/2009_002705.jpg 1,47,118,375,19 130,30,500,314,17
/media/xinje/New Volume/VOC07&12/VOC2012/JPEGImages/2009_002758.jpg 209,22,362,194,17
/media/xinje/New Volume/VOC07&12/VOC2012/JPEGImages/2009_002820.jpg 144,54,369,331,3 51,1,496,125,17
/media/xinje/New Volume/VOC07&12/VOC2012/JPEGImages/2009_002827.jpg 155,154,336,375,19 411,155,472,322,17 66,209,172,375,8
/media/xinje/New Volume/VOC07&12/VOC2012/JPEGImages/2009_002849.jpg 318,82,470,213,17
/media/xinje/New Volume/VOC07&12/VOC2012/JPEGImages/2009_002872.jpg 47,162,141,257,17
/media/xinje/New Volume/VOC07&12/VOC2012/JPEGImages/2009_002932.jpg 178,103,278,358,19 273,88,367,355,19 35,196,104,267,17 343,228,399,330,8 241,221,290,327,8
/media/xinje/New Volume/VOC07&12/VOC2012/JPEGImages/2009_002970.jpg 179,70,234,143,17 150,170,227,251,17 98,226,142,273,17 84,297,135,333,17 259,291,317,333,17 137,278,180,329,17 301,293,412,333,17 385,22,486,112,17 378,233,471,312,17 469,233,500,316,17
/media/xinje/New Volume/VOC07&12/VOC2012/JPEGImages/2009_002984.jpg 131,84,291,268,17 320,100,475,216,17 363,205,404,313,5 388,89,500,196,17
/media/xinje/New Volume/VOC07&12/VOC2012/JPEGImages/2009_003078.jpg 15,111,119,192,17 153,149,318,375,8 314,132,467,367,8 259,109,328,168,8 83,119,222,310,8 139,165,387,375,20
/media/xinje/New Volume/VOC07&12/VOC2012/JPEGImages/2009_003093.jpg 141,40,360,193,17
/media/xinje/New Volume/VOC07&12/VOC2012/JPEGImages/2009_003157.jpg 18,197,124,318,8 1,331,105,500,8 152,156,187,188,17 254,176,327,256,15
/media/xinje/New Volume/VOC07&12/VOC2012/JPEGImages/2009_003265.jpg 140,202,357,333,20 118,251,256,333,8 441,262,500,333,8 443,199,471,279,8 253,169,271,233,5 222,33,421,217,19 222,109,301,164,17 287,127,449,333,19 26,59,173,333,19 133,107,227,222,19 225,173,243,201,5 5,193,31,297,8
/media/xinje/New Volume/VOC07&12/VOC2012/JPEGImages/2009_003316.jpg 218,46,408,239,17
/media/xinje/New Volume/VOC07&12/VOC2012/JPEGImages/2009_003367.jpg 71,1,422,275,17 43,230,385,457,17
/media/xinje/New Volume/VOC07&12/VOC2012/JPEGImages/2009_003646.jpg 109,119,313,292,17 17,139,108,230,17 45,278,376,375,15 291,45,431,375,19 1,224,104,375,15 320,1,500,281,19 274,220,358,338,2 335,337,500,375,2
/media/xinje/New Volume/VOC07&12/VOC2012/JPEGImages/2009_003695.jpg 340,256,464,375,8 383,214,444,281,17 79,164,366,294,15
/media/xinje/New Volume/VOC07&12/VOC2012/JPEGImages/2009_003720.jpg 283,96,357,177,17 274,86,447,321,19 186,214,232,333,5 25,187,180,303,8 42,85,172,303,19
/media/xinje/New Volume/VOC07&12/VOC2012/JPEGImages/2009_003753.jpg 1,104,426,375,17 193,123,395,346,19
/media/xinje/New Volume/VOC07&12/VOC2012/JPEGImages/2009_003852.jpg 207,70,381,217,17
/media/xinje/New Volume/VOC07&12/VOC2012/JPEGImages/2009_003920.jpg 71,1,266,177,17 1,33,500,333,8 76,130,313,333,19
/media/xinje/New Volume/VOC07&12/VOC2012/JPEGImages/2009_004165.jpg 36,218,267,334,15 325,208,421,330,8 281,202,360,267,8 357,189,381,236,8 339,157,371,183,17 277,212,309,234,8
/media/xinje/New Volume/VOC07&12/VOC2012/JPEGImages/2009_004176.jpg 322,59,500,340,18 1,1,416,340,17
/media/xinje/New Volume/VOC07&12/VOC2012/JPEGImages/2009_004301.jpg 219,74,333,304,19 53,227,337,375,19 129,150,254,269,17 255,119,483,375,15
/media/xinje/New Volume/VOC07&12/VOC2012/JPEGImages/2009_004341.jpg 53,1,500,291,17
/media/xinje/New Volume/VOC07&12/VOC2012/JPEGImages/2009_004357.jpg 148,204,212,247,17 189,260,271,309,17 345,246,416,294,17 464,220,500,237,17 393,157,420,177,17 130,178,179,208,17 213,177,259,204,17 261,201,315,237,17 188,162,211,186,17 134,92,157,110,17 227,85,246,100,17 15,80,40,98,17 170,148,201,170,17 364,195,410,225,17 287,164,330,195,17
/media/xinje/New Volume/VOC07&12/VOC2012/JPEGImages/2009_004503.jpg 350,104,481,264,17 171,93,351,228,17 25,93,170,253,17 50,127,150,181,19 192,118,327,190,19 368,136,456,185,19
/media/xinje/New Volume/VOC07&12/VOC2012/JPEGImages/2009_004519.jpg 245,41,384,205,17
/media/xinje/New Volume/VOC07&12/VOC2012/JPEGImages/2009_004631.jpg 218,124,437,332,8 339,34,437,288,13 1,85,56,209,17
/media/xinje/New Volume/VOC07&12/VOC2012/JPEGImages/2009_004719.jpg 46,62,455,346,17
/media/xinje/New Volume/VOC07&12/VOC2012/JPEGImages/2009_004760.jpg 346,137,405,191,17 401,146,450,209,17 345,223,471,375,8 423,217,500,375,8
/media/xinje/New Volume/VOC07&12/VOC2012/JPEGImages/2009_004905.jpg 127,70,242,166,17 1,155,186,375,2 293,171,498,375,8
/media/xinje/New Volume/VOC07&12/VOC2012/JPEGImages/2009_004965.jpg 79,103,219,207,17
/media/xinje/New Volume/VOC07&12/VOC2012/JPEGImages/2009_005030.jpg 135,119,286,262,17 11,327,294,500,8
/media/xinje/New Volume/VOC07&12/VOC2012/JPEGImages/2009_005042.jpg 350,24,500,162,17 134,7,240,116,17 52,1,136,53,17 1,1,55,65,17 210,247,500,375,8
/media/xinje/New Volume/VOC07&12/VOC2012/JPEGImages/2009_005070.jpg 1,242,83,333,17 123,159,239,314,13 393,250,500,333,15
/media/xinje/New Volume/VOC07&12/VOC2012/JPEGImages/2009_005240.jpg 142,87,204,141,17 217,169,500,375,15
/media/xinje/New Volume/VOC07&12/VOC2012/JPEGImages/2009_005256.jpg 1,1,308,274,17
/media/xinje/New Volume/VOC07&12/VOC2012/JPEGImages/2010_000141.jpg 99,97,286,238,17
/media/xinje/New Volume/VOC07&12/VOC2012/JPEGImages/2010_000386.jpg 25,137,446,309,15 391,122,454,272,8 326,137,441,267,8 158,65,218,117,17 327,132,426,180,5 104,87,500,333,19 173,92,350,222,19
/media/xinje/New Volume/VOC07&12/VOC2012/JPEGImages/2010_000578.jpg 69,246,97,331,8 1,128,78,258,17 299,193,429,375,17 75,103,301,365,19
/media/xinje/New Volume/VOC07&12/VOC2012/JPEGImages/2010_000591.jpg 1,205,500,375,20 406,16,471,233,5 238,1,317,58,17 180,125,354,207,8 1,163,84,322,8
/media/xinje/New Volume/VOC07&12/VOC2012/JPEGImages/2010_000658.jpg 117,19,209,113,17 119,127,245,358,8 244,123,368,356,8 405,103,500,375,15
/media/xinje/New Volume/VOC07&12/VOC2012/JPEGImages/2010_000674.jpg 278,235,364,357,8 210,206,245,282,17
/media/xinje/New Volume/VOC07&12/VOC2012/JPEGImages/2010_000773.jpg 167,40,227,133,13 232,77,275,128,19 129,204,247,317,17 1,104,16,151,19 10,97,34,144,19 4,84,18,111,19
/media/xinje/New Volume/VOC07&12/VOC2012/JPEGImages/2010_000787.jpg 313,122,412,234,8 213,169,321,298,17 342,156,461,306,17
/media/xinje/New Volume/VOC07&12/VOC2012/JPEGImages/2010_000800.jpg 288,1,369,64,13 382,131,482,338,8 50,134,85,175,13 1,70,36,250,13 39,169,126,235,17
/media/xinje/New Volume/VOC07&12/VOC2012/JPEGImages/2010_000807.jpg 46,221,319,464,17
/media/xinje/New Volume/VOC07&12/VOC2012/JPEGImages/2010_000974.jpg 156,196,271,319,18 109,97,272,500,19 44,255,122,330,17
/media/xinje/New Volume/VOC07&12/VOC2012/JPEGImages/2010_001277.jpg 17,164,304,307,15 33,289,370,375,8 468,109,500,216,17
/media/xinje/New Volume/VOC07&12/VOC2012/JPEGImages/2010_001363.jpg 285,261,486,443,17 1,251,65,464,17
/media/xinje/New Volume/VOC07&12/VOC2012/JPEGImages/2010_001533.jpg 68,67,172,211,17 1,70,101,253,17 348,111,500,400,8 183,15,438,400,19
/media/xinje/New Volume/VOC07&12/VOC2012/JPEGImages/2010_001562.jpg 413,120,500,252,17
/media/xinje/New Volume/VOC07&12/VOC2012/JPEGImages/2010_001580.jpg 346,166,474,288,17 14,163,243,375,19 489,261,500,332,5
/media/xinje/New Volume/VOC07&12/VOC2012/JPEGImages/2010_001780.jpg 148,147,324,299,17
/media/xinje/New Volume/VOC07&12/VOC2012/JPEGImages/2010_001860.jpg 159,1,375,122,17
/media/xinje/New Volume/VOC07&12/VOC2012/JPEGImages/2010_001939.jpg 3,140,230,257,18 345,136,438,217,17 1,209,500,375,20
/media/xinje/New Volume/VOC07&12/VOC2012/JPEGImages/2010_002015.jpg 240,127,319,198,17 1,202,267,375,15
/media/xinje/New Volume/VOC07&12/VOC2012/JPEGImages/2010_002097.jpg 281,132,430,275,17 48,120,226,294,17
/media/xinje/New Volume/VOC07&12/VOC2012/JPEGImages/2010_002152.jpg 1,1,500,198,17
/media/xinje/New Volume/VOC07&12/VOC2012/JPEGImages/2010_002193.jpg 469,82,500,265,13 318,100,429,203,17 1,1,197,129,13 1,129,198,313,15
/media/xinje/New Volume/VOC07&12/VOC2012/JPEGImages/2010_002327.jpg 278,93,473,284,17 11,101,238,312,17
/media/xinje/New Volume/VOC07&12/VOC2012/JPEGImages/2010_002513.jpg 42,94,484,375,17 119,1,407,358,18
/media/xinje/New Volume/VOC07&12/VOC2012/JPEGImages/2010_002567.jpg 113,166,219,269,17 57,1,156,76,17
/media/xinje/New Volume/VOC07&12/VOC2012/JPEGImages/2010_002686.jpg 1,198,130,372,8 153,160,237,236,17 422,302,500,375,8 297,215,486,375,8
/media/xinje/New Volume/VOC07&12/VOC2012/JPEGImages/2010_002742.jpg 101,36,166,89,17 1,307,266,375,20 237,146,331,375,19 151,186,281,375,19 431,211,500,341,8 68,95,199,211,13 38,274,83,318,5
/media/xinje/New Volume/VOC07&12/VOC2012/JPEGImages/2010_002843.jpg 330,2,500,213,17 241,203,351,375,5 108,309,344,375,19
/media/xinje/New Volume/VOC07&12/VOC2012/JPEGImages/2010_002982.jpg 403,48,500,294,13 1,129,131,281,17 43,63,442,479,19
/media/xinje/New Volume/VOC07&12/VOC2012/JPEGImages/2010_003035.jpg 191,26,250,101,17 30,5,168,165,19 5,39,53,83,17
/media/xinje/New Volume/VOC07&12/VOC2012/JPEGImages/2010_003137.jpg 24,266,92,327,17
/media/xinje/New Volume/VOC07&12/VOC2012/JPEGImages/2010_003241.jpg 48,14,124,86,17 201,13,500,375,19 1,48,272,375,19 1,149,90,258,19 48,96,91,165,19
/media/xinje/New Volume/VOC07&12/VOC2012/JPEGImages/2010_003405.jpg 81,9,280,477,17
/media/xinje/New Volume/VOC07&12/VOC2012/JPEGImages/2010_003437.jpg 115,101,353,316,17 173,171,214,250,19
/media/xinje/New Volume/VOC07&12/VOC2012/JPEGImages/2010_003674.jpg 55,69,127,122,13 186,70,257,117,13 333,233,486,340,17 332,60,484,374,19
/media/xinje/New Volume/VOC07&12/VOC2012/JPEGImages/2010_003719.jpg 383,153,500,368,8 1,164,140,373,8 300,51,360,108,17 147,41,218,119,17 150,14,312,338,19 1,32,162,350,19 357,31,500,298,19
/media/xinje/New Volume/VOC07&12/VOC2012/JPEGImages/2010_003770.jpg 384,139,468,207,17
/media/xinje/New Volume/VOC07&12/VOC2012/JPEGImages/2010_003844.jpg 147,9,415,200,17 248,54,391,181,19 466,1,500,88,8
/media/xinje/New Volume/VOC07&12/VOC2012/JPEGImages/2010_003864.jpg 25,131,199,279,15 291,103,359,170,17 372,234,500,334,15 178,111,210,156,13 94,98,218,155,20 121,111,151,155,8 95,107,123,140,8 110,93,133,107,8
/media/xinje/New Volume/VOC07&12/VOC2012/JPEGImages/2010_003874.jpg 1,1,130,296,17
/media/xinje/New Volume/VOC07&12/VOC2012/JPEGImages/2010_003892.jpg 226,97,245,130,19 347,100,377,135,19 389,30,483,91,19 192,46,233,84,17 27,52,174,164,17 251,97,271,130,19
/media/xinje/New Volume/VOC07&12/VOC2012/JPEGImages/2010_004009.jpg 114,125,253,271,17 95,302,227,413,17
/media/xinje/New Volume/VOC07&12/VOC2012/JPEGImages/2010_004109.jpg 248,78,500,334,15 25,64,177,181,17 64,173,99,295,5 327,176,500,246,19
/media/xinje/New Volume/VOC07&12/VOC2012/JPEGImages/2010_004249.jpg 1,169,214,333,8 70,226,135,307,8 382,198,460,321,8 26,122,173,307,19 1,1,63,313,19 165,1,436,333,19 351,152,466,255,17 375,125,385,155,5 98,57,114,131,19 71,58,98,131,19 63,35,85,90,19
/media/xinje/New Volume/VOC07&12/VOC2012/JPEGImages/2010_004295.jpg 103,29,226,156,17
/media/xinje/New Volume/VOC07&12/VOC2012/JPEGImages/2010_004306.jpg 262,185,343,328,18 117,1,331,150,17 441,87,500,251,8
/media/xinje/New Volume/VOC07&12/VOC2012/JPEGImages/2010_004358.jpg 72,128,500,375,15 344,1,466,157,8 192,1,302,108,13 72,78,137,151,17
/media/xinje/New Volume/VOC07&12/VOC2012/JPEGImages/2010_004368.jpg 186,27,291,116,17 290,75,305,118,5 205,83,221,132,5
/media/xinje/New Volume/VOC07&12/VOC2012/JPEGImages/2010_004429.jpg 274,84,386,269,8 398,184,500,322,8 405,86,450,134,17 25,223,70,334,5
/media/xinje/New Volume/VOC07&12/VOC2012/JPEGImages/2010_004523.jpg 1,83,335,378,19 201,134,390,297,17
/media/xinje/New Volume/VOC07&12/VOC2012/JPEGImages/2010_004591.jpg 164,80,346,208,17
/media/xinje/New Volume/VOC07&12/VOC2012/JPEGImages/2010_004805.jpg 265,183,377,314,8 1,158,242,289,15 239,128,284,170,17
/media/xinje/New Volume/VOC07&12/VOC2012/JPEGImages/2010_004816.jpg 1,1,135,144,17 190,108,479,326,18
/media/xinje/New Volume/VOC07&12/VOC2012/JPEGImages/2010_004944.jpg 1,113,122,258,17 350,175,411,207,13 234,140,276,165,13 291,84,359,115,13 349,1,466,87,13 243,26,281,46,13
/media/xinje/New Volume/VOC07&12/VOC2012/JPEGImages/2010_005054.jpg 86,34,121,70,17 318,42,427,111,15 1,70,98,111,15
/media/xinje/New Volume/VOC07&12/VOC2012/JPEGImages/2010_005071.jpg 1,1,267,275,19 268,1,437,117,17
/media/xinje/New Volume/VOC07&12/VOC2012/JPEGImages/2010_005133.jpg 447,91,477,197,5 414,85,451,196,5 156,244,183,325,5 99,115,376,332,17
/media/xinje/New Volume/VOC07&12/VOC2012/JPEGImages/2010_005190.jpg 31,186,165,326,17
/media/xinje/New Volume/VOC07&12/VOC2012/JPEGImages/2010_005371.jpg 161,117,217,168,17 207,165,297,304,8 256,56,285,72,7
/media/xinje/New Volume/VOC07&12/VOC2012/JPEGImages/2010_005450.jpg 238,31,489,204,17
/media/xinje/New Volume/VOC07&12/VOC2012/JPEGImages/2010_005678.jpg 20,15,500,359,17
/media/xinje/New Volume/VOC07&12/VOC2012/JPEGImages/2010_005744.jpg 146,101,300,252,17
/media/xinje/New Volume/VOC07&12/VOC2012/JPEGImages/2010_005805.jpg 51,27,375,163,18 1,143,375,500,17
/media/xinje/New Volume/VOC07&12/VOC2012/JPEGImages/2010_005841.jpg 149,131,344,263,17 371,113,500,275,17 1,128,116,280,17
/media/xinje/New Volume/VOC07&12/VOC2012/JPEGImages/2010_005930.jpg 232,242,340,441,8 96,259,159,323,17 29,204,111,369,13
/media/xinje/New Volume/VOC07&12/VOC2012/JPEGImages/2010_006050.jpg 2,85,18,175,17 1,20,76,106,17 74,88,174,166,17 177,95,243,132,17 289,94,380,177,17 421,134,500,217,17 79,91,350,377,19
/media/xinje/New Volume/VOC07&12/VOC2012/JPEGImages/2011_000072.jpg 274,221,500,375,13 254,117,336,215,8 354,41,421,107,17 289,79,370,173,19 180,113,248,270,19 180,77,252,166,19 93,145,200,294,19 62,81,187,375,15
/media/xinje/New Volume/VOC07&12/VOC2012/JPEGImages/2011_000192.jpg 331,102,405,171,17 2,172,78,307,8 47,172,152,301,8 48,99,173,314,19 145,96,245,290,19 245,172,500,375,20
/media/xinje/New Volume/VOC07&12/VOC2012/JPEGImages/2011_000290.jpg 96,246,290,398,8 145,259,240,347,19 2,412,160,500,19 1,215,74,306,17
/media/xinje/New Volume/VOC07&12/VOC2012/JPEGImages/2011_000317.jpg 295,162,370,296,17 252,24,361,162,19 50,119,314,417,10 37,301,249,458,8 53,394,302,500,8
/media/xinje/New Volume/VOC07&12/VOC2012/JPEGImages/2011_000382.jpg 13,55,128,184,17 117,28,280,137,17 455,155,475,190,5 211,158,500,375,8
/media/xinje/New Volume/VOC07&12/VOC2012/JPEGImages/2011_000399.jpg 1,177,283,375,15 353,114,443,190,17
/media/xinje/New Volume/VOC07&12/VOC2012/JPEGImages/2011_000400.jpg 136,188,214,260,17
/media/xinje/New Volume/VOC07&12/VOC2012/JPEGImages/2011_000434.jpg 178,104,500,288,15 40,63,122,138,17 230,98,330,268,19 377,262,500,375,15
/media/xinje/New Volume/VOC07&12/VOC2012/JPEGImages/2011_000444.jpg 47,21,497,435,17
/media/xinje/New Volume/VOC07&12/VOC2012/JPEGImages/2011_000499.jpg 193,107,220,133,17 110,138,183,208,8 1,147,94,234,8 286,166,500,334,15 151,117,178,144,15
/media/xinje/New Volume/VOC07&12/VOC2012/JPEGImages/2011_000755.jpg 18,133,149,285,17 60,283,273,500,8
/media/xinje/New Volume/VOC07&12/VOC2012/JPEGImages/2011_001302.jpg 48,15,174,129,17 161,4,288,115,17 284,13,411,128,17
/media/xinje/New Volume/VOC07&12/VOC2012/JPEGImages/2011_001357.jpg 122,131,232,210,17
/media/xinje/New Volume/VOC07&12/VOC2012/JPEGImages/2011_001394.jpg 101,244,269,375,17 437,261,500,375,17
/media/xinje/New Volume/VOC07&12/VOC2012/JPEGImages/2011_001456.jpg 1,270,49,377,17 46,274,128,357,13 104,256,267,493,19 223,306,305,456,8 340,185,374,419,19
/media/xinje/New Volume/VOC07&12/VOC2012/JPEGImages/2011_001466.jpg 234,125,294,198,17 304,223,424,363,8 107,152,205,251,8 1,228,97,371,15 38,109,68,147,13 84,89,123,143,13
/media/xinje/New Volume/VOC07&12/VOC2012/JPEGImages/2011_001689.jpg 118,258,500,375,15 23,188,193,325,8 149,153,211,211,17 1,229,38,346,8 387,170,439,214,13 465,127,491,212,13 487,168,500,217,13 2,118,60,185,13
/media/xinje/New Volume/VOC07&12/VOC2012/JPEGImages/2011_001730.jpg 269,149,482,375,17 124,55,351,266,19
/media/xinje/New Volume/VOC07&12/VOC2012/JPEGImages/2011_001833.jpg 121,256,374,497,8 1,191,66,345,17
/media/xinje/New Volume/VOC07&12/VOC2012/JPEGImages/2011_001926.jpg 73,38,462,369,17
/media/xinje/New Volume/VOC07&12/VOC2012/JPEGImages/2011_001928.jpg 158,46,301,158,17 463,49,500,86,13 36,82,190,283,19 303,30,481,283,19
/media/xinje/New Volume/VOC07&12/VOC2012/JPEGImages/2011_001938.jpg 229,61,283,109,17 17,177,195,270,8 284,198,360,270,19 254,148,271,180,5
/media/xinje/New Volume/VOC07&12/VOC2012/JPEGImages/2011_001977.jpg 1,221,337,376,15 188,171,244,221,17 157,179,207,252,19 203,179,229,209,19
/media/xinje/New Volume/VOC07&12/VOC2012/JPEGImages/2011_002005.jpg 286,260,500,374,8 249,131,349,240,17 46,34,162,252,19 350,79,443,241,19 231,133,474,375,19
/media/xinje/New Volume/VOC07&12/VOC2012/JPEGImages/2011_002218.jpg 52,27,392,345,17
/media/xinje/New Volume/VOC07&12/VOC2012/JPEGImages/2011_002268.jpg 33,231,277,375,15 71,145,120,193,17 300,218,420,369,15
/media/xinje/New Volume/VOC07&12/VOC2012/JPEGImages/2011_002418.jpg 123,158,319,375,19 34,1,334,204,17
/media/xinje/New Volume/VOC07&12/VOC2012/JPEGImages/2011_002462.jpg 318,105,450,205,17 21,225,500,375,20 106,169,168,292,19 277,134,362,225,8 3,142,103,340,8 1,214,48,375,8 271,123,278,141,5
/media/xinje/New Volume/VOC07&12/VOC2012/JPEGImages/2011_002511.jpg 374,1,500,119,17 316,124,500,375,19 217,15,348,179,19 2,90,203,334,19 34,94,200,276,19
/media/xinje/New Volume/VOC07&12/VOC2012/JPEGImages/2011_002514.jpg 143,60,341,213,17
/media/xinje/New Volume/VOC07&12/VOC2012/JPEGImages/2011_002554.jpg 290,139,356,193,17 215,142,279,193,17 142,140,203,190,17 11,57,265,375,19 198,233,500,375,15
/media/xinje/New Volume/VOC07&12/VOC2012/JPEGImages/2011_002560.jpg 184,54,316,158,17 16,223,29,246,5 372,260,432,357,5
/media/xinje/New Volume/VOC07&12/VOC2012/JPEGImages/2011_002620.jpg 4,194,105,368,8 172,253,224,350,8 229,213,295,293,8 170,150,206,193,17
/media/xinje/New Volume/VOC07&12/VOC2012/JPEGImages/2011_002656.jpg 43,147,121,222,17 347,162,448,272,2 368,173,448,284,2
/media/xinje/New Volume/VOC07&12/VOC2012/JPEGImages/2011_002726.jpg 196,166,258,211,17 89,186,199,309,15 261,185,463,328,15
/media/xinje/New Volume/VOC07&12/VOC2012/JPEGImages/2011_002756.jpg 1,265,129,375,8 107,109,500,375,15 438,72,500,161,17
/media/xinje/New Volume/VOC07&12/VOC2012/JPEGImages/2011_002775.jpg 85,126,179,189,17 1,190,97,290,15 1,254,223,375,15
/media/xinje/New Volume/VOC07&12/VOC2012/JPEGImages/2011_002842.jpg 318,81,360,125,17 37,77,237,360,19 321,75,419,360,19 149,63,228,360,19 227,151,285,222,8 287,144,292,163,5 268,144,275,161,5 275,145,284,162,5 324,91,353,116,19
/media/xinje/New Volume/VOC07&12/VOC2012/JPEGImages/2011_002942.jpg 112,41,397,310,17
/media/xinje/New Volume/VOC07&12/VOC2012/JPEGImages/2011_002966.jpg 367,265,422,375,5 337,210,374,350,5 239,193,260,261,5 32,1,208,94,17 1,90,176,375,19 67,101,233,375,19 159,98,226,215,19 171,83,295,257,19 234,115,406,289,19 353,121,420,212,19 397,132,500,336,19 177,246,500,375,20
/media/xinje/New Volume/VOC07&12/VOC2012/JPEGImages/2011_003047.jpg 70,168,169,363,13 274,17,362,74,13 1,289,108,351,8 208,202,300,293,17
/media/xinje/New Volume/VOC07&12/VOC2012/JPEGImages/2011_003194.jpg 64,176,404,327,8 138,44,267,171,17 1,47,150,203,17
/media/xinje/New Volume/VOC07&12/VOC2012/JPEGImages/2011_003246.jpg 46,113,128,182,17 320,138,444,233,19 92,133,106,155,19 73,136,88,162,19
