/media/xinje/New Volume/VOC07&12/VOC2007/train/JPEGImages/000023.jpg 9,230,245,500,2 230,220,334,500,2 2,178,90,500,2 2,1,117,369,19 3,2,243,462,19 225,1,334,486,19
/media/xinje/New Volume/VOC07&12/VOC2007/train/JPEGImages/000129.jpg 70,202,255,500,2 251,242,334,500,2 1,144,67,436,2 1,1,66,363,19 74,1,272,462,19 252,19,334,487,19
/media/xinje/New Volume/VOC07&12/VOC2007/train/JPEGImages/000337.jpg 76,153,160,276,2 219,176,429,374,2 29,29,68,111,19 119,4,162,53,19 113,28,167,131,19 242,17,288,103,19 68,92,165,255,19 235,30,403,362,19 176,75,231,132,19 233,88,259,157,19
/media/xinje/New Volume/VOC07&12/VOC2007/train/JPEGImages/000379.jpg 46,16,443,341,2
/media/xinje/New Volume/VOC07&12/VOC2007/train/JPEGImages/000535.jpg 194,142,352,256,2 2,142,121,269,2 206,55,316,239,19 1,67,71,247,19 130,92,171,207,19
/media/xinje/New Volume/VOC07&12/VOC2007/train/JPEGImages/000565.jpg 56,92,422,374,2
/media/xinje/New Volume/VOC07&12/VOC2007/train/JPEGImages/000671.jpg 48,330,268,471,2
/media/xinje/New Volume/VOC07&12/VOC2007/train/JPEGImages/000754.jpg 56,81,157,170,6 45,114,60,136,6 94,124,150,158,2 164,127,190,147,7
/media/xinje/New Volume/VOC07&12/VOC2007/train/JPEGImages/000770.jpg 125,167,431,375,9 134,65,227,366,19 1,131,42,266,2 229,128,475,361,12
/media/xinje/New Volume/VOC07&12/VOC2007/train/JPEGImages/000793.jpg 289,100,316,183,19 241,111,270,180,19 218,107,236,178,19 402,67,467,259,19 65,110,84,161,19 96,107,114,159,19 100,78,190,282,19 273,103,295,182,19 151,160,310,280,2 2,80,51,135,6
/media/xinje/New Volume/VOC07&12/VOC2007/train/JPEGImages/000812.jpg 99,171,376,333,2 149,33,360,333,19 369,18,431,62,19 97,1,141,25,19
/media/xinje/New Volume/VOC07&12/VOC2007/train/JPEGImages/001050.jpg 235,126,297,241,19 234,174,295,269,2
/media/xinje/New Volume/VOC07&12/VOC2007/train/JPEGImages/001060.jpg 411,183,500,212,7 155,197,183,234,2 157,172,187,232,19
/media/xinje/New Volume/VOC07&12/VOC2007/train/JPEGImages/001194.jpg 72,180,281,340,2
/media/xinje/New Volume/VOC07&12/VOC2007/train/JPEGImages/001309.jpg 98,232,252,500,2 92,26,253,486,19
/media/xinje/New Volume/VOC07&12/VOC2007/train/JPEGImages/001402.jpg 213,66,443,301,15 1,118,369,375,15 433,51,494,124,2
/media/xinje/New Volume/VOC07&12/VOC2007/train/JPEGImages/001427.jpg 153,199,270,341,2 249,159,332,275,2 229,58,319,266,19 159,114,267,297,19
/media/xinje/New Volume/VOC07&12/VOC2007/train/JPEGImages/001455.jpg 125,176,345,374,2 147,124,300,345,19 51,125,92,187,19 100,122,153,182,19 415,89,500,126,7
/media/xinje/New Volume/VOC07&12/VOC2007/train/JPEGImages/001501.jpg 327,187,366,257,2 330,148,376,244,19
/media/xinje/New Volume/VOC07&12/VOC2007/train/JPEGImages/001539.jpg 102,167,357,350,2
/media/xinje/New Volume/VOC07&12/VOC2007/train/JPEGImages/001579.jpg 1,302,217,500,2 36,254,324,441,2 114,135,269,406,19 1,157,128,479,19
/media/xinje/New Volume/VOC07&12/VOC2007/train/JPEGImages/001630.jpg 26,14,54,114,19 190,27,268,214,19 74,95,200,358,19 155,196,343,500,19 333,32,373,255,19 85,231,200,428,2 149,358,340,500,2
/media/xinje/New Volume/VOC07&12/VOC2007/train/JPEGImages/001636.jpg 59,123,121,216,2
/media/xinje/New Volume/VOC07&12/VOC2007/train/JPEGImages/001654.jpg 1,135,32,261,2 28,169,86,248,2 111,181,179,261,2 137,164,303,303,2 253,187,433,316,2 274,100,402,275,19 145,66,284,266,19 28,121,85,214,19 2,82,29,161,19 117,131,167,259,19 335,46,364,58,7 358,43,382,57,7 379,39,400,50,7
/media/xinje/New Volume/VOC07&12/VOC2007/train/JPEGImages/001861.jpg 8,190,457,363,2 66,9,484,363,19
/media/xinje/New Volume/VOC07&12/VOC2007/train/JPEGImages/001903.jpg 93,142,358,333,12 290,148,351,177,2 104,74,258,310,19
/media/xinje/New Volume/VOC07&12/VOC2007/train/JPEGImages/002069.jpg 132,179,227,341,2 5,156,117,265,2 23,181,92,328,2 376,202,482,372,2 270,174,323,311,2 291,197,383,337,2 132,44,245,337,19 8,90,113,315,19 69,73,104,213,19 100,68,142,258,19 266,78,344,305,19 306,92,402,332,19 381,84,486,361,19
/media/xinje/New Volume/VOC07&12/VOC2007/train/JPEGImages/002253.jpg 14,17,479,319,2 243,125,280,191,5 194,128,243,188,5
/media/xinje/New Volume/VOC07&12/VOC2007/train/JPEGImages/002512.jpg 28,29,172,244,10 82,40,298,296,10 258,128,450,347,10 1,188,299,375,2
/media/xinje/New Volume/VOC07&12/VOC2007/train/JPEGImages/002558.jpg 95,125,215,290,2 330,170,438,344,2 86,39,222,268,19 330,74,448,319,19
/media/xinje/New Volume/VOC07&12/VOC2007/train/JPEGImages/002715.jpg 112,283,320,375,2 165,210,231,373,19 316,215,398,375,19 425,220,475,368,19
/media/xinje/New Volume/VOC07&12/VOC2007/train/JPEGImages/002722.jpg 58,48,485,317,2
/media/xinje/New Volume/VOC07&12/VOC2007/train/JPEGImages/002956.jpg 245,178,472,334,2
/media/xinje/New Volume/VOC07&12/VOC2007/train/JPEGImages/002992.jpg 30,202,316,423,2 68,92,277,360,19
/media/xinje/New Volume/VOC07&12/VOC2007/train/JPEGImages/003024.jpg 5,72,150,163,15 128,1,201,117,13 212,32,256,102,13 267,76,291,114,17 268,63,279,81,17 319,83,351,131,8 223,31,256,64,13 453,96,500,177,2 291,74,326,119,19
/media/xinje/New Volume/VOC07&12/VOC2007/train/JPEGImages/003047.jpg 383,80,434,189,2 277,87,366,173,2 190,80,262,161,2
/media/xinje/New Volume/VOC07&12/VOC2007/train/JPEGImages/003175.jpg 1,323,292,500,2 10,100,325,500,19
/media/xinje/New Volume/VOC07&12/VOC2007/train/JPEGImages/003188.jpg 54,125,320,375,2 257,4,435,375,19
/media/xinje/New Volume/VOC07&12/VOC2007/train/JPEGImages/003240.jpg 184,141,374,278,7 1,412,130,500,7 49,339,111,416,2 4,1,145,31,7
/media/xinje/New Volume/VOC07&12/VOC2007/train/JPEGImages/003395.jpg 78,212,317,493,2 11,98,328,241,15 82,136,322,378,19
/media/xinje/New Volume/VOC07&12/VOC2007/train/JPEGImages/003433.jpg 18,166,181,494,2 146,16,327,395,19 240,312,340,455,8
/media/xinje/New Volume/VOC07&12/VOC2007/train/JPEGImages/003511.jpg 52,9,469,323,2
/media/xinje/New Volume/VOC07&12/VOC2007/train/JPEGImages/003549.jpg 4,41,192,202,2 159,48,350,215,2
/media/xinje/New Volume/VOC07&12/VOC2007/train/JPEGImages/003599.jpg 126,34,376,327,2
/media/xinje/New Volume/VOC07&12/VOC2007/train/JPEGImages/003621.jpg 199,153,328,271,2 249,72,334,224,19 441,62,492,120,6 295,62,382,109,6
/media/xinje/New Volume/VOC07&12/VOC2007/train/JPEGImages/003658.jpg 25,10,496,333,2
/media/xinje/New Volume/VOC07&12/VOC2007/train/JPEGImages/003784.jpg 32,232,311,407,2
/media/xinje/New Volume/VOC07&12/VOC2007/train/JPEGImages/003827.jpg 362,173,447,226,2 447,157,494,240,2 270,111,363,219,2 164,160,274,260,2 128,140,158,180,2 2,152,75,238,2 452,113,500,255,19 383,136,438,214,19 271,113,339,253,19 196,88,274,262,19 19,93,76,222,19 160,128,185,181,19
/media/xinje/New Volume/VOC07&12/VOC2007/train/JPEGImages/003945.jpg 186,173,305,276,2 103,136,227,256,2 1,116,49,230,2 210,120,315,241,19 142,95,230,222,19 140,72,239,220,19 2,40,48,153,19 2,22,65,51,19
/media/xinje/New Volume/VOC07&12/VOC2007/train/JPEGImages/004136.jpg 71,101,451,338,2 146,32,323,368,19 447,36,500,91,7 342,26,394,49,7 205,18,281,59,7 83,19,132,39,7 50,21,86,36,7 20,19,43,35,7 311,29,344,44,7 141,1,314,45,6
/media/xinje/New Volume/VOC07&12/VOC2007/train/JPEGImages/004140.jpg 2,1,500,375,2 173,129,209,208,5 202,151,278,218,5
/media/xinje/New Volume/VOC07&12/VOC2007/train/JPEGImages/004359.jpg 163,130,224,298,19 234,150,268,227,19 259,148,302,255,19 257,197,298,276,2 150,210,220,329,2 235,185,263,245,2
/media/xinje/New Volume/VOC07&12/VOC2007/train/JPEGImages/004605.jpg 93,121,352,325,2 411,7,500,139,2 156,1,302,56,2 158,29,292,315,19 444,36,500,332,19
/media/xinje/New Volume/VOC07&12/VOC2007/train/JPEGImages/004622.jpg 39,61,375,500,19 45,100,365,500,2
/media/xinje/New Volume/VOC07&12/VOC2007/train/JPEGImages/004706.jpg 117,20,362,340,19 46,164,428,357,2
/media/xinje/New Volume/VOC07&12/VOC2007/train/JPEGImages/004782.jpg 153,162,240,266,2 155,109,266,244,19
/media/xinje/New Volume/VOC07&12/VOC2007/train/JPEGImages/004797.jpg 126,146,202,202,2 309,152,374,197,2 475,153,500,197,2 328,130,371,186,19 142,121,196,190,19
/media/xinje/New Volume/VOC07&12/VOC2007/train/JPEGImages/004879.jpg 262,158,332,202,2 269,136,309,192,19 174,131,197,189,19
/media/xinje/New Volume/VOC07&12/VOC2007/train/JPEGImages/005029.jpg 421,107,492,156,2 378,34,439,86,2 249,99,315,152,2 178,111,246,159,2 380,13,427,70,19 437,80,487,140,19 259,79,308,142,19 188,87,240,147,19
/media/xinje/New Volume/VOC07&12/VOC2007/train/JPEGImages/005057.jpg 167,112,355,312,2 178,38,334,278,19 1,222,64,309,2
/media/xinje/New Volume/VOC07&12/VOC2007/train/JPEGImages/005107.jpg 54,195,273,337,2 271,138,288,192,19
/media/xinje/New Volume/VOC07&12/VOC2007/train/JPEGImages/005122.jpg 19,189,309,373,2 3,57,54,204,19 259,97,288,127,19 61,73,285,349,19 247,118,263,132,5 250,129,273,152,5
/media/xinje/New Volume/VOC07&12/VOC2007/train/JPEGImages/005273.jpg 108,55,285,156,7 235,84,418,153,7 336,12,415,160,19 397,50,439,154,19 1,112,305,357,2
/media/xinje/New Volume/VOC07&12/VOC2007/train/JPEGImages/005344.jpg 93,240,237,500,2 205,234,312,500,2 39,40,284,452,19 197,29,329,408,19
/media/xinje/New Volume/VOC07&12/VOC2007/train/JPEGImages/005368.jpg 27,346,254,500,2 9,18,323,500,19
/media/xinje/New Volume/VOC07&12/VOC2007/train/JPEGImages/005410.jpg 263,148,364,333,19 282,239,353,333,2
/media/xinje/New Volume/VOC07&12/VOC2007/train/JPEGImages/005424.jpg 39,80,153,210,2 24,253,150,429,2 70,14,181,185,19 21,137,209,365,19
/media/xinje/New Volume/VOC07&12/VOC2007/train/JPEGImages/005599.jpg 179,146,308,435,2 46,171,181,408,2 150,27,318,369,19 26,37,191,376,19
/media/xinje/New Volume/VOC07&12/VOC2007/train/JPEGImages/005639.jpg 197,174,322,273,2 250,130,308,209,19
/media/xinje/New Volume/VOC07&12/VOC2007/train/JPEGImages/005757.jpg 107,167,172,301,2 214,188,253,271,2 340,199,358,232,2 108,75,178,280,19 210,131,252,253,19 341,177,362,222,19
/media/xinje/New Volume/VOC07&12/VOC2007/train/JPEGImages/005923.jpg 278,213,417,329,2 218,213,293,322,2 126,216,229,354,2 168,170,221,287,19 224,153,274,249,19 310,142,387,308,19 207,86,232,104,8 206,94,234,127,8 270,92,296,103,8 277,98,308,126,8 299,110,337,147,8 175,120,213,170,15 284,160,308,192,13 266,165,281,187,13 316,107,338,171,13 449,105,500,189,13 376,63,409,124,13 394,39,413,60,17 221,131,274,171,13
/media/xinje/New Volume/VOC07&12/VOC2007/train/JPEGImages/005930.jpg 48,81,213,197,2 12,16,48,176,19 412,97,443,136,19 64,7,170,180,19 411,119,454,151,2
/media/xinje/New Volume/VOC07&12/VOC2007/train/JPEGImages/006371.jpg 16,23,485,307,2
/media/xinje/New Volume/VOC07&12/VOC2007/train/JPEGImages/006418.jpg 1,1,479,333,2
/media/xinje/New Volume/VOC07&12/VOC2007/train/JPEGImages/006515.jpg 26,66,470,320,2
/media/xinje/New Volume/VOC07&12/VOC2007/train/JPEGImages/006550.jpg 44,180,289,330,12 290,141,355,322,19 207,114,283,223,19 338,150,379,316,19 12,196,61,305,2 433,195,491,259,2 460,273,480,302,19
/media/xinje/New Volume/VOC07&12/VOC2007/train/JPEGImages/006551.jpg 260,198,362,311,2 226,183,319,273,2 104,181,216,287,2 107,110,199,269,19 227,126,286,207,19 261,125,355,269,19 5,96,32,148,19 31,100,64,150,19 63,98,89,148,19 13,125,80,235,19 61,135,111,231,19 95,129,128,177,19 334,111,368,153,19 370,110,395,153,19 390,108,425,227,19 423,117,450,155,19 447,116,496,225,19
/media/xinje/New Volume/VOC07&12/VOC2007/train/JPEGImages/006637.jpg 352,207,447,372,2 165,158,278,259,2 107,174,172,304,2 325,110,366,316,19 200,87,259,255,19 106,107,210,288,19
/media/xinje/New Volume/VOC07&12/VOC2007/train/JPEGImages/006738.jpg 208,135,274,283,19 72,159,114,250,19 212,199,277,314,2 79,196,118,261,2
/media/xinje/New Volume/VOC07&12/VOC2007/train/JPEGImages/006950.jpg 103,159,225,372,19 61,209,194,387,2
/media/xinje/New Volume/VOC07&12/VOC2007/train/JPEGImages/007029.jpg 372,129,500,323,2
/media/xinje/New Volume/VOC07&12/VOC2007/train/JPEGImages/007062.jpg 1,36,436,375,2
/media/xinje/New Volume/VOC07&12/VOC2007/train/JPEGImages/007108.jpg 414,189,500,288,2 257,176,371,265,2 284,179,401,263,2 160,169,261,257,2 136,155,221,222,2 61,137,150,225,2 2,122,52,188,2 1,79,50,162,19 81,94,149,201,19 150,111,202,190,19 189,124,259,232,19 282,133,358,229,19 319,132,390,235,19 443,159,500,270,19 323,24,354,67,19 285,25,318,63,19 236,17,272,59,19
/media/xinje/New Volume/VOC07&12/VOC2007/train/JPEGImages/007256.jpg 325,190,418,289,2 360,131,443,300,19 100,79,170,284,19
/media/xinje/New Volume/VOC07&12/VOC2007/train/JPEGImages/007327.jpg 394,259,454,340,8 298,257,361,347,8 331,233,380,265,8 145,235,187,291,8 218,240,268,304,8 263,229,294,290,8 385,213,426,239,2 246,212,310,252,2 8,236,43,280,8 136,220,162,258,8 160,213,183,253,8 122,212,142,248,8
/media/xinje/New Volume/VOC07&12/VOC2007/train/JPEGImages/007446.jpg 43,241,218,500,2 53,9,203,380,19 192,125,346,184,7 1,121,43,147,7
/media/xinje/New Volume/VOC07&12/VOC2007/train/JPEGImages/007466.jpg 170,116,275,208,12 400,127,472,226,12 39,104,141,168,2 290,135,341,275,19 325,125,380,273,19 282,167,389,286,12 348,145,425,244,8 1,92,70,320,19
/media/xinje/New Volume/VOC07&12/VOC2007/train/JPEGImages/007655.jpg 4,18,500,354,2
/media/xinje/New Volume/VOC07&12/VOC2007/train/JPEGImages/007836.jpg 2,186,227,338,2 328,192,500,332,2 355,117,500,313,19 2,124,144,330,19 228,31,263,121,19 273,40,295,116,19
/media/xinje/New Volume/VOC07&12/VOC2007/train/JPEGImages/007854.jpg 18,323,293,485,2
/media/xinje/New Volume/VOC07&12/VOC2007/train/JPEGImages/007884.jpg 28,12,479,406,19 13,244,450,416,2
/media/xinje/New Volume/VOC07&12/VOC2007/train/JPEGImages/007925.jpg 58,30,440,319,2 274,61,334,116,13 380,50,466,117,13 140,5,190,115,13
/media/xinje/New Volume/VOC07&12/VOC2007/train/JPEGImages/007953.jpg 312,167,327,214,19 258,192,284,217,19 220,193,240,220,19 193,176,213,220,19 105,171,126,221,19 125,178,143,223,19 86,174,104,226,19 68,168,89,226,19 41,175,57,228,19 28,174,43,236,19 3,192,15,241,19 12,195,27,227,19 264,215,319,298,19 155,250,190,290,19 196,365,282,392,19 95,210,136,270,19 121,210,151,249,19 51,237,92,292,19 70,259,115,339,19 144,355,208,395,2 188,296,245,309,2 76,299,107,366,2 125,245,144,298,2 95,247,128,303,2 256,274,321,309,2
/media/xinje/New Volume/VOC07&12/VOC2007/train/JPEGImages/008096.jpg 130,163,249,241,2 165,140,233,220,19
/media/xinje/New Volume/VOC07&12/VOC2007/train/JPEGImages/008253.jpg 89,132,427,325,19 350,4,500,200,2
/media/xinje/New Volume/VOC07&12/VOC2007/train/JPEGImages/008313.jpg 369,208,446,308,2 252,220,368,347,2 1,236,165,374,2 55,174,134,375,19 325,169,387,344,19
/media/xinje/New Volume/VOC07&12/VOC2007/train/JPEGImages/008478.jpg 1,169,53,245,2 24,160,100,240,2 134,161,207,215,2 94,138,422,306,7 373,131,500,227,7
/media/xinje/New Volume/VOC07&12/VOC2007/train/JPEGImages/008633.jpg 125,4,292,80,2 128,2,270,59,2 296,12,500,233,7 2,5,196,244,7
/media/xinje/New Volume/VOC07&12/VOC2007/train/JPEGImages/008702.jpg 31,96,489,346,6 89,286,283,375,2 118,196,212,375,19 76,219,130,375,19 1,191,22,342,19
/media/xinje/New Volume/VOC07&12/VOC2007/train/JPEGImages/008741.jpg 4,4,374,499,2
/media/xinje/New Volume/VOC07&12/VOC2007/train/JPEGImages/008757.jpg 49,82,421,290,2
/media/xinje/New Volume/VOC07&12/VOC2007/train/JPEGImages/008811.jpg 3,56,500,375,2
/media/xinje/New Volume/VOC07&12/VOC2007/train/JPEGImages/008995.jpg 31,381,121,439,2
/media/xinje/New Volume/VOC07&12/VOC2007/train/JPEGImages/009005.jpg 86,72,173,249,19 242,63,381,353,19 182,58,270,239,19 168,56,214,223,19 323,15,397,202,19 464,7,500,242,19 122,8,160,104,19 91,160,167,291,2 238,201,375,375,2 196,153,267,287,2
/media/xinje/New Volume/VOC07&12/VOC2007/train/JPEGImages/009036.jpg 287,263,474,405,2 1,170,61,241,2 2,36,108,212,2 303,132,475,387,19 29,2,111,129,19 1,29,69,238,19
/media/xinje/New Volume/VOC07&12/VOC2007/train/JPEGImages/009214.jpg 180,114,314,226,2 146,223,468,375,7 107,198,142,309,19 72,206,103,308,19 38,210,72,312,19 466,188,500,286,19 1,212,20,313,19 140,218,159,255,19 163,209,177,238,19 184,205,204,225,19 226,82,311,194,19
/media/xinje/New Volume/VOC07&12/VOC2007/train/JPEGImages/009295.jpg 296,39,440,337,19 43,104,307,375,2 263,1,500,206,17
/media/xinje/New Volume/VOC07&12/VOC2007/train/JPEGImages/009339.jpg 383,2,500,276,8 106,22,460,319,2
/media/xinje/New Volume/VOC07&12/VOC2007/train/JPEGImages/009393.jpg 145,140,321,342,12 89,272,185,372,2 287,160,479,372,2 295,2,457,372,19 38,162,102,296,19
/media/xinje/New Volume/VOC07&12/VOC2007/train/JPEGImages/009557.jpg 121,275,199,365,2 116,216,181,365,19
/media/xinje/New Volume/VOC07&12/VOC2007/train/JPEGImages/009600.jpg 100,174,363,333,2 142,76,335,294,19
/media/xinje/New Volume/VOC07&12/VOC2007/train/JPEGImages/009618.jpg 183,230,305,311,2 391,273,500,321,2 191,170,251,309,19
/media/xinje/New Volume/VOC07&12/VOC2007/train/JPEGImages/009656.jpg 181,156,324,345,2 207,86,327,305,19 398,98,500,217,17
/media/xinje/New Volume/VOC07&12/VOC2007/train/JPEGImages/009703.jpg 2,238,148,347,2 174,223,327,323,2 338,199,459,298,2 372,144,465,281,19 210,162,286,298,19 143,131,183,256,19 220,135,238,192,19 368,141,394,219,19 6,169,120,309,19
/media/xinje/New Volume/VOC07&12/VOC2007/train/JPEGImages/009848.jpg 139,78,278,330,19 55,201,306,360,2 374,1,477,29,7
/media/xinje/New Volume/VOC07&12/VOC2007/train/JPEGImages/009926.jpg 119,84,238,285,19 298,6,490,359,19 77,157,280,323,2 299,146,443,375,2
