/media/xinje/New Volume/VOC07&12/VOC2007/train/JPEGImages/000200.jpg 28,19,103,167,19 16,54,178,249,19 147,23,245,249,19 227,19,400,249,19 391,13,500,249,19 364,212,389,249,5 231,145,260,210,5
/media/xinje/New Volume/VOC07&12/VOC2007/train/JPEGImages/000222.jpg 178,216,303,326,20 250,237,362,375,19 114,236,227,375,19 221,223,235,266,5 234,213,245,256,5 341,149,376,216,19 158,191,185,221,19 159,177,206,230,19 252,178,311,228,19 291,193,332,241,19 318,209,373,330,19 100,206,170,342,19 444,283,500,375,19 366,243,394,375,8 367,217,390,269,8
/media/xinje/New Volume/VOC07&12/VOC2007/train/JPEGImages/000250.jpg 1,170,474,375,20 97,124,150,297,5
/media/xinje/New Volume/VOC07&12/VOC2007/train/JPEGImages/000344.jpg 89,2,307,441,5
/media/xinje/New Volume/VOC07&12/VOC2007/train/JPEGImages/000367.jpg 227,124,271,265,5 331,122,390,354,5 394,183,422,340,5 285,125,326,340,5 430,184,500,229,7 2,255,500,375,7 174,66,295,265,19
/media/xinje/New Volume/VOC07&12/VOC2007/train/JPEGImages/000559.jpg 36,250,79,354,5 160,26,371,241,17
/media/xinje/New Volume/VOC07&12/VOC2007/train/JPEGImages/000726.jpg 18,209,224,295,5 153,45,274,333,19 70,75,499,333,19
/media/xinje/New Volume/VOC07&12/VOC2007/train/JPEGImages/000753.jpg 164,188,429,375,20 211,114,241,196,5 265,229,288,296,5 264,198,284,248,5 263,99,352,227,19 334,105,430,254,19 351,99,500,373,19 128,101,192,214,19 55,108,189,373,19
/media/xinje/New Volume/VOC07&12/VOC2007/train/JPEGImages/000929.jpg 1,65,500,375,20 261,64,295,201,5 253,23,276,95,5 12,74,72,142,8 394,85,478,174,8 394,51,462,134,8
/media/xinje/New Volume/VOC07&12/VOC2007/train/JPEGImages/000951.jpg 226,73,245,127,5
/media/xinje/New Volume/VOC07&12/VOC2007/train/JPEGImages/000999.jpg 233,317,289,405,5 2,16,280,500,19
/media/xinje/New Volume/VOC07&12/VOC2007/train/JPEGImages/001229.jpg 208,91,413,214,5 15,75,429,375,19 348,157,500,375,19
/media/xinje/New Volume/VOC07&12/VOC2007/train/JPEGImages/001346.jpg 309,97,356,229,5 220,4,447,229,19 7,1,262,228,19
/media/xinje/New Volume/VOC07&12/VOC2007/train/JPEGImages/001393.jpg 61,194,325,375,20 2,194,78,374,8 289,140,480,375,19 291,130,400,355,19 197,124,285,199,19 15,131,133,375,19 260,164,280,213,5 232,165,246,202,5 213,164,230,209,5 206,176,221,216,5 196,189,210,232,5 134,180,250,375,19
/media/xinje/New Volume/VOC07&12/VOC2007/train/JPEGImages/001408.jpg 114,245,178,448,5 56,107,230,387,19 20,68,50,167,5 210,1,333,108,19 84,87,333,366,19 119,1,184,130,13
/media/xinje/New Volume/VOC07&12/VOC2007/train/JPEGImages/001451.jpg 3,237,500,334,20 379,199,419,264,5 164,157,221,293,5 242,119,386,244,19 97,101,221,251,19 12,152,52,189,13
/media/xinje/New Volume/VOC07&12/VOC2007/train/JPEGImages/001563.jpg 12,201,385,333,20 344,110,446,273,19 262,86,360,199,19 130,125,200,202,19 212,131,288,202,19 5,110,132,333,19 72,168,95,237,5 109,177,126,217,5 127,174,143,210,5 261,174,278,204,5 398,191,488,283,8
/media/xinje/New Volume/VOC07&12/VOC2007/train/JPEGImages/001580.jpg 209,67,433,341,19 3,96,189,337,19 3,156,483,368,15 1,82,43,273,13 167,224,210,375,5 138,252,195,375,5
/media/xinje/New Volume/VOC07&12/VOC2007/train/JPEGImages/001590.jpg 148,223,231,450,5 303,40,375,324,17
/media/xinje/New Volume/VOC07&12/VOC2007/train/JPEGImages/001673.jpg 36,110,440,319,18 418,1,482,131,5
/media/xinje/New Volume/VOC07&12/VOC2007/train/JPEGImages/001754.jpg 220,304,277,486,5 15,54,275,494,19 281,146,374,394,19 4,132,55,174,13
/media/xinje/New Volume/VOC07&12/VOC2007/train/JPEGImages/001777.jpg 395,46,443,198,5 430,57,500,171,8 64,58,174,119,8 5,99,497,334,20 163,22,309,113,8 93,1,194,60,13 398,114,434,219,5
/media/xinje/New Volume/VOC07&12/VOC2007/train/JPEGImages/001843.jpg 299,185,323,276,5 252,35,445,375,19 62,17,273,375,19
/media/xinje/New Volume/VOC07&12/VOC2007/train/JPEGImages/001963.jpg 157,83,337,310,19 1,103,98,337,19 246,238,276,344,5 10,248,40,355,5 243,129,272,236,5 242,19,272,124,5 5,283,499,375,20 82,234,203,325,20 92,196,171,319,8
/media/xinje/New Volume/VOC07&12/VOC2007/train/JPEGImages/002139.jpg 194,1,400,338,5
/media/xinje/New Volume/VOC07&12/VOC2007/train/JPEGImages/002221.jpg 148,58,375,453,19 212,19,366,100,8 1,19,138,281,8 1,74,49,316,19 118,22,375,229,20 179,2,195,51,5
/media/xinje/New Volume/VOC07&12/VOC2007/train/JPEGImages/002253.jpg 14,17,479,319,2 243,125,280,191,5 194,128,243,188,5
/media/xinje/New Volume/VOC07&12/VOC2007/train/JPEGImages/002287.jpg 267,114,327,260,5 11,65,466,319,10 1,1,500,375,8
/media/xinje/New Volume/VOC07&12/VOC2007/train/JPEGImages/002350.jpg 86,3,294,500,5
/media/xinje/New Volume/VOC07&12/VOC2007/train/JPEGImages/002442.jpg 3,21,375,497,20 35,9,96,119,8 85,5,118,81,8 240,12,266,51,8 251,41,275,75,8 266,29,313,91,8 275,66,312,120,8 298,56,366,138,8 307,80,375,192,8 183,1,200,35,5 174,68,209,198,5
/media/xinje/New Volume/VOC07&12/VOC2007/train/JPEGImages/002518.jpg 254,128,362,323,19 84,151,121,220,19 141,138,225,246,19 147,198,181,298,5 182,201,216,292,5
/media/xinje/New Volume/VOC07&12/VOC2007/train/JPEGImages/002545.jpg 75,43,206,496,19 181,62,211,132,5 3,27,248,394,15 242,77,375,280,15
/media/xinje/New Volume/VOC07&12/VOC2007/train/JPEGImages/002572.jpg 135,98,173,195,5 118,142,136,195,5 370,156,500,327,8 339,125,429,273,8 369,89,407,161,8 121,30,150,107,19 148,22,182,106,19 201,18,245,86,19 243,23,288,87,19 358,64,396,112,19 282,89,401,288,19 242,85,309,175,19 33,73,210,333,19 220,82,263,177,19 197,77,239,175,19
/media/xinje/New Volume/VOC07&12/VOC2007/train/JPEGImages/002745.jpg 213,59,312,442,5 195,273,367,383,13 303,115,375,228,13
/media/xinje/New Volume/VOC07&12/VOC2007/train/JPEGImages/002881.jpg 394,341,426,425,5 85,43,323,470,19
/media/xinje/New Volume/VOC07&12/VOC2007/train/JPEGImages/002931.jpg 168,149,184,212,5 288,288,316,375,5 414,100,500,208,17 271,80,500,375,19 31,131,238,375,19 372,1,381,29,5 382,1,390,29,5 390,1,398,30,5 397,1,405,29,5 406,1,414,29,5 414,1,423,29,5 422,1,430,29,5 430,1,437,29,5 461,1,471,31,5 453,1,464,30,5 438,1,446,29,5 442,1,454,28,5 1,150,294,375,15
/media/xinje/New Volume/VOC07&12/VOC2007/train/JPEGImages/002939.jpg 283,161,316,226,5 159,101,336,375,19 266,206,369,361,8 38,108,121,233,17
/media/xinje/New Volume/VOC07&12/VOC2007/train/JPEGImages/002953.jpg 25,102,93,325,5 94,104,166,337,5 165,103,247,347,5 216,52,416,304,17 89,61,162,141,17
/media/xinje/New Volume/VOC07&12/VOC2007/train/JPEGImages/003088.jpg 107,269,154,366,5 69,65,330,375,19 209,91,286,211,19
/media/xinje/New Volume/VOC07&12/VOC2007/train/JPEGImages/003108.jpg 214,43,500,333,15 364,273,388,354,5
/media/xinje/New Volume/VOC07&12/VOC2007/train/JPEGImages/003122.jpg 5,265,116,340,5 412,254,437,318,5 33,78,192,375,19 176,85,352,375,19 309,68,500,375,19
/media/xinje/New Volume/VOC07&12/VOC2007/train/JPEGImages/003149.jpg 72,36,153,288,5 178,16,308,74,5 144,23,220,184,5 144,46,296,225,5 245,49,387,148,5 131,31,464,331,5 140,224,395,375,5
/media/xinje/New Volume/VOC07&12/VOC2007/train/JPEGImages/003159.jpg 330,84,448,316,19 52,97,191,294,19 1,63,41,298,19 266,218,287,286,5 248,200,269,268,5 188,294,219,360,5
/media/xinje/New Volume/VOC07&12/VOC2007/train/JPEGImages/003181.jpg 286,142,328,271,5 356,157,415,303,5 2,32,270,333,19 1,3,65,79,19
/media/xinje/New Volume/VOC07&12/VOC2007/train/JPEGImages/003185.jpg 231,169,316,279,19 312,170,419,287,19 337,322,459,375,8 12,338,93,375,8 432,210,482,366,5 390,213,415,293,5 105,73,231,375,19 35,66,118,375,19
/media/xinje/New Volume/VOC07&12/VOC2007/train/JPEGImages/003259.jpg 467,243,500,333,5 2,274,500,333,20 97,53,298,298,19 11,177,111,256,8 6,156,71,187,8 104,153,145,180,8
/media/xinje/New Volume/VOC07&12/VOC2007/train/JPEGImages/003269.jpg 359,1,500,373,5 217,2,357,373,5 54,1,220,374,5 1,1,53,375,5
/media/xinje/New Volume/VOC07&12/VOC2007/train/JPEGImages/003496.jpg 384,199,415,269,5 448,69,500,239,19 235,61,437,333,19 1,5,466,333,19 1,34,105,155,19 433,91,458,146,19 344,117,390,208,19 366,100,403,135,19 86,90,117,131,19 245,106,268,146,19 265,138,287,157,19 206,107,270,165,19
/media/xinje/New Volume/VOC07&12/VOC2007/train/JPEGImages/003577.jpg 93,237,128,339,5 121,230,153,333,5 171,220,198,304,5 255,190,272,228,5 238,186,256,248,5 249,115,340,220,19 344,107,445,260,19 320,105,500,375,19 117,130,199,241,19 2,127,149,286,19 1,206,420,375,20
/media/xinje/New Volume/VOC07&12/VOC2007/train/JPEGImages/003678.jpg 237,70,334,143,17 237,88,490,326,19 1,1,157,257,19 65,236,103,332,5 2,239,500,332,20
/media/xinje/New Volume/VOC07&12/VOC2007/train/JPEGImages/003859.jpg 188,15,227,196,5 112,1,277,128,19 1,120,375,500,20 288,9,368,133,8
/media/xinje/New Volume/VOC07&12/VOC2007/train/JPEGImages/003865.jpg 132,253,302,375,20 385,60,500,375,19 286,170,419,375,19 132,177,234,262,19 25,171,175,375,19 376,261,460,375,8 1,262,68,375,8 407,190,452,255,5 237,221,255,284,5
/media/xinje/New Volume/VOC07&12/VOC2007/train/JPEGImages/003932.jpg 207,345,247,493,5 62,20,283,493,19 243,273,372,412,13
/media/xinje/New Volume/VOC07&12/VOC2007/train/JPEGImages/004140.jpg 2,1,500,375,2 173,129,209,208,5 202,151,278,218,5
/media/xinje/New Volume/VOC07&12/VOC2007/train/JPEGImages/004152.jpg 153,45,375,426,5 117,329,291,500,5 1,31,203,317,5
/media/xinje/New Volume/VOC07&12/VOC2007/train/JPEGImages/004158.jpg 290,183,334,306,5 181,158,216,282,5 233,160,268,287,5 1,47,117,333,19 89,55,245,253,19 389,72,500,321,19
/media/xinje/New Volume/VOC07&12/VOC2007/train/JPEGImages/004280.jpg 182,183,297,500,5
/media/xinje/New Volume/VOC07&12/VOC2007/train/JPEGImages/004296.jpg 34,235,322,500,20 114,65,315,236,20 161,2,310,93,20 228,26,246,57,5 188,103,220,171,5 82,2,163,98,19 45,38,148,151,19 49,86,149,220,19 1,180,144,384,19 3,384,68,497,19 255,3,353,124,19 316,24,375,260,19 315,123,375,375,19
/media/xinje/New Volume/VOC07&12/VOC2007/train/JPEGImages/004322.jpg 3,350,50,489,5 3,37,241,500,19
/media/xinje/New Volume/VOC07&12/VOC2007/train/JPEGImages/004333.jpg 355,39,413,264,5 413,65,465,268,5 464,166,500,375,5
/media/xinje/New Volume/VOC07&12/VOC2007/train/JPEGImages/004370.jpg 207,157,242,201,5 106,59,404,332,19 3,2,261,330,19
/media/xinje/New Volume/VOC07&12/VOC2007/train/JPEGImages/004479.jpg 2,63,85,326,19 86,303,139,375,5 47,271,89,375,5 171,73,373,361,19 373,123,500,375,19
/media/xinje/New Volume/VOC07&12/VOC2007/train/JPEGImages/004508.jpg 37,53,61,129,5 373,209,386,265,5 380,215,397,268,5 19,98,282,331,19 443,3,500,333,19
/media/xinje/New Volume/VOC07&12/VOC2007/train/JPEGImages/004671.jpg 49,1,283,497,5
/media/xinje/New Volume/VOC07&12/VOC2007/train/JPEGImages/004701.jpg 334,1,386,110,5
/media/xinje/New Volume/VOC07&12/VOC2007/train/JPEGImages/004710.jpg 146,1,355,248,5 38,2,169,79,5
/media/xinje/New Volume/VOC07&12/VOC2007/train/JPEGImages/004718.jpg 1,1,49,102,5 95,7,340,341,19 45,1,499,374,19
/media/xinje/New Volume/VOC07&12/VOC2007/train/JPEGImages/004742.jpg 2,213,500,375,20 420,207,471,354,5 245,216,274,308,5 239,188,277,293,5 297,181,334,276,5 136,176,192,207,5 276,43,344,107,13 444,157,500,220,8 339,112,500,250,19 266,102,376,238,19 114,85,261,224,19 6,104,110,230,19
/media/xinje/New Volume/VOC07&12/VOC2007/train/JPEGImages/004753.jpg 401,41,472,121,8 2,23,393,375,19 208,12,329,163,19 339,125,361,184,5
/media/xinje/New Volume/VOC07&12/VOC2007/train/JPEGImages/005052.jpg 1,11,161,496,19 147,141,325,500,19 44,243,82,346,5
/media/xinje/New Volume/VOC07&12/VOC2007/train/JPEGImages/005304.jpg 264,75,391,282,5 1,2,472,400,19
/media/xinje/New Volume/VOC07&12/VOC2007/train/JPEGImages/005345.jpg 161,158,180,224,5 2,198,375,500,20 144,132,211,196,8 286,155,333,258,8 318,182,375,321,8
/media/xinje/New Volume/VOC07&12/VOC2007/train/JPEGImages/005388.jpg 82,67,121,196,5 147,106,183,199,5
/media/xinje/New Volume/VOC07&12/VOC2007/train/JPEGImages/005467.jpg 345,107,408,303,5 471,72,500,259,19 402,64,498,241,19 347,71,427,184,19 38,21,220,375,19 1,14,36,375,19 111,192,500,375,20
/media/xinje/New Volume/VOC07&12/VOC2007/train/JPEGImages/005541.jpg 376,178,489,245,19 167,197,187,252,5 1,1,49,298,19 130,50,391,337,19
/media/xinje/New Volume/VOC07&12/VOC2007/train/JPEGImages/005563.jpg 419,1,500,77,17 207,39,374,330,19 104,84,369,374,19 373,88,386,130,5 356,81,373,127,5
/media/xinje/New Volume/VOC07&12/VOC2007/train/JPEGImages/005814.jpg 249,163,388,275,17 53,1,279,346,19 188,310,323,351,5
/media/xinje/New Volume/VOC07&12/VOC2007/train/JPEGImages/005908.jpg 72,2,499,375,19 169,19,346,220,5
/media/xinje/New Volume/VOC07&12/VOC2007/train/JPEGImages/006061.jpg 213,7,500,200,18 207,185,280,374,18 170,1,210,61,5 106,1,157,56,5 255,206,500,375,17
/media/xinje/New Volume/VOC07&12/VOC2007/train/JPEGImages/006141.jpg 238,28,336,388,5
/media/xinje/New Volume/VOC07&12/VOC2007/train/JPEGImages/006180.jpg 78,73,304,229,5 1,66,231,288,19
/media/xinje/New Volume/VOC07&12/VOC2007/train/JPEGImages/006189.jpg 133,92,186,290,5 112,1,426,330,10 1,1,79,163,13
/media/xinje/New Volume/VOC07&12/VOC2007/train/JPEGImages/006299.jpg 321,1,357,89,5 284,8,316,124,5 60,1,162,127,13 351,1,450,68,13
/media/xinje/New Volume/VOC07&12/VOC2007/train/JPEGImages/006363.jpg 118,108,220,469,5 179,64,271,383,5 50,64,143,388,5
/media/xinje/New Volume/VOC07&12/VOC2007/train/JPEGImages/006381.jpg 246,251,265,295,5 5,209,125,375,19 323,198,435,365,19 267,185,353,290,19 250,126,289,167,19 3,163,56,305,19 82,155,157,295,19 127,135,207,276,19 204,130,227,171,19 217,132,260,234,19 306,126,337,172,19 347,139,363,176,19 77,266,420,375,20 244,167,362,219,20 394,253,489,358,8 210,170,266,238,8 322,175,361,224,8
/media/xinje/New Volume/VOC07&12/VOC2007/train/JPEGImages/006448.jpg 344,69,392,250,5 395,109,427,235,5
/media/xinje/New Volume/VOC07&12/VOC2007/train/JPEGImages/006483.jpg 100,32,379,377,19 307,146,348,221,5 316,191,338,254,5 281,151,305,217,5
/media/xinje/New Volume/VOC07&12/VOC2007/train/JPEGImages/006486.jpg 65,259,98,346,5 1,160,160,352,19 75,113,170,257,19 210,85,313,238,19 324,135,429,312,19 433,227,500,325,19 390,266,500,375,19
/media/xinje/New Volume/VOC07&12/VOC2007/train/JPEGImages/006503.jpg 435,84,461,159,5 394,80,416,137,5 474,116,500,186,5 307,109,474,327,19 219,86,350,270,19 1,60,100,247,19 3,201,479,375,20
/media/xinje/New Volume/VOC07&12/VOC2007/train/JPEGImages/006610.jpg 12,100,500,375,20 72,36,151,284,5 143,50,220,288,5 118,1,439,117,19
/media/xinje/New Volume/VOC07&12/VOC2007/train/JPEGImages/006626.jpg 213,228,500,332,20 443,106,500,213,19 277,113,372,285,19 185,101,355,303,19 2,77,258,332,19 408,207,426,268,5 442,188,464,239,5
/media/xinje/New Volume/VOC07&12/VOC2007/train/JPEGImages/006648.jpg 293,2,435,334,5 3,1,463,332,19 372,204,416,285,19 312,183,346,283,19
/media/xinje/New Volume/VOC07&12/VOC2007/train/JPEGImages/006727.jpg 54,124,470,287,15 150,206,174,266,5 117,178,132,218,5 31,192,72,280,5 75,116,200,264,19 263,110,436,255,19
/media/xinje/New Volume/VOC07&12/VOC2007/train/JPEGImages/006731.jpg 401,120,466,333,5 175,46,352,279,19 55,78,192,273,19 1,259,500,375,20
/media/xinje/New Volume/VOC07&12/VOC2007/train/JPEGImages/006912.jpg 2,74,500,375,20 443,59,500,215,19 235,1,267,84,5 1,75,93,142,8
/media/xinje/New Volume/VOC07&12/VOC2007/train/JPEGImages/006917.jpg 109,11,281,375,5
/media/xinje/New Volume/VOC07&12/VOC2007/train/JPEGImages/006919.jpg 133,62,479,273,15 425,151,441,202,5 358,36,446,104,19 320,46,449,142,19 266,70,411,261,19 157,62,358,273,19 187,139,378,369,19 65,176,231,375,19 163,266,186,322,5 282,275,293,295,5
/media/xinje/New Volume/VOC07&12/VOC2007/train/JPEGImages/006939.jpg 217,2,500,375,19 1,32,229,375,19 103,82,111,97,5 108,81,121,143,5 115,78,132,148,5 130,73,150,149,5 147,71,171,149,5
/media/xinje/New Volume/VOC07&12/VOC2007/train/JPEGImages/006948.jpg 126,298,199,375,5 182,4,500,375,19 2,30,170,375,19 243,230,288,262,19 170,215,236,313,19
/media/xinje/New Volume/VOC07&12/VOC2007/train/JPEGImages/007121.jpg 252,376,375,500,5 109,82,266,340,19 1,159,317,500,19
/media/xinje/New Volume/VOC07&12/VOC2007/train/JPEGImages/007177.jpg 5,194,333,500,20 114,151,136,238,5 281,190,333,344,8
/media/xinje/New Volume/VOC07&12/VOC2007/train/JPEGImages/007250.jpg 281,227,311,330,5 122,19,327,176,17
/media/xinje/New Volume/VOC07&12/VOC2007/train/JPEGImages/007323.jpg 3,1,225,496,5
/media/xinje/New Volume/VOC07&12/VOC2007/train/JPEGImages/007351.jpg 104,103,144,234,5 167,176,189,243,5
/media/xinje/New Volume/VOC07&12/VOC2007/train/JPEGImages/007370.jpg 35,1,340,500,5
/media/xinje/New Volume/VOC07&12/VOC2007/train/JPEGImages/007410.jpg 283,196,306,285,5 250,195,273,279,5 266,169,284,233,5 258,93,360,196,19 327,49,499,333,19 149,92,250,267,19 7,77,169,307,19
/media/xinje/New Volume/VOC07&12/VOC2007/train/JPEGImages/007493.jpg 235,146,489,375,19 35,4,373,375,19 361,269,500,375,8 1,191,22,291,5
/media/xinje/New Volume/VOC07&12/VOC2007/train/JPEGImages/007572.jpg 479,195,500,317,20 2,97,315,234,20 213,51,233,106,5 171,68,192,137,5 184,64,204,135,5 40,100,67,181,5 19,99,38,174,5 55,93,82,156,5 312,93,348,148,8 285,110,334,177,8 224,127,273,267,8 164,148,222,194,8 412,157,433,169,8 440,127,485,227,8 473,104,500,205,8 477,90,500,110,8 265,46,491,333,19 4,53,235,331,19
/media/xinje/New Volume/VOC07&12/VOC2007/train/JPEGImages/007631.jpg 286,1,363,114,19 373,1,435,113,19 327,78,341,116,5 157,75,171,118,5 120,76,136,120,5 40,1,100,116,19 1,38,30,118,19 436,117,500,230,8 344,117,425,229,8 65,120,142,224,8 1,121,64,224,8 96,64,327,340,19 257,101,457,375,19 443,255,500,375,19 209,253,317,375,19 92,269,179,375,19 1,262,93,375,19 1,242,15,275,19 115,50,237,117,19
/media/xinje/New Volume/VOC07&12/VOC2007/train/JPEGImages/007740.jpg 197,136,266,363,5 279,75,337,326,5 356,196,383,290,5 239,144,318,353,5
/media/xinje/New Volume/VOC07&12/VOC2007/train/JPEGImages/007751.jpg 250,280,305,375,5 106,238,138,322,5 76,275,101,326,5 1,267,500,375,20 309,118,479,369,19 173,121,338,312,19 50,131,192,291,19 1,231,49,375,19
/media/xinje/New Volume/VOC07&12/VOC2007/train/JPEGImages/007762.jpg 217,90,362,252,17 252,29,272,89,5 292,32,311,71,5 58,330,267,375,8 147,16,174,53,18
/media/xinje/New Volume/VOC07&12/VOC2007/train/JPEGImages/007790.jpg 73,124,106,174,8 26,120,58,135,8 146,1,210,61,7 188,1,267,53,7 23,129,125,362,5
/media/xinje/New Volume/VOC07&12/VOC2007/train/JPEGImages/008042.jpg 75,138,500,364,15 67,61,213,261,19 96,269,121,344,5 116,268,135,334,5 123,255,142,319,5 145,259,171,326,5 154,240,173,307,5 104,247,119,272,5 84,238,100,265,5 64,233,81,263,5 38,193,57,261,5 33,232,53,264,5 10,226,26,294,5
/media/xinje/New Volume/VOC07&12/VOC2007/train/JPEGImages/008137.jpg 295,43,355,176,5 1,246,74,312,19
/media/xinje/New Volume/VOC07&12/VOC2007/train/JPEGImages/008139.jpg 13,342,69,411,5 475,152,500,224,5 1,34,254,401,19 165,11,500,411,19
/media/xinje/New Volume/VOC07&12/VOC2007/train/JPEGImages/008164.jpg 6,96,233,375,19 153,68,369,344,19 342,90,500,247,19 409,163,440,277,5 461,159,489,266,5
/media/xinje/New Volume/VOC07&12/VOC2007/train/JPEGImages/008204.jpg 199,247,242,367,5 314,114,499,329,17 143,145,266,336,19
/media/xinje/New Volume/VOC07&12/VOC2007/train/JPEGImages/008213.jpg 292,126,331,167,8 430,66,442,104,5 284,116,302,133,17 302,117,318,128,17
/media/xinje/New Volume/VOC07&12/VOC2007/train/JPEGImages/008841.jpg 178,243,249,375,10 310,56,320,75,5 325,55,341,89,5 318,54,328,86,5 299,54,313,89,5 395,169,406,206,5
/media/xinje/New Volume/VOC07&12/VOC2007/train/JPEGImages/008962.jpg 86,39,135,215,5
/media/xinje/New Volume/VOC07&12/VOC2007/train/JPEGImages/008967.jpg 229,15,379,331,5 359,15,480,322,5 162,54,260,333,5 137,71,233,332,5
/media/xinje/New Volume/VOC07&12/VOC2007/train/JPEGImages/008989.jpg 144,167,190,220,5 199,182,236,250,5 221,153,277,206,5 257,156,298,200,5 295,188,336,232,5 317,197,358,234,5 342,195,388,232,5 371,189,405,221,5 387,186,420,220,5
/media/xinje/New Volume/VOC07&12/VOC2007/train/JPEGImages/009016.jpg 184,3,334,452,5
/media/xinje/New Volume/VOC07&12/VOC2007/train/JPEGImages/009027.jpg 181,76,238,183,5
/media/xinje/New Volume/VOC07&12/VOC2007/train/JPEGImages/009100.jpg 253,192,399,306,5
/media/xinje/New Volume/VOC07&12/VOC2007/train/JPEGImages/009108.jpg 265,1,417,352,5 119,1,264,342,5
/media/xinje/New Volume/VOC07&12/VOC2007/train/JPEGImages/009242.jpg 76,97,485,261,15 266,82,424,214,19 109,93,240,228,19 171,173,192,232,5 51,161,89,245,5
/media/xinje/New Volume/VOC07&12/VOC2007/train/JPEGImages/009290.jpg 51,57,291,266,19 345,125,372,202,5 126,61,453,208,15 2,144,58,294,8
/media/xinje/New Volume/VOC07&12/VOC2007/train/JPEGImages/009299.jpg 88,224,500,333,20 401,62,500,313,19 266,65,403,280,19 1,47,115,308,19 194,1,225,55,5 279,1,301,56,5 14,15,28,54,5
/media/xinje/New Volume/VOC07&12/VOC2007/train/JPEGImages/009388.jpg 314,173,386,233,17 259,153,320,219,17 234,265,417,375,8 100,177,163,252,17 54,228,73,279,5
/media/xinje/New Volume/VOC07&12/VOC2007/train/JPEGImages/009458.jpg 2,20,111,98,5 113,13,202,110,5 202,24,290,113,5 288,40,364,107,5 338,14,402,66,5 380,52,465,103,5 397,5,473,65,5
/media/xinje/New Volume/VOC07&12/VOC2007/train/JPEGImages/009497.jpg 97,106,299,374,19 178,80,319,255,19 403,316,417,361,5 360,312,377,354,5
/media/xinje/New Volume/VOC07&12/VOC2007/train/JPEGImages/009585.jpg 1,10,255,375,19 273,71,462,375,19 409,15,500,375,19 424,248,468,347,5 229,194,253,235,5 199,200,230,248,5 174,202,197,236,5 209,218,249,315,5 244,220,284,318,5
/media/xinje/New Volume/VOC07&12/VOC2007/train/JPEGImages/009664.jpg 111,1,320,500,5
/media/xinje/New Volume/VOC07&12/VOC2007/train/JPEGImages/009666.jpg 183,154,307,500,5 1,1,306,500,19
/media/xinje/New Volume/VOC07&12/VOC2007/train/JPEGImages/009679.jpg 85,8,156,101,5 162,15,202,107,5 202,46,228,101,5 236,15,285,100,5 282,30,291,107,5
/media/xinje/New Volume/VOC07&12/VOC2007/train/JPEGImages/009709.jpg 257,1,375,498,5 132,2,271,495,5 1,1,141,489,5
/media/xinje/New Volume/VOC07&12/VOC2007/train/JPEGImages/009878.jpg 74,119,374,349,15 13,328,49,375,5 87,106,221,254,19 352,109,443,321,19 247,104,355,375,19 170,110,280,351,19 17,3,163,210,13
