/media/xinje/New Volume/VOC07&12/VOC2007/train/JPEGImages/000207.jpg 1,205,113,320,6
/media/xinje/New Volume/VOC07&12/VOC2007/train/JPEGImages/000288.jpg 485,174,500,280,19 443,163,479,283,19 419,153,439,240,19 440,156,450,230,19 412,163,430,248,19 407,194,422,251,19 373,157,401,266,19 330,169,380,252,19 1,153,20,305,19 1,110,33,244,19 30,142,77,205,7 67,21,382,278,6
/media/xinje/New Volume/VOC07&12/VOC2007/train/JPEGImages/000477.jpg 1,64,30,170,6 30,99,61,146,6 63,132,79,154,7 109,188,121,249,2 100,130,137,237,19 151,131,181,246,19 179,133,193,207,19 193,135,231,287,19 229,138,254,258,19 255,121,298,278,19 279,132,323,289,19 301,130,339,316,19 318,117,362,333,19 332,131,400,332,19 380,125,449,333,19 427,125,500,333,19
/media/xinje/New Volume/VOC07&12/VOC2007/train/JPEGImages/000518.jpg 383,33,418,93,19 1,191,21,252,19 19,76,478,311,6
/media/xinje/New Volume/VOC07&12/VOC2007/train/JPEGImages/000648.jpg 394,199,404,223,19 424,199,436,220,19 434,196,444,220,19 443,195,452,220,19 29,113,353,266,6 328,86,474,192,1 2,213,28,235,7
/media/xinje/New Volume/VOC07&12/VOC2007/train/JPEGImages/000754.jpg 56,81,157,170,6 45,114,60,136,6 94,124,150,158,2 164,127,190,147,7
/media/xinje/New Volume/VOC07&12/VOC2007/train/JPEGImages/000768.jpg 369,103,475,283,6 33,46,369,330,6
/media/xinje/New Volume/VOC07&12/VOC2007/train/JPEGImages/000793.jpg 289,100,316,183,19 241,111,270,180,19 218,107,236,178,19 402,67,467,259,19 65,110,84,161,19 96,107,114,159,19 100,78,190,282,19 273,103,295,182,19 151,160,310,280,2 2,80,51,135,6
/media/xinje/New Volume/VOC07&12/VOC2007/train/JPEGImages/000829.jpg 217,166,452,280,6 1,171,199,290,6 355,1,385,20,7 89,115,174,170,7 476,125,500,160,7 52,13,81,39,7 16,285,80,336,2 468,315,492,351,19 459,331,500,372,19
/media/xinje/New Volume/VOC07&12/VOC2007/train/JPEGImages/001152.jpg 52,2,448,336,6 200,113,272,336,19 75,146,146,336,19 308,165,359,220,19
/media/xinje/New Volume/VOC07&12/VOC2007/train/JPEGImages/001385.jpg 179,118,365,194,6 104,156,179,189,7 46,157,89,188,7
/media/xinje/New Volume/VOC07&12/VOC2007/train/JPEGImages/001434.jpg 445,271,466,327,19 427,268,449,324,19 243,236,411,303,6 97,222,235,311,6
/media/xinje/New Volume/VOC07&12/VOC2007/train/JPEGImages/001892.jpg 4,3,500,373,6
/media/xinje/New Volume/VOC07&12/VOC2007/train/JPEGImages/001902.jpg 256,147,500,274,6 341,207,500,375,7 196,224,233,251,7 176,224,196,241,7 139,223,150,266,19 120,223,135,265,19 104,226,119,266,19 81,219,100,263,19
/media/xinje/New Volume/VOC07&12/VOC2007/train/JPEGImages/002027.jpg 270,278,357,295,6 378,289,405,308,6
/media/xinje/New Volume/VOC07&12/VOC2007/train/JPEGImages/002056.jpg 93,139,303,402,6 331,260,375,381,7
/media/xinje/New Volume/VOC07&12/VOC2007/train/JPEGImages/002256.jpg 327,195,500,373,6 243,245,323,322,6 197,301,217,351,19
/media/xinje/New Volume/VOC07&12/VOC2007/train/JPEGImages/002490.jpg 206,137,287,247,6 1,134,147,340,6 139,207,188,287,7 168,209,222,266,7 211,206,243,255,7
/media/xinje/New Volume/VOC07&12/VOC2007/train/JPEGImages/002539.jpg 1,1,500,333,6 198,105,307,333,19
/media/xinje/New Volume/VOC07&12/VOC2007/train/JPEGImages/002783.jpg 281,295,338,354,6 335,315,357,337,7
/media/xinje/New Volume/VOC07&12/VOC2007/train/JPEGImages/002816.jpg 51,145,454,307,6
/media/xinje/New Volume/VOC07&12/VOC2007/train/JPEGImages/002867.jpg 167,1,374,456,6 1,13,129,389,6 104,179,224,451,19
/media/xinje/New Volume/VOC07&12/VOC2007/train/JPEGImages/002899.jpg 26,56,371,390,6 251,199,349,442,19 217,227,274,434,19 149,327,201,449,19 96,309,184,464,19 29,305,100,474,19 1,245,74,448,19 3,220,156,318,19 72,232,131,341,19 126,213,174,245,19 154,184,206,237,19 188,179,256,235,19
/media/xinje/New Volume/VOC07&12/VOC2007/train/JPEGImages/003083.jpg 344,455,375,480,7 270,426,375,480,6
/media/xinje/New Volume/VOC07&12/VOC2007/train/JPEGImages/003163.jpg 56,66,441,240,6
/media/xinje/New Volume/VOC07&12/VOC2007/train/JPEGImages/003441.jpg 105,98,378,274,6
/media/xinje/New Volume/VOC07&12/VOC2007/train/JPEGImages/003576.jpg 2,108,100,211,6 200,69,500,231,6 366,137,500,241,12 407,100,480,219,19 126,112,157,193,19 171,112,203,192,19 245,111,271,143,19 224,116,246,144,19
/media/xinje/New Volume/VOC07&12/VOC2007/train/JPEGImages/003621.jpg 199,153,328,271,2 249,72,334,224,19 441,62,492,120,6 295,62,382,109,6
/media/xinje/New Volume/VOC07&12/VOC2007/train/JPEGImages/003635.jpg 3,45,500,325,6
/media/xinje/New Volume/VOC07&12/VOC2007/train/JPEGImages/003642.jpg 26,58,461,226,6
/media/xinje/New Volume/VOC07&12/VOC2007/train/JPEGImages/003786.jpg 171,165,287,273,6
/media/xinje/New Volume/VOC07&12/VOC2007/train/JPEGImages/003835.jpg 176,278,289,332,7 7,276,45,300,7 43,197,185,313,6 1,231,34,291,6
/media/xinje/New Volume/VOC07&12/VOC2007/train/JPEGImages/004120.jpg 59,41,500,301,6
/media/xinje/New Volume/VOC07&12/VOC2007/train/JPEGImages/004136.jpg 71,101,451,338,2 146,32,323,368,19 447,36,500,91,7 342,26,394,49,7 205,18,281,59,7 83,19,132,39,7 50,21,86,36,7 20,19,43,35,7 311,29,344,44,7 141,1,314,45,6
/media/xinje/New Volume/VOC07&12/VOC2007/train/JPEGImages/004303.jpg 1,3,305,281,6 410,129,482,154,7 295,130,410,169,7 389,127,435,145,7 351,124,380,138,7
/media/xinje/New Volume/VOC07&12/VOC2007/train/JPEGImages/004387.jpg 1,2,500,353,4 203,177,274,202,4 298,184,404,220,4 407,188,499,223,4 313,263,500,358,6 149,327,181,358,7 476,300,500,375,19 447,305,472,375,19 409,308,439,375,19 401,298,422,374,19 360,306,390,375,19 286,296,318,375,19 312,313,334,375,19 247,305,285,375,19 227,306,256,375,19 200,309,229,375,19 191,305,211,375,19 171,310,194,373,19 119,308,156,375,19 88,304,134,375,19 46,303,81,374,19 22,313,46,375,19 3,311,25,375,19
/media/xinje/New Volume/VOC07&12/VOC2007/train/JPEGImages/004544.jpg 70,53,465,282,6 464,163,499,201,7
/media/xinje/New Volume/VOC07&12/VOC2007/train/JPEGImages/004648.jpg 84,184,95,218,19 72,187,83,217,19 440,190,461,220,19 468,188,486,219,19 146,166,425,216,6
/media/xinje/New Volume/VOC07&12/VOC2007/train/JPEGImages/004705.jpg 394,181,455,226,6 1,206,104,270,7
/media/xinje/New Volume/VOC07&12/VOC2007/train/JPEGImages/004910.jpg 22,182,306,394,6
/media/xinje/New Volume/VOC07&12/VOC2007/train/JPEGImages/005026.jpg 1,170,354,294,6 344,210,428,258,6
/media/xinje/New Volume/VOC07&12/VOC2007/train/JPEGImages/005068.jpg 112,482,192,500,7 8,411,212,485,6
/media/xinje/New Volume/VOC07&12/VOC2007/train/JPEGImages/005090.jpg 28,119,466,265,6 461,164,498,256,19 409,174,445,259,19 167,157,209,293,19 482,172,500,192,7
/media/xinje/New Volume/VOC07&12/VOC2007/train/JPEGImages/005262.jpg 372,205,500,298,7 14,159,53,185,7 80,114,342,241,6
/media/xinje/New Volume/VOC07&12/VOC2007/train/JPEGImages/005374.jpg 290,147,361,325,19 211,136,255,262,19 215,153,258,262,19 187,2,500,347,6
/media/xinje/New Volume/VOC07&12/VOC2007/train/JPEGImages/005387.jpg 45,172,415,305,6 2,254,45,269,7
/media/xinje/New Volume/VOC07&12/VOC2007/train/JPEGImages/005631.jpg 1,118,206,498,6 199,242,260,415,6 261,267,279,351,6 273,290,303,376,19 320,288,359,403,19
/media/xinje/New Volume/VOC07&12/VOC2007/train/JPEGImages/005658.jpg 40,121,375,412,6 120,202,171,252,19 21,249,41,295,19
/media/xinje/New Volume/VOC07&12/VOC2007/train/JPEGImages/005669.jpg 254,151,341,202,7 409,135,500,199,6 160,87,194,220,19 1,1,154,332,19
/media/xinje/New Volume/VOC07&12/VOC2007/train/JPEGImages/005731.jpg 2,34,429,313,6 381,177,410,285,19
/media/xinje/New Volume/VOC07&12/VOC2007/train/JPEGImages/005911.jpg 2,50,500,314,6
/media/xinje/New Volume/VOC07&12/VOC2007/train/JPEGImages/005961.jpg 58,391,294,485,6 306,431,324,478,19 333,426,351,477,19 360,419,375,472,19 115,421,166,500,19 1,425,25,500,19 25,457,75,500,19
/media/xinje/New Volume/VOC07&12/VOC2007/train/JPEGImages/006096.jpg 30,48,472,324,6
/media/xinje/New Volume/VOC07&12/VOC2007/train/JPEGImages/006290.jpg 466,191,500,270,7 21,67,471,308,6
/media/xinje/New Volume/VOC07&12/VOC2007/train/JPEGImages/006352.jpg 153,118,408,177,6 43,82,174,374,19
/media/xinje/New Volume/VOC07&12/VOC2007/train/JPEGImages/006501.jpg 118,1,500,211,6
/media/xinje/New Volume/VOC07&12/VOC2007/train/JPEGImages/006569.jpg 183,83,385,157,6 32,97,141,154,6
/media/xinje/New Volume/VOC07&12/VOC2007/train/JPEGImages/006766.jpg 100,289,499,357,6 466,344,500,375,7 446,341,475,356,7 298,339,475,375,7 263,309,442,372,7 210,344,277,375,7 58,345,231,375,7 185,347,207,365,7 6,350,99,375,7 1,346,33,375,7 143,320,162,338,19
/media/xinje/New Volume/VOC07&12/VOC2007/train/JPEGImages/007002.jpg 291,195,500,325,6
/media/xinje/New Volume/VOC07&12/VOC2007/train/JPEGImages/007003.jpg 188,216,327,287,6 1,242,83,337,7 38,256,235,375,7 196,256,313,363,7 396,276,500,368,7
/media/xinje/New Volume/VOC07&12/VOC2007/train/JPEGImages/007095.jpg 226,130,437,290,6
/media/xinje/New Volume/VOC07&12/VOC2007/train/JPEGImages/007241.jpg 7,71,479,365,6
/media/xinje/New Volume/VOC07&12/VOC2007/train/JPEGImages/007271.jpg 51,129,352,268,6 413,204,427,234,19 91,214,138,281,19 58,235,160,301,12
/media/xinje/New Volume/VOC07&12/VOC2007/train/JPEGImages/007279.jpg 176,55,500,280,6 55,237,155,272,7 5,257,45,270,7
/media/xinje/New Volume/VOC07&12/VOC2007/train/JPEGImages/007298.jpg 3,1,278,330,6 291,135,333,275,19 217,132,268,266,19
/media/xinje/New Volume/VOC07&12/VOC2007/train/JPEGImages/007398.jpg 1,1,499,265,6 344,64,434,280,19
/media/xinje/New Volume/VOC07&12/VOC2007/train/JPEGImages/007437.jpg 98,105,295,249,6
/media/xinje/New Volume/VOC07&12/VOC2007/train/JPEGImages/007575.jpg 15,1,473,235,6
/media/xinje/New Volume/VOC07&12/VOC2007/train/JPEGImages/007633.jpg 1,117,236,269,6 225,126,344,255,6 340,130,500,238,6
/media/xinje/New Volume/VOC07&12/VOC2007/train/JPEGImages/007736.jpg 57,149,134,206,6 180,176,244,213,7 150,178,188,204,7 128,171,153,199,7 19,175,34,185,7 33,176,39,184,7 341,177,358,187,7
/media/xinje/New Volume/VOC07&12/VOC2007/train/JPEGImages/007908.jpg 191,2,500,333,6
/media/xinje/New Volume/VOC07&12/VOC2007/train/JPEGImages/008004.jpg 195,192,325,310,6
/media/xinje/New Volume/VOC07&12/VOC2007/train/JPEGImages/008026.jpg 134,50,500,292,6 224,167,275,375,19 163,183,212,374,19 19,139,238,372,19 1,158,21,354,19 31,194,70,221,7
/media/xinje/New Volume/VOC07&12/VOC2007/train/JPEGImages/008044.jpg 365,173,495,207,6 450,186,500,237,7 240,204,392,247,7
/media/xinje/New Volume/VOC07&12/VOC2007/train/JPEGImages/008098.jpg 73,176,100,192,7 230,159,264,188,7 267,156,362,198,7 360,163,486,214,7 298,133,395,181,6 98,113,230,213,6
/media/xinje/New Volume/VOC07&12/VOC2007/train/JPEGImages/008262.jpg 29,77,471,322,6
/media/xinje/New Volume/VOC07&12/VOC2007/train/JPEGImages/008315.jpg 165,160,456,312,6 454,234,500,272,7 477,238,500,297,7 365,245,406,319,19 359,270,408,341,12
/media/xinje/New Volume/VOC07&12/VOC2007/train/JPEGImages/008338.jpg 26,5,486,140,6
/media/xinje/New Volume/VOC07&12/VOC2007/train/JPEGImages/008360.jpg 2,21,401,280,6 396,157,426,203,7 489,159,498,181,19 470,158,475,177,19 449,160,456,181,19 456,158,463,175,19 431,163,441,180,19 330,70,344,85,19 313,71,327,85,19 291,63,309,79,19 270,57,288,71,19 245,51,266,66,19 220,43,238,61,19 182,31,215,58,19 301,156,319,175,19 320,151,334,172,19
/media/xinje/New Volume/VOC07&12/VOC2007/train/JPEGImages/008397.jpg 42,349,59,368,7 48,354,152,375,7 199,354,294,375,7 302,351,339,375,7 327,351,425,375,7 19,322,36,358,19 42,324,54,358,19 58,290,294,375,6 408,309,489,375,6 6,303,68,329,6
/media/xinje/New Volume/VOC07&12/VOC2007/train/JPEGImages/008702.jpg 31,96,489,346,6 89,286,283,375,2 118,196,212,375,19 76,219,130,375,19 1,191,22,342,19
/media/xinje/New Volume/VOC07&12/VOC2007/train/JPEGImages/008771.jpg 62,104,433,203,6 454,157,465,196,19 36,157,46,207,19 22,150,32,193,19
/media/xinje/New Volume/VOC07&12/VOC2007/train/JPEGImages/008838.jpg 122,45,334,278,6 360,181,382,200,7 104,184,115,201,19
/media/xinje/New Volume/VOC07&12/VOC2007/train/JPEGImages/008883.jpg 155,220,318,285,6 333,225,408,284,6 458,219,500,284,6
/media/xinje/New Volume/VOC07&12/VOC2007/train/JPEGImages/008966.jpg 128,27,500,303,6 19,181,48,211,7
/media/xinje/New Volume/VOC07&12/VOC2007/train/JPEGImages/009059.jpg 97,85,314,187,6
/media/xinje/New Volume/VOC07&12/VOC2007/train/JPEGImages/009073.jpg 127,136,232,263,6 15,140,125,204,6 89,202,150,276,7 1,202,97,337,7 378,63,500,375,19 353,200,394,323,19 298,174,358,322,19 238,206,264,278,19 213,195,241,279,19 272,192,304,269,19 342,181,367,223,19
/media/xinje/New Volume/VOC07&12/VOC2007/train/JPEGImages/009161.jpg 19,179,423,317,6 212,247,262,364,19 280,241,323,364,19 372,241,405,326,19 436,256,458,281,19
/media/xinje/New Volume/VOC07&12/VOC2007/train/JPEGImages/009283.jpg 255,220,354,317,6 203,248,253,298,7 1,245,107,370,7 463,269,493,365,19 365,259,386,318,19 344,261,363,319,19 493,262,500,276,19
/media/xinje/New Volume/VOC07&12/VOC2007/train/JPEGImages/009358.jpg 282,236,362,297,6 427,309,500,353,7 330,297,401,338,7 327,315,341,343,19
/media/xinje/New Volume/VOC07&12/VOC2007/train/JPEGImages/009386.jpg 397,74,500,216,6 3,2,409,374,6
/media/xinje/New Volume/VOC07&12/VOC2007/train/JPEGImages/009392.jpg 410,194,500,331,6 249,230,294,247,7 215,223,249,237,7 173,223,206,237,7 290,223,314,233,7 19,224,51,238,7 1,283,74,331,7
/media/xinje/New Volume/VOC07&12/VOC2007/train/JPEGImages/009409.jpg 385,172,500,226,6 168,166,353,223,6 88,175,144,202,6 1,132,91,263,6 89,201,201,245,7
/media/xinje/New Volume/VOC07&12/VOC2007/train/JPEGImages/009734.jpg 120,97,353,263,6 466,149,500,223,6 376,166,398,191,6 395,181,458,326,19
/media/xinje/New Volume/VOC07&12/VOC2007/train/JPEGImages/009762.jpg 321,249,364,351,2 193,173,205,201,19 182,176,192,201,19 171,171,181,202,19 156,176,174,216,19 210,168,224,210,19 228,174,242,209,19 114,181,132,211,19 1,178,21,195,7 37,152,153,206,6
/media/xinje/New Volume/VOC07&12/VOC2007/train/JPEGImages/009832.jpg 277,11,500,350,6
/media/xinje/New Volume/VOC07&12/VOC2007/train/JPEGImages/009845.jpg 473,207,500,246,7 404,204,475,241,7 201,209,229,307,19 185,199,203,237,19 157,89,376,280,6
