/media/xinje/New Volume/VOC07&12/VOC2007/train/JPEGImages/000044.jpg 1,1,370,330,8 99,101,312,213,18
/media/xinje/New Volume/VOC07&12/VOC2007/train/JPEGImages/000047.jpg 15,1,459,312,7 439,170,487,230,8
/media/xinje/New Volume/VOC07&12/VOC2007/train/JPEGImages/000089.jpg 20,7,183,355,19 98,215,429,374,19 332,140,455,366,19 22,51,317,291,8
/media/xinje/New Volume/VOC07&12/VOC2007/train/JPEGImages/000112.jpg 70,174,277,328,10 287,162,316,198,8
/media/xinje/New Volume/VOC07&12/VOC2007/train/JPEGImages/000147.jpg 33,105,65,146,8 77,114,114,149,8 146,125,175,150,8 227,132,247,154,8 302,127,327,153,8 373,121,402,153,8 435,112,465,149,8
/media/xinje/New Volume/VOC07&12/VOC2007/train/JPEGImages/000222.jpg 178,216,303,326,20 250,237,362,375,19 114,236,227,375,19 221,223,235,266,5 234,213,245,256,5 341,149,376,216,19 158,191,185,221,19 159,177,206,230,19 252,178,311,228,19 291,193,332,241,19 318,209,373,330,19 100,206,170,342,19 444,283,500,375,19 366,243,394,375,8 367,217,390,269,8
/media/xinje/New Volume/VOC07&12/VOC2007/train/JPEGImages/000235.jpg 243,255,316,375,8 136,326,271,375,8 1,291,97,374,8 402,245,455,316,8 40,266,277,375,20 415,192,457,254,15 185,167,201,236,13
/media/xinje/New Volume/VOC07&12/VOC2007/train/JPEGImages/000331.jpg 171,234,373,482,8 61,222,138,426,8 1,366,50,500,8 149,254,358,467,19
/media/xinje/New Volume/VOC07&12/VOC2007/train/JPEGImages/000349.jpg 159,131,413,362,20 321,126,479,363,8 284,76,360,144,8 100,91,206,298,8 167,161,326,375,8 2,2,89,131,17
/media/xinje/New Volume/VOC07&12/VOC2007/train/JPEGImages/000359.jpg 263,266,388,479,10 25,13,288,481,19 39,84,420,426,8
/media/xinje/New Volume/VOC07&12/VOC2007/train/JPEGImages/000496.jpg 457,217,500,338,20 419,210,482,319,8
/media/xinje/New Volume/VOC07&12/VOC2007/train/JPEGImages/000526.jpg 167,122,222,275,19 189,88,276,316,19 259,73,440,320,19 376,85,443,304,19 421,185,488,306,8
/media/xinje/New Volume/VOC07&12/VOC2007/train/JPEGImages/000550.jpg 102,213,473,375,20 380,118,443,174,8 324,160,413,221,8 150,128,233,229,8 93,172,171,288,8 18,298,252,375,8 468,268,500,375,8
/media/xinje/New Volume/VOC07&12/VOC2007/train/JPEGImages/000555.jpg 2,111,262,299,15 266,63,332,181,19 160,179,422,374,19 1,174,186,374,19 61,90,213,255,19 157,79,261,217,19 270,98,339,188,8 422,116,500,224,8 380,92,499,217,19
/media/xinje/New Volume/VOC07&12/VOC2007/train/JPEGImages/000592.jpg 341,276,433,375,8 441,266,500,322,8 439,298,500,375,8 196,173,384,290,15 278,228,475,362,15 129,151,203,218,13 276,149,320,177,17 5,252,155,375,15 90,273,111,375,8 52,300,106,375,8
/media/xinje/New Volume/VOC07&12/VOC2007/train/JPEGImages/000597.jpg 310,163,356,220,19 459,168,497,208,19 386,177,465,314,19 230,211,274,270,8 302,242,370,320,8 404,234,468,308,8 488,254,500,295,8 36,225,95,304,8 195,181,235,212,17 112,192,139,238,17
/media/xinje/New Volume/VOC07&12/VOC2007/train/JPEGImages/000632.jpg 282,176,351,255,17 291,275,500,375,15 61,167,178,335,8
/media/xinje/New Volume/VOC07&12/VOC2007/train/JPEGImages/000699.jpg 29,205,337,377,10 102,27,366,358,10 309,130,472,362,10 1,2,500,381,8
/media/xinje/New Volume/VOC07&12/VOC2007/train/JPEGImages/000709.jpg 120,63,334,355,19 119,57,394,352,19 29,124,390,351,15 377,122,473,309,8
/media/xinje/New Volume/VOC07&12/VOC2007/train/JPEGImages/000710.jpg 143,177,225,270,18 188,182,303,464,8 36,367,280,500,8 95,129,136,249,13
/media/xinje/New Volume/VOC07&12/VOC2007/train/JPEGImages/000761.jpg 300,249,412,375,8 19,255,165,375,17 150,141,437,322,15
/media/xinje/New Volume/VOC07&12/VOC2007/train/JPEGImages/000804.jpg 94,243,153,304,8 32,352,126,491,8 191,265,332,470,15
/media/xinje/New Volume/VOC07&12/VOC2007/train/JPEGImages/000830.jpg 124,182,352,370,20 150,221,259,375,8 252,201,348,347,8 250,175,318,248,8
/media/xinje/New Volume/VOC07&12/VOC2007/train/JPEGImages/000865.jpg 300,167,397,268,20 407,167,465,252,8 344,172,414,272,8 378,170,441,261,8 210,251,332,375,8 73,160,144,213,13 334,160,344,182,5 190,102,337,375,19 3,129,124,294,19
/media/xinje/New Volume/VOC07&12/VOC2007/train/JPEGImages/000943.jpg 145,241,500,374,8 234,135,500,316,19 305,146,426,267,19 238,147,356,245,19 223,149,298,223,19 76,140,146,266,19 1,69,178,372,19 1,291,107,373,15 330,107,375,159,19 50,114,101,185,19 288,110,321,157,19
/media/xinje/New Volume/VOC07&12/VOC2007/train/JPEGImages/000996.jpg 393,146,482,227,8 308,149,377,205,8 244,146,289,185,8 196,138,237,177,8 139,214,303,375,8 28,211,167,373,8 1,213,76,323,8 82,97,142,167,8 5,157,500,375,20 19,6,93,175,19
/media/xinje/New Volume/VOC07&12/VOC2007/train/JPEGImages/001014.jpg 278,188,395,375,10 150,253,337,369,10 86,91,359,375,19 99,139,401,375,8
/media/xinje/New Volume/VOC07&12/VOC2007/train/JPEGImages/001106.jpg 102,160,240,327,8 295,158,389,319,8 339,174,465,363,8 363,149,445,258,8 337,179,500,319,20
/media/xinje/New Volume/VOC07&12/VOC2007/train/JPEGImages/001158.jpg 267,1,499,350,8 1,2,259,359,8
/media/xinje/New Volume/VOC07&12/VOC2007/train/JPEGImages/001174.jpg 1,273,250,375,15 315,203,380,314,8 246,213,319,330,8 143,202,187,293,8 185,208,373,325,20
/media/xinje/New Volume/VOC07&12/VOC2007/train/JPEGImages/001214.jpg 43,187,141,354,8 1,227,46,375,8 203,144,244,203,17 122,150,205,209,17 240,165,500,375,15
/media/xinje/New Volume/VOC07&12/VOC2007/train/JPEGImages/001263.jpg 107,170,199,288,8 210,156,287,274,8 417,222,500,354,15 157,159,266,275,20
/media/xinje/New Volume/VOC07&12/VOC2007/train/JPEGImages/001345.jpg 391,167,456,258,8 287,167,356,262,8 341,150,408,234,8
/media/xinje/New Volume/VOC07&12/VOC2007/train/JPEGImages/001393.jpg 61,194,325,375,20 2,194,78,374,8 289,140,480,375,19 291,130,400,355,19 197,124,285,199,19 15,131,133,375,19 260,164,280,213,5 232,165,246,202,5 213,164,230,209,5 206,176,221,216,5 196,189,210,232,5 134,180,250,375,19
/media/xinje/New Volume/VOC07&12/VOC2007/train/JPEGImages/001457.jpg 136,121,350,264,15 432,212,500,375,8
/media/xinje/New Volume/VOC07&12/VOC2007/train/JPEGImages/001529.jpg 36,170,111,277,17 160,157,450,317,15 354,273,475,375,8
/media/xinje/New Volume/VOC07&12/VOC2007/train/JPEGImages/001563.jpg 12,201,385,333,20 344,110,446,273,19 262,86,360,199,19 130,125,200,202,19 212,131,288,202,19 5,110,132,333,19 72,168,95,237,5 109,177,126,217,5 127,174,143,210,5 261,174,278,204,5 398,191,488,283,8
/media/xinje/New Volume/VOC07&12/VOC2007/train/JPEGImages/001633.jpg 71,177,419,373,20 206,210,388,374,8 116,165,263,364,8
/media/xinje/New Volume/VOC07&12/VOC2007/train/JPEGImages/001650.jpg 109,146,161,192,17 380,204,500,333,15 309,171,450,272,8
/media/xinje/New Volume/VOC07&12/VOC2007/train/JPEGImages/001651.jpg 63,121,342,500,19 241,274,364,500,8
/media/xinje/New Volume/VOC07&12/VOC2007/train/JPEGImages/001683.jpg 364,207,403,284,8 323,206,362,280,8 285,206,323,287,8 244,208,288,289,8 224,213,430,279,20 392,200,431,279,8
/media/xinje/New Volume/VOC07&12/VOC2007/train/JPEGImages/001717.jpg 1,111,58,169,17 371,160,476,404,19 227,99,365,404,19 146,207,263,366,8
/media/xinje/New Volume/VOC07&12/VOC2007/train/JPEGImages/001729.jpg 2,1,128,163,15 119,4,217,96,13 284,107,411,280,19 126,83,257,285,19 9,167,160,333,19 371,63,500,332,8
/media/xinje/New Volume/VOC07&12/VOC2007/train/JPEGImages/001828.jpg 35,1,304,238,8 2,33,289,445,19 38,123,298,440,19
/media/xinje/New Volume/VOC07&12/VOC2007/train/JPEGImages/001864.jpg 403,214,500,333,8 218,60,381,375,19 91,83,216,375,19 61,55,249,375,19
/media/xinje/New Volume/VOC07&12/VOC2007/train/JPEGImages/001978.jpg 139,151,210,321,19 355,130,411,315,19 134,194,166,268,8
/media/xinje/New Volume/VOC07&12/VOC2007/train/JPEGImages/001995.jpg 92,35,281,250,8
/media/xinje/New Volume/VOC07&12/VOC2007/train/JPEGImages/001999.jpg 391,74,460,153,8 84,54,262,375,19 174,87,234,165,8
/media/xinje/New Volume/VOC07&12/VOC2007/train/JPEGImages/002002.jpg 24,163,97,265,8
/media/xinje/New Volume/VOC07&12/VOC2007/train/JPEGImages/002025.jpg 204,297,332,500,8 266,276,338,333,8 236,318,375,500,20
/media/xinje/New Volume/VOC07&12/VOC2007/train/JPEGImages/002156.jpg 114,213,223,370,8 226,206,323,349,8 394,193,465,278,8 15,200,118,355,8 468,191,500,238,8 33,167,300,305,20 334,100,399,285,19
/media/xinje/New Volume/VOC07&12/VOC2007/train/JPEGImages/002186.jpg 233,158,297,255,19 152,1,194,141,19 300,35,351,117,8 204,37,263,140,8 184,46,284,128,20
/media/xinje/New Volume/VOC07&12/VOC2007/train/JPEGImages/002194.jpg 294,188,391,300,8 81,107,155,278,19 127,117,177,283,19 295,126,464,305,19 377,144,464,268,19
/media/xinje/New Volume/VOC07&12/VOC2007/train/JPEGImages/002221.jpg 148,58,375,453,19 212,19,366,100,8 1,19,138,281,8 1,74,49,316,19 118,22,375,229,20 179,2,195,51,5
/media/xinje/New Volume/VOC07&12/VOC2007/train/JPEGImages/002287.jpg 267,114,327,260,5 11,65,466,319,10 1,1,500,375,8
/media/xinje/New Volume/VOC07&12/VOC2007/train/JPEGImages/002334.jpg 83,262,325,375,8 15,139,102,286,8 137,114,227,210,17 237,121,319,208,17 325,163,415,252,17
/media/xinje/New Volume/VOC07&12/VOC2007/train/JPEGImages/002362.jpg 291,198,418,281,8 210,254,418,375,8 175,156,357,216,15 323,1,423,222,13 373,57,421,184,13 113,40,177,206,13 167,50,198,175,13 270,50,300,118,19 245,59,269,116,19
/media/xinje/New Volume/VOC07&12/VOC2007/train/JPEGImages/002368.jpg 41,224,75,277,15 284,316,333,500,15 34,269,112,387,8 183,274,272,391,8 135,263,256,403,20
/media/xinje/New Volume/VOC07&12/VOC2007/train/JPEGImages/002501.jpg 6,124,262,375,8 212,135,500,358,15 81,117,205,373,19 245,125,498,372,19 295,92,496,262,19
/media/xinje/New Volume/VOC07&12/VOC2007/train/JPEGImages/002559.jpg 103,64,453,293,7 1,115,48,183,8 156,1,284,107,13
/media/xinje/New Volume/VOC07&12/VOC2007/train/JPEGImages/002572.jpg 135,98,173,195,5 118,142,136,195,5 370,156,500,327,8 339,125,429,273,8 369,89,407,161,8 121,30,150,107,19 148,22,182,106,19 201,18,245,86,19 243,23,288,87,19 358,64,396,112,19 282,89,401,288,19 242,85,309,175,19 33,73,210,333,19 220,82,263,177,19 197,77,239,175,19
/media/xinje/New Volume/VOC07&12/VOC2007/train/JPEGImages/002645.jpg 1,186,47,250,17 194,175,239,244,8 234,176,281,258,8 249,168,383,332,8
/media/xinje/New Volume/VOC07&12/VOC2007/train/JPEGImages/002702.jpg 89,189,333,500,8 1,274,100,500,8 77,199,278,429,8
/media/xinje/New Volume/VOC07&12/VOC2007/train/JPEGImages/002778.jpg 316,201,351,210,8 54,220,103,258,8 101,223,150,262,8 152,238,188,268,8 219,244,255,275,8 276,248,318,280,8 361,255,409,290,8 16,235,63,301,8 62,262,132,315,8 129,271,206,330,8 210,281,285,342,8 322,294,395,375,8 1,321,27,351,8 1,347,58,375,8 144,100,198,141,17
/media/xinje/New Volume/VOC07&12/VOC2007/train/JPEGImages/002866.jpg 97,274,231,375,8 224,255,338,375,8 277,236,371,375,8 122,225,347,375,20
/media/xinje/New Volume/VOC07&12/VOC2007/train/JPEGImages/002939.jpg 283,161,316,226,5 159,101,336,375,19 266,206,369,361,8 38,108,121,233,17
/media/xinje/New Volume/VOC07&12/VOC2007/train/JPEGImages/002957.jpg 1,36,437,375,8 158,157,348,240,10
/media/xinje/New Volume/VOC07&12/VOC2007/train/JPEGImages/002989.jpg 281,149,339,204,17 461,195,500,300,8 436,163,500,291,8 306,213,443,333,8 81,178,197,265,8 219,163,284,204,15 1,193,143,333,15
/media/xinje/New Volume/VOC07&12/VOC2007/train/JPEGImages/003034.jpg 1,280,295,375,20 27,179,81,224,15 355,141,391,172,13 301,174,466,375,8 231,181,255,206,8 305,201,429,331,19 40,97,259,307,19
/media/xinje/New Volume/VOC07&12/VOC2007/train/JPEGImages/003042.jpg 29,115,100,180,8 178,132,248,193,8 2,94,121,147,20 169,101,321,174,20 100,187,407,366,20 323,120,500,195,20 89,85,220,294,19 321,75,496,372,19 36,182,129,343,8 132,12,167,84,19
/media/xinje/New Volume/VOC07&12/VOC2007/train/JPEGImages/003061.jpg 286,11,446,220,8 93,25,259,158,8 472,87,500,220,8
/media/xinje/New Volume/VOC07&12/VOC2007/train/JPEGImages/003077.jpg 81,163,239,269,15 323,151,441,252,8 250,155,344,254,8 73,139,156,289,19 153,142,237,285,19 244,127,321,266,19 352,134,435,262,19
/media/xinje/New Volume/VOC07&12/VOC2007/train/JPEGImages/003202.jpg 264,128,360,209,20 334,119,398,206,8 172,139,295,275,8 26,117,127,251,13 423,242,500,375,13
/media/xinje/New Volume/VOC07&12/VOC2007/train/JPEGImages/003205.jpg 28,76,306,376,19 11,168,322,447,8
/media/xinje/New Volume/VOC07&12/VOC2007/train/JPEGImages/003308.jpg 174,58,257,104,18 11,277,181,500,8
/media/xinje/New Volume/VOC07&12/VOC2007/train/JPEGImages/003401.jpg 246,106,301,183,17 19,141,191,281,8
/media/xinje/New Volume/VOC07&12/VOC2007/train/JPEGImages/003421.jpg 107,322,300,500,8
/media/xinje/New Volume/VOC07&12/VOC2007/train/JPEGImages/003433.jpg 18,166,181,494,2 146,16,327,395,19 240,312,340,455,8
/media/xinje/New Volume/VOC07&12/VOC2007/train/JPEGImages/003452.jpg 86,300,257,471,20 173,328,325,500,8 61,282,90,414,8 70,301,185,475,8 109,267,150,306,8 213,274,247,320,8 263,287,311,338,8
/media/xinje/New Volume/VOC07&12/VOC2007/train/JPEGImages/003477.jpg 98,115,259,351,8
/media/xinje/New Volume/VOC07&12/VOC2007/train/JPEGImages/003510.jpg 410,244,463,347,8 369,241,404,291,8 251,269,372,375,8 232,195,310,279,19
/media/xinje/New Volume/VOC07&12/VOC2007/train/JPEGImages/003588.jpg 200,63,324,319,8 66,82,185,330,8
/media/xinje/New Volume/VOC07&12/VOC2007/train/JPEGImages/003609.jpg 56,103,277,197,15 270,104,360,213,8 6,135,186,270,8
/media/xinje/New Volume/VOC07&12/VOC2007/train/JPEGImages/003662.jpg 104,8,216,121,17 175,147,333,500,8 89,130,217,450,19
/media/xinje/New Volume/VOC07&12/VOC2007/train/JPEGImages/003664.jpg 244,230,376,375,8 4,234,230,375,8 201,215,416,374,19 47,184,95,283,19 221,194,253,273,19
/media/xinje/New Volume/VOC07&12/VOC2007/train/JPEGImages/003694.jpg 308,190,386,265,17 5,202,146,327,15 54,58,151,263,13 156,181,213,252,8 167,133,216,245,19
/media/xinje/New Volume/VOC07&12/VOC2007/train/JPEGImages/003751.jpg 2,190,140,334,15 71,227,105,251,18 115,171,212,247,8 244,154,283,206,8 380,1,480,153,17 407,34,456,140,19
/media/xinje/New Volume/VOC07&12/VOC2007/train/JPEGImages/003767.jpg 272,170,373,301,8 278,201,456,375,8 189,156,252,276,8 74,165,164,282,8 47,199,213,375,8 2,192,60,298,8
/media/xinje/New Volume/VOC07&12/VOC2007/train/JPEGImages/003788.jpg 164,123,320,266,18 1,1,500,281,8
/media/xinje/New Volume/VOC07&12/VOC2007/train/JPEGImages/003889.jpg 345,75,427,295,11 157,79,282,294,11 52,105,138,297,11 337,32,439,193,19 122,35,239,188,19 1,58,102,308,19 51,48,123,196,19 431,119,472,166,8
/media/xinje/New Volume/VOC07&12/VOC2007/train/JPEGImages/003907.jpg 107,167,338,321,15 269,209,496,375,15 3,129,41,276,8
/media/xinje/New Volume/VOC07&12/VOC2007/train/JPEGImages/003988.jpg 1,222,117,336,8 429,216,448,297,8 281,149,317,211,8
/media/xinje/New Volume/VOC07&12/VOC2007/train/JPEGImages/004012.jpg 53,120,294,500,19 66,226,229,472,19 1,113,375,500,8
/media/xinje/New Volume/VOC07&12/VOC2007/train/JPEGImages/004014.jpg 1,75,374,500,8 3,48,303,500,19
/media/xinje/New Volume/VOC07&12/VOC2007/train/JPEGImages/004028.jpg 1,152,98,330,8 2,2,124,227,13 380,172,407,194,19 242,192,276,230,19
/media/xinje/New Volume/VOC07&12/VOC2007/train/JPEGImages/004093.jpg 415,249,500,333,8 410,208,500,304,8 320,162,375,275,8 257,189,381,320,8
/media/xinje/New Volume/VOC07&12/VOC2007/train/JPEGImages/004106.jpg 206,195,280,273,17 191,281,424,375,8 1,273,199,375,15
/media/xinje/New Volume/VOC07&12/VOC2007/train/JPEGImages/004111.jpg 1,64,17,127,17 128,114,375,375,19 139,108,298,367,8
/media/xinje/New Volume/VOC07&12/VOC2007/train/JPEGImages/004149.jpg 157,92,330,262,18 1,89,500,375,20 194,1,303,107,8 312,5,426,116,8 157,214,500,375,8 2,14,158,375,8
/media/xinje/New Volume/VOC07&12/VOC2007/train/JPEGImages/004164.jpg 176,154,233,221,8 337,135,404,206,17 5,235,427,366,15
/media/xinje/New Volume/VOC07&12/VOC2007/train/JPEGImages/004201.jpg 138,121,487,375,19 114,100,485,375,19 12,190,394,375,8
/media/xinje/New Volume/VOC07&12/VOC2007/train/JPEGImages/004253.jpg 141,192,252,337,8 181,163,267,291,8 274,182,352,308,8 328,154,358,197,8 167,179,348,332,20
/media/xinje/New Volume/VOC07&12/VOC2007/train/JPEGImages/004270.jpg 280,120,433,375,19 140,103,333,375,19 97,215,302,375,8 188,280,301,375,8
/media/xinje/New Volume/VOC07&12/VOC2007/train/JPEGImages/004392.jpg 328,224,440,359,8 334,273,482,375,8 451,71,500,208,13 470,210,500,364,13 180,110,334,375,19 179,117,255,375,19
/media/xinje/New Volume/VOC07&12/VOC2007/train/JPEGImages/004484.jpg 149,190,221,263,8 223,177,278,239,8 406,164,469,220,8 29,264,128,375,8 419,209,500,375,8 367,230,457,375,8 47,199,500,375,20 89,129,160,216,13
/media/xinje/New Volume/VOC07&12/VOC2007/train/JPEGImages/004510.jpg 123,50,244,153,17 101,199,255,375,8 422,84,500,359,8
/media/xinje/New Volume/VOC07&12/VOC2007/train/JPEGImages/004549.jpg 139,112,227,190,17 354,147,499,270,8 2,280,500,375,15
/media/xinje/New Volume/VOC07&12/VOC2007/train/JPEGImages/004597.jpg 83,181,120,255,8
/media/xinje/New Volume/VOC07&12/VOC2007/train/JPEGImages/004607.jpg 93,107,389,232,15 348,117,497,303,8 1,128,132,295,8 353,24,376,112,19
/media/xinje/New Volume/VOC07&12/VOC2007/train/JPEGImages/004611.jpg 355,167,480,374,19 342,171,408,266,19 263,197,361,372,19 132,179,266,372,19 34,187,135,349,19 238,169,295,252,19 149,212,178,255,19 98,241,412,373,20 300,300,404,374,8 162,326,283,375,8 426,305,500,375,8 2,259,100,374,8
/media/xinje/New Volume/VOC07&12/VOC2007/train/JPEGImages/004631.jpg 221,359,362,500,8 330,466,375,500,8 96,358,124,465,8 194,153,298,414,19 89,154,251,496,19 36,156,88,231,13
/media/xinje/New Volume/VOC07&12/VOC2007/train/JPEGImages/004714.jpg 371,90,500,374,15 139,51,256,224,8 2,43,77,203,8 317,75,408,149,13 219,161,260,214,13 127,232,217,274,13
/media/xinje/New Volume/VOC07&12/VOC2007/train/JPEGImages/004735.jpg 1,206,291,375,8 1,135,126,185,8
/media/xinje/New Volume/VOC07&12/VOC2007/train/JPEGImages/004773.jpg 78,249,368,496,20 240,231,375,443,8 8,288,190,500,8 11,184,65,226,17
/media/xinje/New Volume/VOC07&12/VOC2007/train/JPEGImages/004837.jpg 273,138,500,320,15 67,166,253,357,8
/media/xinje/New Volume/VOC07&12/VOC2007/train/JPEGImages/004857.jpg 279,71,412,361,19 51,94,198,361,19 362,55,381,118,19 397,66,415,107,19 406,78,423,111,19 419,83,442,124,19 121,181,326,369,20 383,149,469,209,20 419,127,500,166,20 362,107,425,146,20 486,88,500,138,19 339,153,487,372,8 1,160,154,374,8 317,212,500,375,8 1,214,51,375,8
/media/xinje/New Volume/VOC07&12/VOC2007/train/JPEGImages/004984.jpg 295,34,480,213,8
/media/xinje/New Volume/VOC07&12/VOC2007/train/JPEGImages/004991.jpg 53,139,404,375,20 327,20,357,91,13 284,107,464,372,8 1,127,243,375,8 270,76,374,162,8 61,85,160,167,8
/media/xinje/New Volume/VOC07&12/VOC2007/train/JPEGImages/005086.jpg 158,184,257,262,8 39,145,144,375,19 269,42,498,372,19 99,259,347,375,20
/media/xinje/New Volume/VOC07&12/VOC2007/train/JPEGImages/005101.jpg 1,2,374,500,8 162,224,349,368,18
/media/xinje/New Volume/VOC07&12/VOC2007/train/JPEGImages/005129.jpg 2,163,419,375,8 304,95,405,190,13 124,126,380,375,19 266,9,337,131,8 213,25,273,113,8 189,1,223,100,8 149,5,196,89,8
/media/xinje/New Volume/VOC07&12/VOC2007/train/JPEGImages/005153.jpg 1,147,39,219,8 44,147,94,217,8 104,216,288,375,8 94,177,234,358,8 157,115,200,164,17 182,109,235,178,17 210,95,340,204,17 309,67,500,267,17
/media/xinje/New Volume/VOC07&12/VOC2007/train/JPEGImages/005186.jpg 139,173,210,293,8 408,181,467,269,8 341,258,500,375,15 32,165,129,301,13 1,254,41,339,13
/media/xinje/New Volume/VOC07&12/VOC2007/train/JPEGImages/005191.jpg 62,128,500,285,20 33,206,445,375,20 470,125,500,184,8 381,120,433,158,8 205,108,249,134,8 24,143,85,223,8 99,144,151,216,8 160,142,210,208,8 207,126,245,223,8 237,127,268,230,8 254,131,292,242,8 282,142,358,278,8 347,153,426,330,8 414,171,500,374,8 340,230,451,344,8 271,213,336,276,8
/media/xinje/New Volume/VOC07&12/VOC2007/train/JPEGImages/005591.jpg 114,257,430,375,20 347,327,429,375,8 362,237,414,280,8 312,234,351,271,8 240,230,261,265,8 200,228,220,241,8 77,217,128,251,8 67,243,103,359,8 86,245,129,374,8 112,248,166,375,8 147,257,210,372,8 190,261,282,375,8
/media/xinje/New Volume/VOC07&12/VOC2007/train/JPEGImages/005605.jpg 209,138,289,205,17 381,223,500,362,8 344,313,500,375,8 1,258,77,375,15 302,64,358,266,13 91,204,128,266,13 76,234,107,258,13 68,184,104,222,13 144,163,162,216,13 104,171,140,215,13 26,156,41,225,13 358,153,421,244,8 350,145,397,170,17 323,193,356,265,13 446,199,454,223,5 453,200,461,220,5 440,171,447,195,5 447,171,454,194,5 439,201,447,222,5 436,147,443,170,5 443,146,450,168,5 450,147,457,167,5 457,147,461,167,5 453,170,458,194,5
/media/xinje/New Volume/VOC07&12/VOC2007/train/JPEGImages/005686.jpg 364,215,465,363,8 299,200,404,349,8 289,191,500,356,20
/media/xinje/New Volume/VOC07&12/VOC2007/train/JPEGImages/005697.jpg 105,162,420,333,15 227,101,270,168,8
/media/xinje/New Volume/VOC07&12/VOC2007/train/JPEGImages/005710.jpg 259,244,334,333,8 286,217,329,263,8 318,203,332,237,8 351,217,367,240,8 348,211,387,280,8 236,193,319,268,20
/media/xinje/New Volume/VOC07&12/VOC2007/train/JPEGImages/005718.jpg 33,233,160,385,8
/media/xinje/New Volume/VOC07&12/VOC2007/train/JPEGImages/005730.jpg 321,255,363,307,8 370,257,397,300,8 468,290,500,333,8 219,245,270,319,8 128,238,192,332,8 298,255,324,293,8
/media/xinje/New Volume/VOC07&12/VOC2007/train/JPEGImages/005784.jpg 130,114,417,243,8 138,280,496,438,8 6,22,410,278,19 7,106,494,438,19
/media/xinje/New Volume/VOC07&12/VOC2007/train/JPEGImages/005821.jpg 111,232,171,315,13 263,209,311,289,13 199,200,246,254,13 6,143,95,230,13 171,198,195,251,13 355,184,481,354,8 461,171,500,375,8
/media/xinje/New Volume/VOC07&12/VOC2007/train/JPEGImages/005867.jpg 235,190,291,243,17 232,252,365,375,8
/media/xinje/New Volume/VOC07&12/VOC2007/train/JPEGImages/005920.jpg 366,223,446,282,15 15,265,350,375,20 68,298,128,341,8 154,276,191,312,8 199,264,231,294,8 292,255,334,277,8 302,272,349,375,8 220,294,309,375,8 233,314,281,374,8
/media/xinje/New Volume/VOC07&12/VOC2007/train/JPEGImages/005923.jpg 278,213,417,329,2 218,213,293,322,2 126,216,229,354,2 168,170,221,287,19 224,153,274,249,19 310,142,387,308,19 207,86,232,104,8 206,94,234,127,8 270,92,296,103,8 277,98,308,126,8 299,110,337,147,8 175,120,213,170,15 284,160,308,192,13 266,165,281,187,13 316,107,338,171,13 449,105,500,189,13 376,63,409,124,13 394,39,413,60,17 221,131,274,171,13
/media/xinje/New Volume/VOC07&12/VOC2007/train/JPEGImages/006004.jpg 94,164,301,424,8 57,146,184,468,19 130,169,266,500,19 1,173,101,500,19
/media/xinje/New Volume/VOC07&12/VOC2007/train/JPEGImages/006030.jpg 73,241,186,375,8 167,220,252,375,8 205,199,263,375,8 32,202,102,279,8 1,240,291,375,20
/media/xinje/New Volume/VOC07&12/VOC2007/train/JPEGImages/006066.jpg 343,235,500,333,15 47,266,204,332,8 150,120,339,264,17
/media/xinje/New Volume/VOC07&12/VOC2007/train/JPEGImages/006078.jpg 196,170,257,232,17 27,187,91,284,8 436,172,469,222,8
/media/xinje/New Volume/VOC07&12/VOC2007/train/JPEGImages/006088.jpg 1,230,174,375,8 406,183,500,337,8 91,199,342,332,15 246,162,310,206,15 341,162,414,212,15 408,149,462,228,13
/media/xinje/New Volume/VOC07&12/VOC2007/train/JPEGImages/006100.jpg 317,144,500,347,15 106,53,169,103,13 250,107,291,158,13 183,128,238,213,8 141,163,198,200,10
/media/xinje/New Volume/VOC07&12/VOC2007/train/JPEGImages/006270.jpg 197,180,274,273,8 5,252,276,375,8 297,177,316,195,13
/media/xinje/New Volume/VOC07&12/VOC2007/train/JPEGImages/006289.jpg 164,270,465,499,8 12,178,171,419,8 93,262,497,500,20 410,190,472,239,8 105,122,256,339,19 160,202,436,499,19 349,157,428,276,19
/media/xinje/New Volume/VOC07&12/VOC2007/train/JPEGImages/006381.jpg 246,251,265,295,5 5,209,125,375,19 323,198,435,365,19 267,185,353,290,19 250,126,289,167,19 3,163,56,305,19 82,155,157,295,19 127,135,207,276,19 204,130,227,171,19 217,132,260,234,19 306,126,337,172,19 347,139,363,176,19 77,266,420,375,20 244,167,362,219,20 394,253,489,358,8 210,170,266,238,8 322,175,361,224,8
/media/xinje/New Volume/VOC07&12/VOC2007/train/JPEGImages/006395.jpg 408,35,479,188,17 134,117,316,347,19 17,183,213,375,8
/media/xinje/New Volume/VOC07&12/VOC2007/train/JPEGImages/006419.jpg 57,348,153,485,8 127,406,217,500,8
/media/xinje/New Volume/VOC07&12/VOC2007/train/JPEGImages/006447.jpg 147,129,183,148,8 133,163,189,232,8 190,139,257,232,8 8,144,86,233,8 97,141,242,233,20 70,32,105,104,13
/media/xinje/New Volume/VOC07&12/VOC2007/train/JPEGImages/006605.jpg 223,175,277,199,8 158,186,235,311,8 331,177,387,291,8 340,199,412,313,8 246,222,360,375,8 142,214,256,361,8 86,181,134,218,13 49,96,96,243,13
/media/xinje/New Volume/VOC07&12/VOC2007/train/JPEGImages/006658.jpg 119,158,382,345,20 160,99,204,186,19 200,104,264,205,19 259,102,327,209,19 304,117,387,219,19 362,131,415,222,19 288,145,490,375,19 1,96,71,269,19 39,86,137,239,19 79,121,297,372,19 1,215,72,373,8 97,250,198,375,8 26,232,82,374,8
/media/xinje/New Volume/VOC07&12/VOC2007/train/JPEGImages/006689.jpg 300,230,448,374,8 178,185,242,298,8 8,229,224,374,8 243,173,263,205,8 249,182,281,269,8 144,186,253,278,20
/media/xinje/New Volume/VOC07&12/VOC2007/train/JPEGImages/006707.jpg 252,6,417,265,8 1,2,210,294,15 118,53,362,354,19
/media/xinje/New Volume/VOC07&12/VOC2007/train/JPEGImages/006755.jpg 2,169,213,375,8 169,46,240,117,13 265,152,341,223,17 340,146,416,254,17 415,160,480,269,17
/media/xinje/New Volume/VOC07&12/VOC2007/train/JPEGImages/006845.jpg 171,257,246,331,8 257,222,298,265,8 323,224,369,272,8 352,233,402,270,8
/media/xinje/New Volume/VOC07&12/VOC2007/train/JPEGImages/006852.jpg 122,156,324,253,15 327,164,447,277,8 389,240,500,281,8
/media/xinje/New Volume/VOC07&12/VOC2007/train/JPEGImages/006887.jpg 187,107,294,190,19 60,112,178,342,19 131,161,332,358,19 303,141,426,339,19 14,166,152,351,8
/media/xinje/New Volume/VOC07&12/VOC2007/train/JPEGImages/006976.jpg 82,238,360,498,8 242,277,312,348,18 122,291,248,362,18
/media/xinje/New Volume/VOC07&12/VOC2007/train/JPEGImages/007006.jpg 2,191,499,374,20 145,247,294,374,8 278,233,390,375,8 368,219,494,371,8 75,191,146,249,8 160,188,219,231,8 219,177,263,224,8 326,174,359,215,8 373,171,403,207,8 411,174,433,199,8
/media/xinje/New Volume/VOC07&12/VOC2007/train/JPEGImages/007023.jpg 118,165,258,288,17 261,277,375,419,8 361,286,375,397,8 262,7,375,378,19 104,231,263,398,19 1,121,128,499,19
/media/xinje/New Volume/VOC07&12/VOC2007/train/JPEGImages/007064.jpg 157,261,462,375,20 104,275,165,375,8 358,298,472,375,8 464,281,500,375,8 367,226,465,365,8 220,221,279,284,8 148,227,258,375,8 47,177,136,273,8 146,181,276,257,15
/media/xinje/New Volume/VOC07&12/VOC2007/train/JPEGImages/007078.jpg 34,127,66,170,13 132,124,153,151,13 252,126,375,216,8 360,153,500,370,15
/media/xinje/New Volume/VOC07&12/VOC2007/train/JPEGImages/007093.jpg 76,74,323,299,19 70,184,235,375,8 284,179,445,375,8
/media/xinje/New Volume/VOC07&12/VOC2007/train/JPEGImages/007213.jpg 242,143,272,153,8 351,138,368,160,8 333,143,358,180,8 268,157,341,242,8 224,160,266,173,8 160,249,500,374,20 25,37,236,375,19 359,75,500,251,19
/media/xinje/New Volume/VOC07&12/VOC2007/train/JPEGImages/007219.jpg 133,185,231,273,17 1,339,224,500,8
/media/xinje/New Volume/VOC07&12/VOC2007/train/JPEGImages/007263.jpg 276,160,319,204,17 44,167,161,291,8 157,201,486,358,15
/media/xinje/New Volume/VOC07&12/VOC2007/train/JPEGImages/007327.jpg 394,259,454,340,8 298,257,361,347,8 331,233,380,265,8 145,235,187,291,8 218,240,268,304,8 263,229,294,290,8 385,213,426,239,2 246,212,310,252,2 8,236,43,280,8 136,220,162,258,8 160,213,183,253,8 122,212,142,248,8
/media/xinje/New Volume/VOC07&12/VOC2007/train/JPEGImages/007369.jpg 47,32,252,329,8 169,1,334,291,19 1,1,153,373,19 390,42,468,227,19
/media/xinje/New Volume/VOC07&12/VOC2007/train/JPEGImages/007458.jpg 330,222,500,375,8 225,146,292,189,8 97,162,212,267,8 132,157,481,375,20 224,39,291,100,17
/media/xinje/New Volume/VOC07&12/VOC2007/train/JPEGImages/007466.jpg 170,116,275,208,12 400,127,472,226,12 39,104,141,168,2 290,135,341,275,19 325,125,380,273,19 282,167,389,286,12 348,145,425,244,8 1,92,70,320,19
/media/xinje/New Volume/VOC07&12/VOC2007/train/JPEGImages/007530.jpg 39,65,163,203,17 183,61,326,167,18 1,313,136,500,8
/media/xinje/New Volume/VOC07&12/VOC2007/train/JPEGImages/007538.jpg 134,132,274,337,8
/media/xinje/New Volume/VOC07&12/VOC2007/train/JPEGImages/007544.jpg 294,109,341,142,17 340,163,482,311,8 190,188,274,344,8 124,190,192,347,8 54,206,132,372,8 57,177,118,222,8 185,171,221,217,8 2,201,225,311,20
/media/xinje/New Volume/VOC07&12/VOC2007/train/JPEGImages/007558.jpg 198,52,367,334,19 310,37,475,334,19 143,31,171,162,8 157,21,283,180,8 220,14,257,46,5 223,2,282,57,13
/media/xinje/New Volume/VOC07&12/VOC2007/train/JPEGImages/007619.jpg 245,256,342,333,8 252,219,305,244,8 135,224,196,259,8 384,143,440,291,19 191,202,251,243,13
/media/xinje/New Volume/VOC07&12/VOC2007/train/JPEGImages/007631.jpg 286,1,363,114,19 373,1,435,113,19 327,78,341,116,5 157,75,171,118,5 120,76,136,120,5 40,1,100,116,19 1,38,30,118,19 436,117,500,230,8 344,117,425,229,8 65,120,142,224,8 1,121,64,224,8 96,64,327,340,19 257,101,457,375,19 443,255,500,375,19 209,253,317,375,19 92,269,179,375,19 1,262,93,375,19 1,242,15,275,19 115,50,237,117,19
/media/xinje/New Volume/VOC07&12/VOC2007/train/JPEGImages/007735.jpg 191,68,284,295,19 4,266,366,333,20 338,234,498,333,8 240,209,384,316,8 4,200,125,296,8
/media/xinje/New Volume/VOC07&12/VOC2007/train/JPEGImages/007790.jpg 73,124,106,174,8 26,120,58,135,8 146,1,210,61,7 188,1,267,53,7 23,129,125,362,5
/media/xinje/New Volume/VOC07&12/VOC2007/train/JPEGImages/007795.jpg 7,108,153,374,19 107,118,207,305,19 163,122,224,307,19 295,151,359,269,19 334,152,408,279,19 404,154,485,322,19 258,242,304,310,13 229,167,284,234,8 264,146,285,177,13 237,98,275,174,13
/media/xinje/New Volume/VOC07&12/VOC2007/train/JPEGImages/007923.jpg 397,106,450,179,8 189,104,309,189,15 135,147,353,235,15
/media/xinje/New Volume/VOC07&12/VOC2007/train/JPEGImages/007959.jpg 148,153,263,191,15 256,151,303,192,8 121,166,176,196,8 116,178,185,210,8 102,191,212,275,8 72,223,250,355,8 46,268,274,500,8
/media/xinje/New Volume/VOC07&12/VOC2007/train/JPEGImages/008063.jpg 325,97,426,297,8 53,105,157,301,8 208,107,294,286,8
/media/xinje/New Volume/VOC07&12/VOC2007/train/JPEGImages/008076.jpg 305,258,500,373,20 262,256,376,375,8 414,329,500,374,8 157,184,194,248,8 224,163,292,230,17 198,184,344,248,15
/media/xinje/New Volume/VOC07&12/VOC2007/train/JPEGImages/008106.jpg 168,189,266,355,8 280,222,367,385,8 288,232,306,259,13 2,418,98,500,8
/media/xinje/New Volume/VOC07&12/VOC2007/train/JPEGImages/008199.jpg 97,196,148,319,8 364,85,499,375,19 1,225,35,374,13 153,227,194,290,13 140,199,195,269,13
/media/xinje/New Volume/VOC07&12/VOC2007/train/JPEGImages/008213.jpg 292,126,331,167,8 430,66,442,104,5 284,116,302,133,17 302,117,318,128,17
/media/xinje/New Volume/VOC07&12/VOC2007/train/JPEGImages/008216.jpg 280,276,315,407,13 192,317,207,350,13 202,320,216,351,13 217,322,242,365,13 245,402,298,493,8 307,381,354,421,8 201,409,270,500,8 263,422,333,500,8 227,407,374,500,20 88,308,154,500,19 158,302,197,351,19 153,321,205,479,19 46,305,68,387,19 66,312,85,385,19
/media/xinje/New Volume/VOC07&12/VOC2007/train/JPEGImages/008341.jpg 1,119,266,333,15 371,117,500,333,8 79,88,203,333,19 295,96,425,333,19 284,65,362,157,13
/media/xinje/New Volume/VOC07&12/VOC2007/train/JPEGImages/008385.jpg 1,378,327,500,20 104,196,305,454,19 269,318,354,500,8
/media/xinje/New Volume/VOC07&12/VOC2007/train/JPEGImages/008453.jpg 281,105,340,152,18 72,91,238,359,19 225,1,500,362,8
/media/xinje/New Volume/VOC07&12/VOC2007/train/JPEGImages/008462.jpg 333,248,458,375,8 157,204,240,315,8 118,195,189,290,8 79,181,138,268,8 57,175,108,245,8 12,167,69,233,8 1,163,38,221,8 37,131,50,157,17 48,132,61,161,17 61,133,87,162,17 86,134,107,167,17 100,135,129,172,17 125,138,168,179,17 174,140,218,187,17 215,147,273,199,17 297,154,369,223,17 392,163,493,245,17
/media/xinje/New Volume/VOC07&12/VOC2007/train/JPEGImages/008468.jpg 51,122,172,197,15 217,155,314,227,8 243,128,293,169,8 224,109,242,139,8 209,105,228,133,8 150,86,183,149,13
/media/xinje/New Volume/VOC07&12/VOC2007/train/JPEGImages/008628.jpg 169,31,320,173,8 89,74,159,166,8 1,137,375,500,15 1,1,250,406,19
/media/xinje/New Volume/VOC07&12/VOC2007/train/JPEGImages/008655.jpg 234,48,280,128,13 258,328,357,500,10 266,205,299,283,10 213,128,269,178,17 101,177,253,307,20 198,175,270,302,8 138,187,209,327,8 85,171,157,296,8 149,161,195,178,8
/media/xinje/New Volume/VOC07&12/VOC2007/train/JPEGImages/008760.jpg 1,213,263,375,8 104,151,334,287,15
/media/xinje/New Volume/VOC07&12/VOC2007/train/JPEGImages/008783.jpg 396,212,414,277,5 150,238,479,373,20 379,186,443,264,8 324,184,380,250,8 169,248,264,375,8 86,227,224,375,8 111,182,175,257,8
/media/xinje/New Volume/VOC07&12/VOC2007/train/JPEGImages/008814.jpg 369,172,436,266,8 189,214,277,332,8 102,191,181,321,8 127,200,362,320,20
/media/xinje/New Volume/VOC07&12/VOC2007/train/JPEGImages/008936.jpg 92,214,210,341,8 4,294,75,375,8 29,199,121,306,8 206,174,257,238,8 247,197,320,278,8 276,168,309,191,8 301,178,351,219,8 317,162,352,181,8 344,159,364,179,8 362,169,380,181,8 372,174,419,223,8 449,162,486,196,8 422,164,441,192,8
/media/xinje/New Volume/VOC07&12/VOC2007/train/JPEGImages/008948.jpg 3,159,182,323,8 251,129,367,246,8 474,123,500,201,17
/media/xinje/New Volume/VOC07&12/VOC2007/train/JPEGImages/008961.jpg 259,179,479,407,8 247,89,472,407,19 1,78,269,407,19 1,310,112,407,8 31,59,73,108,19 449,150,500,186,8
/media/xinje/New Volume/VOC07&12/VOC2007/train/JPEGImages/008975.jpg 160,174,350,359,15 24,160,135,261,8 377,120,500,375,19
/media/xinje/New Volume/VOC07&12/VOC2007/train/JPEGImages/009068.jpg 344,205,500,375,15 131,217,293,337,8 5,232,77,299,8 284,160,437,335,19 1,205,283,344,19 320,181,369,240,13
/media/xinje/New Volume/VOC07&12/VOC2007/train/JPEGImages/009123.jpg 23,172,352,375,20 270,236,443,375,8 408,215,490,373,8 47,307,175,359,8 216,96,299,192,13 304,104,493,307,19 326,102,426,241,19 266,100,333,177,19 125,100,203,197,19 54,73,110,198,19 1,89,92,301,19
/media/xinje/New Volume/VOC07&12/VOC2007/train/JPEGImages/009200.jpg 311,167,361,221,17 113,136,219,226,17 240,239,335,374,8 1,232,125,375,15
/media/xinje/New Volume/VOC07&12/VOC2007/train/JPEGImages/009290.jpg 51,57,291,266,19 345,125,372,202,5 126,61,453,208,15 2,144,58,294,8
/media/xinje/New Volume/VOC07&12/VOC2007/train/JPEGImages/009339.jpg 383,2,500,276,8 106,22,460,319,2
/media/xinje/New Volume/VOC07&12/VOC2007/train/JPEGImages/009343.jpg 167,9,419,327,19 223,165,500,334,15 18,157,242,301,8
/media/xinje/New Volume/VOC07&12/VOC2007/train/JPEGImages/009359.jpg 184,133,268,202,8 46,170,283,281,15
/media/xinje/New Volume/VOC07&12/VOC2007/train/JPEGImages/009388.jpg 314,173,386,233,17 259,153,320,219,17 234,265,417,375,8 100,177,163,252,17 54,228,73,279,5
/media/xinje/New Volume/VOC07&12/VOC2007/train/JPEGImages/009413.jpg 24,70,149,264,8 234,111,334,235,8 4,276,66,500,8 26,231,181,500,19 252,9,500,361,19 48,333,500,500,20
/media/xinje/New Volume/VOC07&12/VOC2007/train/JPEGImages/009466.jpg 157,220,398,436,8
/media/xinje/New Volume/VOC07&12/VOC2007/train/JPEGImages/009520.jpg 458,155,500,308,8 281,237,386,329,8 136,173,179,313,8 3,201,112,256,8 270,75,496,359,19 128,72,312,359,19 2,77,150,307,19
/media/xinje/New Volume/VOC07&12/VOC2007/train/JPEGImages/009526.jpg 175,314,375,500,20 215,430,323,500,8 177,356,230,500,8 215,337,252,371,8 248,324,274,355,8 273,206,295,263,19
/media/xinje/New Volume/VOC07&12/VOC2007/train/JPEGImages/009541.jpg 101,269,241,423,19 256,256,330,391,19 87,298,208,429,8 250,293,344,409,8
/media/xinje/New Volume/VOC07&12/VOC2007/train/JPEGImages/009613.jpg 227,246,290,311,8 27,285,145,315,20 108,259,195,318,15 94,266,128,291,8 78,274,141,390,8 1,288,73,407,8 39,241,60,263,19 11,253,116,383,19 170,268,253,335,8 53,263,67,297,5 64,263,75,294,5 73,264,82,298,5 78,259,87,296,5
/media/xinje/New Volume/VOC07&12/VOC2007/train/JPEGImages/009638.jpg 1,252,105,375,8 410,191,500,321,8 358,184,404,212,8 480,178,500,226,8 409,179,450,255,8 1,202,47,275,8 96,3,500,375,19 349,155,377,184,19 383,160,404,182,19 328,156,348,181,19 15,153,51,197,13 58,141,97,204,13 337,205,422,280,20
/media/xinje/New Volume/VOC07&12/VOC2007/train/JPEGImages/009659.jpg 243,4,500,375,8 81,11,371,370,19
/media/xinje/New Volume/VOC07&12/VOC2007/train/JPEGImages/009713.jpg 114,57,406,344,10 294,1,406,110,19 132,1,235,107,19 358,4,497,176,8
/media/xinje/New Volume/VOC07&12/VOC2007/train/JPEGImages/009721.jpg 91,174,278,424,8 25,150,245,474,19 1,72,113,399,19
/media/xinje/New Volume/VOC07&12/VOC2007/train/JPEGImages/009735.jpg 54,365,100,429,8
/media/xinje/New Volume/VOC07&12/VOC2007/train/JPEGImages/009792.jpg 24,151,148,358,8 151,199,374,343,8 150,152,263,303,19 251,106,347,347,19 374,168,500,351,19 457,133,500,323,19
/media/xinje/New Volume/VOC07&12/VOC2007/train/JPEGImages/009825.jpg 90,280,144,359,8
/media/xinje/New Volume/VOC07&12/VOC2007/train/JPEGImages/009828.jpg 62,190,89,231,8 52,196,89,242,8 47,207,85,254,8 35,214,86,285,8 18,239,88,312,8 2,259,89,342,8 1,304,91,413,8 1,381,78,497,8 1,201,35,229,8 79,5,286,500,19
/media/xinje/New Volume/VOC07&12/VOC2007/train/JPEGImages/009872.jpg 39,243,136,311,8 157,245,261,306,8 277,241,367,303,8 309,306,462,375,8 114,308,275,374,8 1,307,87,375,8
/media/xinje/New Volume/VOC07&12/VOC2007/train/JPEGImages/009949.jpg 128,121,500,350,15 195,241,500,375,8 25,90,427,312,19 203,81,331,218,19 235,116,279,159,19
