/media/xinje/New Volume/VOC07&12/VOC2007/train/JPEGImages/000222.jpg 178,216,303,326,20 250,237,362,375,19 114,236,227,375,19 221,223,235,266,5 234,213,245,256,5 341,149,376,216,19 158,191,185,221,19 159,177,206,230,19 252,178,311,228,19 291,193,332,241,19 318,209,373,330,19 100,206,170,342,19 444,283,500,375,19 366,243,394,375,8 367,217,390,269,8
/media/xinje/New Volume/VOC07&12/VOC2007/train/JPEGImages/000235.jpg 243,255,316,375,8 136,326,271,375,8 1,291,97,374,8 402,245,455,316,8 40,266,277,375,20 415,192,457,254,15 185,167,201,236,13
/media/xinje/New Volume/VOC07&12/VOC2007/train/JPEGImages/000349.jpg 159,131,413,362,20 321,126,479,363,8 284,76,360,144,8 100,91,206,298,8 167,161,326,375,8 2,2,89,131,17
/media/xinje/New Volume/VOC07&12/VOC2007/train/JPEGImages/000394.jpg 196,189,500,375,20 29,85,253,375,19 1,23,344,307,19 439,25,483,71,19 434,32,454,70,19
/media/xinje/New Volume/VOC07&12/VOC2007/train/JPEGImages/000550.jpg 102,213,473,375,20 380,118,443,174,8 324,160,413,221,8 150,128,233,229,8 93,172,171,288,8 18,298,252,375,8 468,268,500,375,8
/media/xinje/New Volume/VOC07&12/VOC2007/train/JPEGImages/000753.jpg 164,188,429,375,20 211,114,241,196,5 265,229,288,296,5 264,198,284,248,5 263,99,352,227,19 334,105,430,254,19 351,99,500,373,19 128,101,192,214,19 55,108,189,373,19
/media/xinje/New Volume/VOC07&12/VOC2007/train/JPEGImages/000830.jpg 124,182,352,370,20 150,221,259,375,8 252,201,348,347,8 250,175,318,248,8
/media/xinje/New Volume/VOC07&12/VOC2007/train/JPEGImages/000865.jpg 300,167,397,268,20 407,167,465,252,8 344,172,414,272,8 378,170,441,261,8 210,251,332,375,8 73,160,144,213,13 334,160,344,182,5 190,102,337,375,19 3,129,124,294,19
/media/xinje/New Volume/VOC07&12/VOC2007/train/JPEGImages/000915.jpg 26,256,274,375,20 206,71,416,375,19 94,103,284,264,19 79,194,161,265,8 143,135,184,162,8
/media/xinje/New Volume/VOC07&12/VOC2007/train/JPEGImages/000929.jpg 1,65,500,375,20 261,64,295,201,5 253,23,276,95,5 12,74,72,142,8 394,85,478,174,8 394,51,462,134,8
/media/xinje/New Volume/VOC07&12/VOC2007/train/JPEGImages/000950.jpg 97,197,143,255,8 29,228,94,326,8 329,194,375,256,8 377,221,440,303,8 52,194,438,324,20
/media/xinje/New Volume/VOC07&12/VOC2007/train/JPEGImages/000996.jpg 393,146,482,227,8 308,149,377,205,8 244,146,289,185,8 196,138,237,177,8 139,214,303,375,8 28,211,167,373,8 1,213,76,323,8 82,97,142,167,8 5,157,500,375,20 19,6,93,175,19
/media/xinje/New Volume/VOC07&12/VOC2007/train/JPEGImages/001079.jpg 188,131,285,261,19 256,147,375,269,19 372,146,475,319,19 121,138,217,283,19 2,140,144,354,19 195,1,261,165,13 1,247,480,375,20
/media/xinje/New Volume/VOC07&12/VOC2007/train/JPEGImages/001106.jpg 102,160,240,327,8 295,158,389,319,8 339,174,465,363,8 363,149,445,258,8 337,179,500,319,20
/media/xinje/New Volume/VOC07&12/VOC2007/train/JPEGImages/001174.jpg 1,273,250,375,15 315,203,380,314,8 246,213,319,330,8 143,202,187,293,8 185,208,373,325,20
/media/xinje/New Volume/VOC07&12/VOC2007/train/JPEGImages/001263.jpg 107,170,199,288,8 210,156,287,274,8 417,222,500,354,15 157,159,266,275,20
/media/xinje/New Volume/VOC07&12/VOC2007/train/JPEGImages/001393.jpg 61,194,325,375,20 2,194,78,374,8 289,140,480,375,19 291,130,400,355,19 197,124,285,199,19 15,131,133,375,19 260,164,280,213,5 232,165,246,202,5 213,164,230,209,5 206,176,221,216,5 196,189,210,232,5 134,180,250,375,19
/media/xinje/New Volume/VOC07&12/VOC2007/train/JPEGImages/001563.jpg 12,201,385,333,20 344,110,446,273,19 262,86,360,199,19 130,125,200,202,19 212,131,288,202,19 5,110,132,333,19 72,168,95,237,5 109,177,126,217,5 127,174,143,210,5 261,174,278,204,5 398,191,488,283,8
/media/xinje/New Volume/VOC07&12/VOC2007/train/JPEGImages/001633.jpg 71,177,419,373,20 206,210,388,374,8 116,165,263,364,8
/media/xinje/New Volume/VOC07&12/VOC2007/train/JPEGImages/001683.jpg 364,207,403,284,8 323,206,362,280,8 285,206,323,287,8 244,208,288,289,8 224,213,430,279,20 392,200,431,279,8
/media/xinje/New Volume/VOC07&12/VOC2007/train/JPEGImages/001777.jpg 395,46,443,198,5 430,57,500,171,8 64,58,174,119,8 5,99,497,334,20 163,22,309,113,8 93,1,194,60,13 398,114,434,219,5
/media/xinje/New Volume/VOC07&12/VOC2007/train/JPEGImages/001834.jpg 46,39,456,304,20
/media/xinje/New Volume/VOC07&12/VOC2007/train/JPEGImages/001963.jpg 157,83,337,310,19 1,103,98,337,19 246,238,276,344,5 10,248,40,355,5 243,129,272,236,5 242,19,272,124,5 5,283,499,375,20 82,234,203,325,20 92,196,171,319,8
/media/xinje/New Volume/VOC07&12/VOC2007/train/JPEGImages/002025.jpg 204,297,332,500,8 266,276,338,333,8 236,318,375,500,20
/media/xinje/New Volume/VOC07&12/VOC2007/train/JPEGImages/002061.jpg 118,2,340,120,15 395,2,500,121,15 1,167,493,374,20 78,46,194,221,19 210,96,467,298,19
/media/xinje/New Volume/VOC07&12/VOC2007/train/JPEGImages/002108.jpg 29,115,155,260,19 141,114,245,243,19 279,129,351,222,19 337,131,409,216,19 1,200,500,375,20 262,262,306,305,13 319,261,357,307,13 343,248,377,291,13
/media/xinje/New Volume/VOC07&12/VOC2007/train/JPEGImages/002156.jpg 114,213,223,370,8 226,206,323,349,8 394,193,465,278,8 15,200,118,355,8 468,191,500,238,8 33,167,300,305,20 334,100,399,285,19
/media/xinje/New Volume/VOC07&12/VOC2007/train/JPEGImages/002442.jpg 3,21,375,497,20 35,9,96,119,8 85,5,118,81,8 240,12,266,51,8 251,41,275,75,8 266,29,313,91,8 275,66,312,120,8 298,56,366,138,8 307,80,375,192,8 183,1,200,35,5 174,68,209,198,5
/media/xinje/New Volume/VOC07&12/VOC2007/train/JPEGImages/002627.jpg 101,221,238,298,15 240,229,356,342,15 22,211,79,275,17 204,300,322,347,8 29,348,122,460,8 4,335,375,500,20
/media/xinje/New Volume/VOC07&12/VOC2007/train/JPEGImages/002662.jpg 120,170,491,378,20 373,42,500,293,19 461,220,500,378,19 212,14,327,174,19 142,34,210,172,19 92,55,156,170,19 5,53,227,368,19
/media/xinje/New Volume/VOC07&12/VOC2007/train/JPEGImages/002801.jpg 2,2,500,375,20 1,1,61,91,8 110,1,224,53,8 386,240,500,375,8
/media/xinje/New Volume/VOC07&12/VOC2007/train/JPEGImages/002866.jpg 97,274,231,375,8 224,255,338,375,8 277,236,371,375,8 122,225,347,375,20
/media/xinje/New Volume/VOC07&12/VOC2007/train/JPEGImages/003042.jpg 29,115,100,180,8 178,132,248,193,8 2,94,121,147,20 169,101,321,174,20 100,187,407,366,20 323,120,500,195,20 89,85,220,294,19 321,75,496,372,19 36,182,129,343,8 132,12,167,84,19
/media/xinje/New Volume/VOC07&12/VOC2007/train/JPEGImages/003350.jpg 1,1,472,332,20 352,1,500,183,19 443,98,500,186,8
/media/xinje/New Volume/VOC07&12/VOC2007/train/JPEGImages/003452.jpg 86,300,257,471,20 173,328,325,500,8 61,282,90,414,8 70,301,185,475,8 109,267,150,306,8 213,274,247,320,8 263,287,311,338,8
/media/xinje/New Volume/VOC07&12/VOC2007/train/JPEGImages/003577.jpg 93,237,128,339,5 121,230,153,333,5 171,220,198,304,5 255,190,272,228,5 238,186,256,248,5 249,115,340,220,19 344,107,445,260,19 320,105,500,375,19 117,130,199,241,19 2,127,149,286,19 1,206,420,375,20
/media/xinje/New Volume/VOC07&12/VOC2007/train/JPEGImages/003603.jpg 160,263,318,375,19 332,245,439,375,19 415,217,479,361,19 397,142,500,347,19 256,102,383,269,19 181,133,257,223,19 106,135,140,186,19 1,93,171,375,19 95,223,417,375,20
/media/xinje/New Volume/VOC07&12/VOC2007/train/JPEGImages/003644.jpg 291,104,461,281,19 236,101,331,194,19 86,110,231,281,19 1,176,84,279,8 145,182,373,272,20 461,178,499,281,8
/media/xinje/New Volume/VOC07&12/VOC2007/train/JPEGImages/003859.jpg 188,15,227,196,5 112,1,277,128,19 1,120,375,500,20 288,9,368,133,8
/media/xinje/New Volume/VOC07&12/VOC2007/train/JPEGImages/003865.jpg 132,253,302,375,20 385,60,500,375,19 286,170,419,375,19 132,177,234,262,19 25,171,175,375,19 376,261,460,375,8 1,262,68,375,8 407,190,452,255,5 237,221,255,284,5
/media/xinje/New Volume/VOC07&12/VOC2007/train/JPEGImages/004149.jpg 157,92,330,262,18 1,89,500,375,20 194,1,303,107,8 312,5,426,116,8 157,214,500,375,8 2,14,158,375,8
/media/xinje/New Volume/VOC07&12/VOC2007/train/JPEGImages/004253.jpg 141,192,252,337,8 181,163,267,291,8 274,182,352,308,8 328,154,358,197,8 167,179,348,332,20
/media/xinje/New Volume/VOC07&12/VOC2007/train/JPEGImages/004296.jpg 34,235,322,500,20 114,65,315,236,20 161,2,310,93,20 228,26,246,57,5 188,103,220,171,5 82,2,163,98,19 45,38,148,151,19 49,86,149,220,19 1,180,144,384,19 3,384,68,497,19 255,3,353,124,19 316,24,375,260,19 315,123,375,375,19
/media/xinje/New Volume/VOC07&12/VOC2007/train/JPEGImages/004484.jpg 149,190,221,263,8 223,177,278,239,8 406,164,469,220,8 29,264,128,375,8 419,209,500,375,8 367,230,457,375,8 47,199,500,375,20 89,129,160,216,13
/media/xinje/New Volume/VOC07&12/VOC2007/train/JPEGImages/004742.jpg 2,213,500,375,20 420,207,471,354,5 245,216,274,308,5 239,188,277,293,5 297,181,334,276,5 136,176,192,207,5 276,43,344,107,13 444,157,500,220,8 339,112,500,250,19 266,102,376,238,19 114,85,261,224,19 6,104,110,230,19
/media/xinje/New Volume/VOC07&12/VOC2007/train/JPEGImages/004773.jpg 78,249,368,496,20 240,231,375,443,8 8,288,190,500,8 11,184,65,226,17
/media/xinje/New Volume/VOC07&12/VOC2007/train/JPEGImages/004857.jpg 279,71,412,361,19 51,94,198,361,19 362,55,381,118,19 397,66,415,107,19 406,78,423,111,19 419,83,442,124,19 121,181,326,369,20 383,149,469,209,20 419,127,500,166,20 362,107,425,146,20 486,88,500,138,19 339,153,487,372,8 1,160,154,374,8 317,212,500,375,8 1,214,51,375,8
/media/xinje/New Volume/VOC07&12/VOC2007/train/JPEGImages/004976.jpg 311,108,476,221,19 224,98,350,226,19 177,132,247,263,19 43,139,196,332,19 128,193,500,338,20
/media/xinje/New Volume/VOC07&12/VOC2007/train/JPEGImages/004991.jpg 53,139,404,375,20 327,20,357,91,13 284,107,464,372,8 1,127,243,375,8 270,76,374,162,8 61,85,160,167,8
/media/xinje/New Volume/VOC07&12/VOC2007/train/JPEGImages/005191.jpg 62,128,500,285,20 33,206,445,375,20 470,125,500,184,8 381,120,433,158,8 205,108,249,134,8 24,143,85,223,8 99,144,151,216,8 160,142,210,208,8 207,126,245,223,8 237,127,268,230,8 254,131,292,242,8 282,142,358,278,8 347,153,426,330,8 414,171,500,374,8 340,230,451,344,8 271,213,336,276,8
/media/xinje/New Volume/VOC07&12/VOC2007/train/JPEGImages/005345.jpg 161,158,180,224,5 2,198,375,500,20 144,132,211,196,8 286,155,333,258,8 318,182,375,321,8
/media/xinje/New Volume/VOC07&12/VOC2007/train/JPEGImages/005451.jpg 238,103,375,500,19 156,357,237,466,19 131,372,162,410,19 78,362,137,479,19 15,358,78,454,19 80,396,220,495,20
/media/xinje/New Volume/VOC07&12/VOC2007/train/JPEGImages/005467.jpg 345,107,408,303,5 471,72,500,259,19 402,64,498,241,19 347,71,427,184,19 38,21,220,375,19 1,14,36,375,19 111,192,500,375,20
/media/xinje/New Volume/VOC07&12/VOC2007/train/JPEGImages/005591.jpg 114,257,430,375,20 347,327,429,375,8 362,237,414,280,8 312,234,351,271,8 240,230,261,265,8 200,228,220,241,8 77,217,128,251,8 67,243,103,359,8 86,245,129,374,8 112,248,166,375,8 147,257,210,372,8 190,261,282,375,8
/media/xinje/New Volume/VOC07&12/VOC2007/train/JPEGImages/005686.jpg 364,215,465,363,8 299,200,404,349,8 289,191,500,356,20
/media/xinje/New Volume/VOC07&12/VOC2007/train/JPEGImages/005704.jpg 387,174,500,255,20 327,263,500,375,20 7,162,134,290,20 437,113,492,178,19 352,130,433,273,19 279,198,390,307,19 270,232,408,374,19 197,294,322,375,19 74,82,220,302,19 58,121,100,173,19 7,131,57,179,19 1,143,32,375,19
/media/xinje/New Volume/VOC07&12/VOC2007/train/JPEGImages/005710.jpg 259,244,334,333,8 286,217,329,263,8 318,203,332,237,8 351,217,367,240,8 348,211,387,280,8 236,193,319,268,20
/media/xinje/New Volume/VOC07&12/VOC2007/train/JPEGImages/005803.jpg 67,156,433,273,20
/media/xinje/New Volume/VOC07&12/VOC2007/train/JPEGImages/005920.jpg 366,223,446,282,15 15,265,350,375,20 68,298,128,341,8 154,276,191,312,8 199,264,231,294,8 292,255,334,277,8 302,272,349,375,8 220,294,309,375,8 233,314,281,374,8
/media/xinje/New Volume/VOC07&12/VOC2007/train/JPEGImages/006030.jpg 73,241,186,375,8 167,220,252,375,8 205,199,263,375,8 32,202,102,279,8 1,240,291,375,20
/media/xinje/New Volume/VOC07&12/VOC2007/train/JPEGImages/006140.jpg 181,189,495,333,20 275,149,338,220,19 344,153,408,241,19 387,147,500,291,19 5,3,205,333,19 178,95,241,190,19 72,54,183,204,19
/media/xinje/New Volume/VOC07&12/VOC2007/train/JPEGImages/006381.jpg 246,251,265,295,5 5,209,125,375,19 323,198,435,365,19 267,185,353,290,19 250,126,289,167,19 3,163,56,305,19 82,155,157,295,19 127,135,207,276,19 204,130,227,171,19 217,132,260,234,19 306,126,337,172,19 347,139,363,176,19 77,266,420,375,20 244,167,362,219,20 394,253,489,358,8 210,170,266,238,8 322,175,361,224,8
/media/xinje/New Volume/VOC07&12/VOC2007/train/JPEGImages/006447.jpg 147,129,183,148,8 133,163,189,232,8 190,139,257,232,8 8,144,86,233,8 97,141,242,233,20 70,32,105,104,13
/media/xinje/New Volume/VOC07&12/VOC2007/train/JPEGImages/006503.jpg 435,84,461,159,5 394,80,416,137,5 474,116,500,186,5 307,109,474,327,19 219,86,350,270,19 1,60,100,247,19 3,201,479,375,20
/media/xinje/New Volume/VOC07&12/VOC2007/train/JPEGImages/006627.jpg 334,79,436,188,8 466,104,500,140,13 261,93,373,190,13 1,130,462,333,20
/media/xinje/New Volume/VOC07&12/VOC2007/train/JPEGImages/006658.jpg 119,158,382,345,20 160,99,204,186,19 200,104,264,205,19 259,102,327,209,19 304,117,387,219,19 362,131,415,222,19 288,145,490,375,19 1,96,71,269,19 39,86,137,239,19 79,121,297,372,19 1,215,72,373,8 97,250,198,375,8 26,232,82,374,8
/media/xinje/New Volume/VOC07&12/VOC2007/train/JPEGImages/006689.jpg 300,230,448,374,8 178,185,242,298,8 8,229,224,374,8 243,173,263,205,8 249,182,281,269,8 144,186,253,278,20
/media/xinje/New Volume/VOC07&12/VOC2007/train/JPEGImages/006731.jpg 401,120,466,333,5 175,46,352,279,19 55,78,192,273,19 1,259,500,375,20
/media/xinje/New Volume/VOC07&12/VOC2007/train/JPEGImages/006912.jpg 2,74,500,375,20 443,59,500,215,19 235,1,267,84,5 1,75,93,142,8
/media/xinje/New Volume/VOC07&12/VOC2007/train/JPEGImages/007006.jpg 2,191,499,374,20 145,247,294,374,8 278,233,390,375,8 368,219,494,371,8 75,191,146,249,8 160,188,219,231,8 219,177,263,224,8 326,174,359,215,8 373,171,403,207,8 411,174,433,199,8
/media/xinje/New Volume/VOC07&12/VOC2007/train/JPEGImages/007064.jpg 157,261,462,375,20 104,275,165,375,8 358,298,472,375,8 464,281,500,375,8 367,226,465,365,8 220,221,279,284,8 148,227,258,375,8 47,177,136,273,8 146,181,276,257,15
/media/xinje/New Volume/VOC07&12/VOC2007/train/JPEGImages/007177.jpg 5,194,333,500,20 114,151,136,238,5 281,190,333,344,8
/media/xinje/New Volume/VOC07&12/VOC2007/train/JPEGImages/007373.jpg 1,178,493,375,20 453,84,500,143,20 74,106,295,177,20 270,326,450,375,8 460,160,500,259,8 327,145,410,185,8 194,145,270,185,8 40,156,120,207,8 7,123,42,209,8 6,108,29,121,8 51,99,86,156,8 72,128,141,175,8 189,130,254,178,8 296,114,338,176,8 337,104,355,148,8 302,96,337,117,8 238,92,270,112,8 128,94,171,108,8 389,89,433,184,8 432,96,479,200,8 398,82,417,111,8 431,81,471,96,8
/media/xinje/New Volume/VOC07&12/VOC2007/train/JPEGImages/007458.jpg 330,222,500,375,8 225,146,292,189,8 97,162,212,267,8 132,157,481,375,20 224,39,291,100,17
/media/xinje/New Volume/VOC07&12/VOC2007/train/JPEGImages/007544.jpg 294,109,341,142,17 340,163,482,311,8 190,188,274,344,8 124,190,192,347,8 54,206,132,372,8 57,177,118,222,8 185,171,221,217,8 2,201,225,311,20
/media/xinje/New Volume/VOC07&12/VOC2007/train/JPEGImages/007572.jpg 479,195,500,317,20 2,97,315,234,20 213,51,233,106,5 171,68,192,137,5 184,64,204,135,5 40,100,67,181,5 19,99,38,174,5 55,93,82,156,5 312,93,348,148,8 285,110,334,177,8 224,127,273,267,8 164,148,222,194,8 412,157,433,169,8 440,127,485,227,8 473,104,500,205,8 477,90,500,110,8 265,46,491,333,19 4,53,235,331,19
/media/xinje/New Volume/VOC07&12/VOC2007/train/JPEGImages/007735.jpg 191,68,284,295,19 4,266,366,333,20 338,234,498,333,8 240,209,384,316,8 4,200,125,296,8
/media/xinje/New Volume/VOC07&12/VOC2007/train/JPEGImages/007777.jpg 2,196,370,374,20 1,105,102,242,19 178,85,291,228,19 300,130,407,288,19 370,172,500,374,19
/media/xinje/New Volume/VOC07&12/VOC2007/train/JPEGImages/007872.jpg 3,143,500,333,20 2,42,175,302,19 134,113,196,192,19 153,78,217,160,19 192,91,223,159,19 180,22,229,141,19 348,88,450,180,19 379,18,500,237,19
/media/xinje/New Volume/VOC07&12/VOC2007/train/JPEGImages/008072.jpg 81,191,329,322,20 293,106,348,175,19 385,109,450,182,19 272,127,397,318,19 135,102,203,198,19 189,92,257,185,19 68,99,154,212,19 3,97,148,325,19 273,233,439,325,8 370,182,433,250,8
/media/xinje/New Volume/VOC07&12/VOC2007/train/JPEGImages/008076.jpg 305,258,500,373,20 262,256,376,375,8 414,329,500,374,8 157,184,194,248,8 224,163,292,230,17 198,184,344,248,15
/media/xinje/New Volume/VOC07&12/VOC2007/train/JPEGImages/008127.jpg 193,224,500,334,20 208,186,244,334,8 268,109,341,205,13 346,129,449,247,19 225,149,328,255,19 58,77,178,334,19
/media/xinje/New Volume/VOC07&12/VOC2007/train/JPEGImages/008216.jpg 280,276,315,407,13 192,317,207,350,13 202,320,216,351,13 217,322,242,365,13 245,402,298,493,8 307,381,354,421,8 201,409,270,500,8 263,422,333,500,8 227,407,374,500,20 88,308,154,500,19 158,302,197,351,19 153,321,205,479,19 46,305,68,387,19 66,312,85,385,19
/media/xinje/New Volume/VOC07&12/VOC2007/train/JPEGImages/008385.jpg 1,378,327,500,20 104,196,305,454,19 269,318,354,500,8
/media/xinje/New Volume/VOC07&12/VOC2007/train/JPEGImages/008470.jpg 151,175,500,375,20 397,114,500,281,19 284,77,421,228,19 63,138,235,375,19 1,73,104,341,19 1,291,61,375,8
/media/xinje/New Volume/VOC07&12/VOC2007/train/JPEGImages/008529.jpg 1,349,265,500,20 109,196,277,439,20 4,189,150,367,19 62,170,142,293,19 114,157,191,277,19 177,150,248,234,19 247,157,330,251,19 320,182,375,236,19 266,194,375,425,19 242,312,375,500,19 8,108,45,172,19
/media/xinje/New Volume/VOC07&12/VOC2007/train/JPEGImages/008655.jpg 234,48,280,128,13 258,328,357,500,10 266,205,299,283,10 213,128,269,178,17 101,177,253,307,20 198,175,270,302,8 138,187,209,327,8 85,171,157,296,8 149,161,195,178,8
/media/xinje/New Volume/VOC07&12/VOC2007/train/JPEGImages/008783.jpg 396,212,414,277,5 150,238,479,373,20 379,186,443,264,8 324,184,380,250,8 169,248,264,375,8 86,227,224,375,8 111,182,175,257,8
/media/xinje/New Volume/VOC07&12/VOC2007/train/JPEGImages/008814.jpg 369,172,436,266,8 189,214,277,332,8 102,191,181,321,8 127,200,362,320,20
/media/xinje/New Volume/VOC07&12/VOC2007/train/JPEGImages/008932.jpg 60,126,156,375,19 139,92,230,375,19 221,121,311,302,19 301,81,390,303,19 199,298,466,375,20
/media/xinje/New Volume/VOC07&12/VOC2007/train/JPEGImages/009123.jpg 23,172,352,375,20 270,236,443,375,8 408,215,490,373,8 47,307,175,359,8 216,96,299,192,13 304,104,493,307,19 326,102,426,241,19 266,100,333,177,19 125,100,203,197,19 54,73,110,198,19 1,89,92,301,19
/media/xinje/New Volume/VOC07&12/VOC2007/train/JPEGImages/009299.jpg 88,224,500,333,20 401,62,500,313,19 266,65,403,280,19 1,47,115,308,19 194,1,225,55,5 279,1,301,56,5 14,15,28,54,5
/media/xinje/New Volume/VOC07&12/VOC2007/train/JPEGImages/009413.jpg 24,70,149,264,8 234,111,334,235,8 4,276,66,500,8 26,231,181,500,19 252,9,500,361,19 48,333,500,500,20
/media/xinje/New Volume/VOC07&12/VOC2007/train/JPEGImages/009420.jpg 1,234,404,375,20 221,21,234,62,5 275,38,295,73,5 152,149,216,257,19 213,224,270,276,8 288,232,369,298,8 70,266,166,375,8 4,242,65,375,8
/media/xinje/New Volume/VOC07&12/VOC2007/train/JPEGImages/009526.jpg 175,314,375,500,20 215,430,323,500,8 177,356,230,500,8 215,337,252,371,8 248,324,274,355,8 273,206,295,263,19
/media/xinje/New Volume/VOC07&12/VOC2007/train/JPEGImages/009577.jpg 85,77,181,229,19 1,78,128,363,19 340,87,495,279,19 230,102,297,156,8 84,160,495,375,20
/media/xinje/New Volume/VOC07&12/VOC2007/train/JPEGImages/009638.jpg 1,252,105,375,8 410,191,500,321,8 358,184,404,212,8 480,178,500,226,8 409,179,450,255,8 1,202,47,275,8 96,3,500,375,19 349,155,377,184,19 383,160,404,182,19 328,156,348,181,19 15,153,51,197,13 58,141,97,204,13 337,205,422,280,20
