/media/xinje/New Volume/VOC07&12/VOC2007/train/JPEGImages/000163.jpg 52,22,308,328,19 26,108,456,396,12
/media/xinje/New Volume/VOC07&12/VOC2007/train/JPEGImages/000164.jpg 114,154,369,348,12 292,49,446,370,19
/media/xinje/New Volume/VOC07&12/VOC2007/train/JPEGImages/000219.jpg 120,333,310,464,12
/media/xinje/New Volume/VOC07&12/VOC2007/train/JPEGImages/000463.jpg 196,77,301,165,12 221,47,283,161,19 482,42,500,73,7
/media/xinje/New Volume/VOC07&12/VOC2007/train/JPEGImages/000525.jpg 440,161,500,242,12 97,159,218,226,12 443,116,500,217,19 104,113,169,219,19
/media/xinje/New Volume/VOC07&12/VOC2007/train/JPEGImages/000583.jpg 13,87,490,248,12 239,31,348,105,12 233,29,319,81,19 111,56,129,112,19 132,54,152,94,19 156,59,171,75,19
/media/xinje/New Volume/VOC07&12/VOC2007/train/JPEGImages/000685.jpg 16,2,498,374,12
/media/xinje/New Volume/VOC07&12/VOC2007/train/JPEGImages/000733.jpg 48,25,273,383,19 103,201,448,435,12
/media/xinje/New Volume/VOC07&12/VOC2007/train/JPEGImages/000770.jpg 125,167,431,375,9 134,65,227,366,19 1,131,42,266,2 229,128,475,361,12
/media/xinje/New Volume/VOC07&12/VOC2007/train/JPEGImages/000822.jpg 98,165,230,346,12 231,168,353,323,12
/media/xinje/New Volume/VOC07&12/VOC2007/train/JPEGImages/000851.jpg 103,130,402,311,12 174,69,302,335,19
/media/xinje/New Volume/VOC07&12/VOC2007/train/JPEGImages/000892.jpg 350,191,427,375,19 190,212,344,375,12
/media/xinje/New Volume/VOC07&12/VOC2007/train/JPEGImages/000987.jpg 199,19,390,401,19 217,15,270,157,19 393,18,432,162,19 1,15,226,276,7 19,95,458,443,12
/media/xinje/New Volume/VOC07&12/VOC2007/train/JPEGImages/001008.jpg 220,154,300,280,12
/media/xinje/New Volume/VOC07&12/VOC2007/train/JPEGImages/001068.jpg 33,23,461,316,12
/media/xinje/New Volume/VOC07&12/VOC2007/train/JPEGImages/001171.jpg 156,223,322,331,12 4,59,66,243,19 144,85,229,251,19 290,66,479,331,19
/media/xinje/New Volume/VOC07&12/VOC2007/train/JPEGImages/001333.jpg 156,176,203,242,12 189,127,215,197,19 155,139,202,196,19
/media/xinje/New Volume/VOC07&12/VOC2007/train/JPEGImages/001426.jpg 4,185,331,498,12 3,3,222,498,19 188,3,240,88,19 231,1,257,70,19 11,3,53,76,19
/media/xinje/New Volume/VOC07&12/VOC2007/train/JPEGImages/001450.jpg 183,70,330,253,19 185,110,336,251,12
/media/xinje/New Volume/VOC07&12/VOC2007/train/JPEGImages/001485.jpg 43,105,334,300,12 109,33,251,299,19 45,183,169,333,19
/media/xinje/New Volume/VOC07&12/VOC2007/train/JPEGImages/001532.jpg 105,170,180,205,7 187,186,232,207,7 166,165,234,204,6 265,152,327,216,6 225,168,262,216,12 295,184,313,215,12 354,193,368,219,12 226,130,262,196,19 296,159,317,205,19 351,169,371,212,19
/media/xinje/New Volume/VOC07&12/VOC2007/train/JPEGImages/001688.jpg 61,11,415,373,12
/media/xinje/New Volume/VOC07&12/VOC2007/train/JPEGImages/001723.jpg 82,192,308,476,12 78,11,309,372,19
/media/xinje/New Volume/VOC07&12/VOC2007/train/JPEGImages/001765.jpg 75,7,387,353,12
/media/xinje/New Volume/VOC07&12/VOC2007/train/JPEGImages/001780.jpg 152,75,395,255,12 232,3,500,165,7 1,26,119,166,7 1,1,160,61,7 255,1,357,29,7
/media/xinje/New Volume/VOC07&12/VOC2007/train/JPEGImages/001903.jpg 93,142,358,333,12 290,148,351,177,2 104,74,258,310,19
/media/xinje/New Volume/VOC07&12/VOC2007/train/JPEGImages/001928.jpg 7,82,404,419,12
/media/xinje/New Volume/VOC07&12/VOC2007/train/JPEGImages/001941.jpg 118,46,500,310,12 291,2,472,272,19
/media/xinje/New Volume/VOC07&12/VOC2007/train/JPEGImages/002104.jpg 224,16,380,330,19 38,82,478,302,12
/media/xinje/New Volume/VOC07&12/VOC2007/train/JPEGImages/002155.jpg 38,19,499,303,12
/media/xinje/New Volume/VOC07&12/VOC2007/train/JPEGImages/002172.jpg 263,273,320,347,12 270,244,313,320,19 126,262,176,354,19
/media/xinje/New Volume/VOC07&12/VOC2007/train/JPEGImages/002191.jpg 1,4,500,374,12
/media/xinje/New Volume/VOC07&12/VOC2007/train/JPEGImages/002260.jpg 107,61,447,287,12
/media/xinje/New Volume/VOC07&12/VOC2007/train/JPEGImages/002318.jpg 29,167,188,340,12
/media/xinje/New Volume/VOC07&12/VOC2007/train/JPEGImages/002419.jpg 113,106,379,262,12 160,56,277,215,19
/media/xinje/New Volume/VOC07&12/VOC2007/train/JPEGImages/002458.jpg 22,150,102,203,12 39,131,69,185,19
/media/xinje/New Volume/VOC07&12/VOC2007/train/JPEGImages/002519.jpg 55,2,476,375,12
/media/xinje/New Volume/VOC07&12/VOC2007/train/JPEGImages/002599.jpg 70,43,425,364,12 1,100,161,316,12
/media/xinje/New Volume/VOC07&12/VOC2007/train/JPEGImages/002666.jpg 3,174,299,448,12 294,232,334,351,7
/media/xinje/New Volume/VOC07&12/VOC2007/train/JPEGImages/002759.jpg 75,82,413,310,12 342,90,500,175,7 256,94,372,153,7 443,67,478,181,19 475,76,500,116,19
/media/xinje/New Volume/VOC07&12/VOC2007/train/JPEGImages/002795.jpg 311,146,320,161,19 96,149,107,170,19 101,248,121,295,19 205,193,228,236,19 196,204,256,249,12
/media/xinje/New Volume/VOC07&12/VOC2007/train/JPEGImages/002807.jpg 76,114,395,449,12 126,33,378,384,19
/media/xinje/New Volume/VOC07&12/VOC2007/train/JPEGImages/002848.jpg 201,15,278,82,12
/media/xinje/New Volume/VOC07&12/VOC2007/train/JPEGImages/002870.jpg 62,110,184,325,12 68,15,179,280,19 231,138,271,241,19 334,185,426,259,19 457,135,491,249,19 309,157,329,235,19 384,158,411,231,19 408,157,441,188,19 16,143,56,233,19 411,179,449,252,12 210,189,281,242,12 171,206,212,236,12 1,189,22,237,19
/media/xinje/New Volume/VOC07&12/VOC2007/train/JPEGImages/003124.jpg 54,29,475,325,12 402,1,500,158,19 308,2,395,125,19 1,1,47,119,19 43,1,87,92,19 103,5,298,122,12 190,1,277,121,19
/media/xinje/New Volume/VOC07&12/VOC2007/train/JPEGImages/003336.jpg 3,61,242,375,12 291,21,419,91,12 144,29,247,89,12
/media/xinje/New Volume/VOC07&12/VOC2007/train/JPEGImages/003367.jpg 1,174,38,253,19 3,200,22,316,19 15,213,111,302,12 354,167,389,267,13 387,130,418,170,13 422,128,447,171,13 447,142,473,174,13 476,142,496,173,13
/media/xinje/New Volume/VOC07&12/VOC2007/train/JPEGImages/003396.jpg 14,84,376,330,12 192,75,387,330,12 124,50,371,279,19 287,37,427,164,19
/media/xinje/New Volume/VOC07&12/VOC2007/train/JPEGImages/003412.jpg 60,131,332,500,12 131,62,332,440,19
/media/xinje/New Volume/VOC07&12/VOC2007/train/JPEGImages/003539.jpg 78,149,213,349,12 298,144,417,341,12 422,123,493,231,12 294,75,432,316,19 82,64,226,327,19 412,78,461,201,19
/media/xinje/New Volume/VOC07&12/VOC2007/train/JPEGImages/003576.jpg 2,108,100,211,6 200,69,500,231,6 366,137,500,241,12 407,100,480,219,19 126,112,157,193,19 171,112,203,192,19 245,111,271,143,19 224,116,246,144,19
/media/xinje/New Volume/VOC07&12/VOC2007/train/JPEGImages/003585.jpg 138,183,259,411,19 89,244,291,425,12
/media/xinje/New Volume/VOC07&12/VOC2007/train/JPEGImages/003824.jpg 78,22,272,369,19 61,145,301,451,12 1,43,332,255,7
/media/xinje/New Volume/VOC07&12/VOC2007/train/JPEGImages/003849.jpg 170,175,301,267,12 214,163,277,259,19 348,188,369,235,19
/media/xinje/New Volume/VOC07&12/VOC2007/train/JPEGImages/004033.jpg 70,7,120,138,19 120,36,217,168,12 183,2,326,196,12 189,1,447,280,12
/media/xinje/New Volume/VOC07&12/VOC2007/train/JPEGImages/004067.jpg 125,155,171,190,12 211,152,263,184,12 285,148,337,182,12 147,137,174,183,19 235,137,263,176,19 312,136,337,178,19
/media/xinje/New Volume/VOC07&12/VOC2007/train/JPEGImages/004215.jpg 8,2,405,374,12
/media/xinje/New Volume/VOC07&12/VOC2007/train/JPEGImages/004255.jpg 1,76,60,162,12 39,2,132,24,12 192,1,260,37,12 250,1,336,44,12 367,1,418,59,12 1,3,446,371,12
/media/xinje/New Volume/VOC07&12/VOC2007/train/JPEGImages/004283.jpg 153,1,375,499,12
/media/xinje/New Volume/VOC07&12/VOC2007/train/JPEGImages/004300.jpg 79,201,235,317,12
/media/xinje/New Volume/VOC07&12/VOC2007/train/JPEGImages/004338.jpg 69,75,450,313,12
/media/xinje/New Volume/VOC07&12/VOC2007/train/JPEGImages/004361.jpg 453,172,500,301,12 298,119,453,278,12 186,109,332,289,12 38,120,169,279,12 69,38,102,128,19
/media/xinje/New Volume/VOC07&12/VOC2007/train/JPEGImages/004604.jpg 2,52,172,188,7 265,58,309,104,19 145,48,171,85,19 411,19,477,272,19 313,1,430,315,19 182,103,332,174,12 58,132,394,280,12
/media/xinje/New Volume/VOC07&12/VOC2007/train/JPEGImages/004687.jpg 98,83,383,321,12 145,34,288,316,19 403,84,436,170,19 442,100,500,161,7
/media/xinje/New Volume/VOC07&12/VOC2007/train/JPEGImages/004694.jpg 49,71,203,255,19 95,185,202,466,12
/media/xinje/New Volume/VOC07&12/VOC2007/train/JPEGImages/004836.jpg 1,147,474,446,12
/media/xinje/New Volume/VOC07&12/VOC2007/train/JPEGImages/004882.jpg 93,142,184,274,12 197,69,446,330,12 153,126,312,333,19
/media/xinje/New Volume/VOC07&12/VOC2007/train/JPEGImages/005093.jpg 106,163,333,397,12 202,61,333,330,19 95,215,128,253,19
/media/xinje/New Volume/VOC07&12/VOC2007/train/JPEGImages/005156.jpg 57,131,412,360,12 171,50,337,346,19 8,111,166,239,7 2,91,31,231,7
/media/xinje/New Volume/VOC07&12/VOC2007/train/JPEGImages/005173.jpg 13,67,227,255,12 285,64,492,264,12 230,45,458,256,19 17,32,192,247,19 406,7,460,144,19 131,23,195,128,19 261,13,312,67,19 282,1,344,69,19 87,18,138,66,19 1,3,36,105,19 459,28,500,141,19 349,1,395,76,19 391,1,419,54,19 174,1,215,80,19 135,1,175,33,19 109,1,142,53,19 63,1,107,60,19
/media/xinje/New Volume/VOC07&12/VOC2007/train/JPEGImages/005215.jpg 62,2,500,375,12
/media/xinje/New Volume/VOC07&12/VOC2007/train/JPEGImages/005258.jpg 1,1,500,315,12
/media/xinje/New Volume/VOC07&12/VOC2007/train/JPEGImages/005260.jpg 223,57,331,189,19 35,55,171,191,19 171,91,325,194,12 16,88,167,207,12
/media/xinje/New Volume/VOC07&12/VOC2007/train/JPEGImages/005414.jpg 59,105,217,333,12 265,121,443,333,12 196,40,290,330,19 283,55,433,330,19 432,95,487,150,12
/media/xinje/New Volume/VOC07&12/VOC2007/train/JPEGImages/005448.jpg 1,58,100,180,6 405,113,461,206,19 291,114,355,218,19 218,122,272,201,19 154,117,207,182,19 101,115,146,193,19 37,109,91,187,19 396,150,467,219,12 284,147,353,219,12 218,150,279,216,12 153,152,213,212,12 96,144,160,208,12 34,138,100,205,12
/media/xinje/New Volume/VOC07&12/VOC2007/train/JPEGImages/005783.jpg 70,173,202,260,12 239,162,416,271,12
/media/xinje/New Volume/VOC07&12/VOC2007/train/JPEGImages/005884.jpg 56,36,370,324,12 81,39,245,212,19
/media/xinje/New Volume/VOC07&12/VOC2007/train/JPEGImages/005951.jpg 185,62,498,301,12 329,36,468,272,19
/media/xinje/New Volume/VOC07&12/VOC2007/train/JPEGImages/005990.jpg 97,1,397,372,12 373,184,500,375,19 362,179,454,276,19
/media/xinje/New Volume/VOC07&12/VOC2007/train/JPEGImages/006038.jpg 176,220,256,257,7 356,221,388,246,7 442,226,476,240,7 373,233,447,315,12 379,195,429,290,19 397,203,443,292,19
/media/xinje/New Volume/VOC07&12/VOC2007/train/JPEGImages/006177.jpg 113,233,157,284,12 120,209,154,273,19 224,234,261,268,9 360,245,403,282,9
/media/xinje/New Volume/VOC07&12/VOC2007/train/JPEGImages/006236.jpg 4,204,339,423,12 1,208,61,350,12 302,235,375,500,12 98,115,220,441,19
/media/xinje/New Volume/VOC07&12/VOC2007/train/JPEGImages/006243.jpg 1,178,366,375,12 38,97,500,324,12 75,52,138,250,19 205,68,246,149,19 266,37,314,192,19 347,37,385,195,19 416,43,463,202,19 132,50,170,159,19 313,46,349,181,19
/media/xinje/New Volume/VOC07&12/VOC2007/train/JPEGImages/006272.jpg 71,217,146,347,19 72,269,133,382,12
/media/xinje/New Volume/VOC07&12/VOC2007/train/JPEGImages/006476.jpg 133,198,146,238,19 256,98,447,367,19 217,200,479,367,12
/media/xinje/New Volume/VOC07&12/VOC2007/train/JPEGImages/006550.jpg 44,180,289,330,12 290,141,355,322,19 207,114,283,223,19 338,150,379,316,19 12,196,61,305,2 433,195,491,259,2 460,273,480,302,19
/media/xinje/New Volume/VOC07&12/VOC2007/train/JPEGImages/006822.jpg 67,8,334,496,12 296,157,333,221,7
/media/xinje/New Volume/VOC07&12/VOC2007/train/JPEGImages/006839.jpg 29,13,459,351,12
/media/xinje/New Volume/VOC07&12/VOC2007/train/JPEGImages/006874.jpg 242,244,372,326,12 364,45,401,61,4 111,168,169,211,12 202,317,252,375,19 259,213,321,298,19 128,151,164,200,19 71,110,86,161,19 330,75,341,100,19 349,73,358,99,19 356,76,365,98,19
/media/xinje/New Volume/VOC07&12/VOC2007/train/JPEGImages/007073.jpg 1,50,497,346,12 28,18,343,351,19
/media/xinje/New Volume/VOC07&12/VOC2007/train/JPEGImages/007150.jpg 1,96,98,371,19 277,67,498,374,19 225,75,348,277,19 79,195,499,374,12
/media/xinje/New Volume/VOC07&12/VOC2007/train/JPEGImages/007271.jpg 51,129,352,268,6 413,204,427,234,19 91,214,138,281,19 58,235,160,301,12
/media/xinje/New Volume/VOC07&12/VOC2007/train/JPEGImages/007305.jpg 343,113,463,181,12 58,134,213,233,12 128,113,188,234,19 398,85,445,184,19 442,65,489,99,7 393,74,434,99,7 347,63,408,101,7 303,67,348,102,7 263,70,305,101,7 219,72,263,103,7 147,84,175,103,12 104,75,165,105,7 53,82,108,104,7 22,81,72,105,7 1,81,38,106,7
/media/xinje/New Volume/VOC07&12/VOC2007/train/JPEGImages/007466.jpg 170,116,275,208,12 400,127,472,226,12 39,104,141,168,2 290,135,341,275,19 325,125,380,273,19 282,167,389,286,12 348,145,425,244,8 1,92,70,320,19
/media/xinje/New Volume/VOC07&12/VOC2007/train/JPEGImages/007911.jpg 21,38,461,488,12 144,28,163,78,19 236,26,259,83,19 220,22,239,64,19 204,23,220,83,19 79,35,99,81,19 43,39,61,83,19 299,24,316,76,19 324,25,337,74,19 364,25,384,81,19 377,21,392,75,19 396,26,417,84,19 479,36,490,94,19 1,34,12,73,19
/media/xinje/New Volume/VOC07&12/VOC2007/train/JPEGImages/008008.jpg 189,79,336,237,12 130,1,217,35,12 194,35,334,226,19
/media/xinje/New Volume/VOC07&12/VOC2007/train/JPEGImages/008108.jpg 27,235,62,300,12 97,229,130,303,12 64,216,87,294,19 80,209,109,300,19 199,202,234,319,19 376,207,402,291,19 439,216,461,248,19 153,240,182,303,12 173,234,202,291,12 436,248,465,298,12 174,218,189,249,19 240,223,356,324,7
/media/xinje/New Volume/VOC07&12/VOC2007/train/JPEGImages/008250.jpg 246,157,343,305,12 119,188,261,308,12
/media/xinje/New Volume/VOC07&12/VOC2007/train/JPEGImages/008312.jpg 36,143,266,440,12 173,79,341,401,19
/media/xinje/New Volume/VOC07&12/VOC2007/train/JPEGImages/008315.jpg 165,160,456,312,6 454,234,500,272,7 477,238,500,297,7 365,245,406,319,19 359,270,408,341,12
/media/xinje/New Volume/VOC07&12/VOC2007/train/JPEGImages/008595.jpg 94,103,219,269,12 165,2,500,333,12
/media/xinje/New Volume/VOC07&12/VOC2007/train/JPEGImages/008676.jpg 415,199,478,279,12 245,256,345,334,12 182,217,232,308,12 53,223,106,292,12 125,153,249,238,7 8,166,23,215,7 411,140,481,251,19 252,143,343,327,19 167,141,246,276,19 44,151,109,276,19 50,143,120,267,19 29,156,48,200,19 14,154,34,198,19
/media/xinje/New Volume/VOC07&12/VOC2007/train/JPEGImages/008979.jpg 36,41,443,351,12 40,31,239,322,19
/media/xinje/New Volume/VOC07&12/VOC2007/train/JPEGImages/009004.jpg 40,60,454,317,12 177,2,317,88,12 231,2,408,90,12 315,3,495,145,12
/media/xinje/New Volume/VOC07&12/VOC2007/train/JPEGImages/009049.jpg 283,75,440,262,12 51,79,359,327,12 227,11,345,122,19 100,16,248,269,19
/media/xinje/New Volume/VOC07&12/VOC2007/train/JPEGImages/009160.jpg 177,142,393,317,12 290,47,373,156,19
/media/xinje/New Volume/VOC07&12/VOC2007/train/JPEGImages/009191.jpg 29,23,487,325,12
/media/xinje/New Volume/VOC07&12/VOC2007/train/JPEGImages/009209.jpg 139,105,274,213,12 146,86,225,202,19
/media/xinje/New Volume/VOC07&12/VOC2007/train/JPEGImages/009230.jpg 126,46,326,250,19 1,100,361,375,12
/media/xinje/New Volume/VOC07&12/VOC2007/train/JPEGImages/009259.jpg 211,98,295,192,19 167,121,339,232,12
/media/xinje/New Volume/VOC07&12/VOC2007/train/JPEGImages/009287.jpg 255,65,500,270,12 248,43,371,251,19 284,19,419,241,19 18,245,51,288,12 12,230,51,288,19
/media/xinje/New Volume/VOC07&12/VOC2007/train/JPEGImages/009393.jpg 145,140,321,342,12 89,272,185,372,2 287,160,479,372,2 295,2,457,372,19 38,162,102,296,19
/media/xinje/New Volume/VOC07&12/VOC2007/train/JPEGImages/009504.jpg 105,106,324,482,12 137,51,395,442,19
/media/xinje/New Volume/VOC07&12/VOC2007/train/JPEGImages/009573.jpg 274,136,455,295,12 155,47,432,291,19
/media/xinje/New Volume/VOC07&12/VOC2007/train/JPEGImages/009596.jpg 1,143,112,236,12 164,114,291,219,12 323,113,382,196,12 366,112,406,172,12 312,102,342,166,12 1,72,53,196,19 201,70,262,191,19 233,65,281,116,19 310,68,345,107,19 323,69,386,181,19 374,72,419,163,19 305,48,323,86,19 199,48,210,84,19 14,41,54,76,7 417,56,432,76,12 432,58,449,81,12 449,59,462,78,12 459,59,477,81,12 118,47,137,64,7
/media/xinje/New Volume/VOC07&12/VOC2007/train/JPEGImages/009691.jpg 1,187,497,333,12 124,15,294,333,19
/media/xinje/New Volume/VOC07&12/VOC2007/train/JPEGImages/009756.jpg 205,24,380,287,19 118,82,420,316,12
/media/xinje/New Volume/VOC07&12/VOC2007/train/JPEGImages/009776.jpg 192,48,321,366,19 39,123,404,357,12 1,107,150,237,7
/media/xinje/New Volume/VOC07&12/VOC2007/train/JPEGImages/009938.jpg 137,55,320,340,12 242,1,325,52,7
/media/xinje/New Volume/VOC07&12/VOC2007/train/JPEGImages/009944.jpg 87,120,329,291,12 145,38,305,290,19
