/media/xinje/New Volume/VOC07&12/VOC2007/train/JPEGImages/000073.jpg 121,143,375,460,13 2,154,64,459,13 270,155,375,331,4 22,143,146,500,19
/media/xinje/New Volume/VOC07&12/VOC2007/train/JPEGImages/000307.jpg 2,3,500,375,13 1,229,40,375,13
/media/xinje/New Volume/VOC07&12/VOC2007/train/JPEGImages/000391.jpg 57,47,465,458,13
/media/xinje/New Volume/VOC07&12/VOC2007/train/JPEGImages/000484.jpg 76,42,212,214,13 48,38,462,375,13
/media/xinje/New Volume/VOC07&12/VOC2007/train/JPEGImages/000592.jpg 341,276,433,375,8 441,266,500,322,8 439,298,500,375,8 196,173,384,290,15 278,228,475,362,15 129,151,203,218,13 276,149,320,177,17 5,252,155,375,15 90,273,111,375,8 52,300,106,375,8
/media/xinje/New Volume/VOC07&12/VOC2007/train/JPEGImages/000710.jpg 143,177,225,270,18 188,182,303,464,8 36,367,280,500,8 95,129,136,249,13
/media/xinje/New Volume/VOC07&12/VOC2007/train/JPEGImages/000711.jpg 59,2,236,187,13 305,276,386,370,13
/media/xinje/New Volume/VOC07&12/VOC2007/train/JPEGImages/000729.jpg 10,6,372,498,13
/media/xinje/New Volume/VOC07&12/VOC2007/train/JPEGImages/000867.jpg 172,96,230,191,13
/media/xinje/New Volume/VOC07&12/VOC2007/train/JPEGImages/000889.jpg 37,287,186,486,13 181,362,302,458,13 188,2,327,394,13
/media/xinje/New Volume/VOC07&12/VOC2007/train/JPEGImages/001079.jpg 188,131,285,261,19 256,147,375,269,19 372,146,475,319,19 121,138,217,283,19 2,140,144,354,19 195,1,261,165,13 1,247,480,375,20
/media/xinje/New Volume/VOC07&12/VOC2007/train/JPEGImages/001082.jpg 212,153,347,306,18 135,1,306,97,13
/media/xinje/New Volume/VOC07&12/VOC2007/train/JPEGImages/001112.jpg 323,87,406,214,16 61,168,125,202,7 95,165,140,194,7 181,279,261,335,13 259,299,350,335,13
/media/xinje/New Volume/VOC07&12/VOC2007/train/JPEGImages/001212.jpg 107,166,299,329,19 207,25,355,159,19 277,67,357,226,19 375,78,500,370,19 401,28,467,125,13 376,57,430,129,13 178,3,238,56,13
/media/xinje/New Volume/VOC07&12/VOC2007/train/JPEGImages/001408.jpg 114,245,178,448,5 56,107,230,387,19 20,68,50,167,5 210,1,333,108,19 84,87,333,366,19 119,1,184,130,13
/media/xinje/New Volume/VOC07&12/VOC2007/train/JPEGImages/001420.jpg 192,109,340,270,11 281,80,364,268,19 436,148,500,306,13
/media/xinje/New Volume/VOC07&12/VOC2007/train/JPEGImages/001451.jpg 3,237,500,334,20 379,199,419,264,5 164,157,221,293,5 242,119,386,244,19 97,101,221,251,19 12,152,52,189,13
/media/xinje/New Volume/VOC07&12/VOC2007/train/JPEGImages/001729.jpg 2,1,128,163,15 119,4,217,96,13 284,107,411,280,19 126,83,257,285,19 9,167,160,333,19 371,63,500,332,8
/media/xinje/New Volume/VOC07&12/VOC2007/train/JPEGImages/001754.jpg 220,304,277,486,5 15,54,275,494,19 281,146,374,394,19 4,132,55,174,13
/media/xinje/New Volume/VOC07&12/VOC2007/train/JPEGImages/001898.jpg 1,223,47,343,17 1,101,58,171,13 69,106,140,178,13
/media/xinje/New Volume/VOC07&12/VOC2007/train/JPEGImages/002015.jpg 8,89,124,310,13 60,25,252,292,13 137,92,281,352,13 311,3,500,331,13 247,3,395,294,13
/media/xinje/New Volume/VOC07&12/VOC2007/train/JPEGImages/002049.jpg 205,6,473,163,13 26,80,334,290,13
/media/xinje/New Volume/VOC07&12/VOC2007/train/JPEGImages/002108.jpg 29,115,155,260,19 141,114,245,243,19 279,129,351,222,19 337,131,409,216,19 1,200,500,375,20 262,262,306,305,13 319,261,357,307,13 343,248,377,291,13
/media/xinje/New Volume/VOC07&12/VOC2007/train/JPEGImages/002116.jpg 177,206,425,373,10 235,126,424,263,15 33,103,231,238,15 177,41,258,72,7 36,1,131,221,13 458,32,468,59,19
/media/xinje/New Volume/VOC07&12/VOC2007/train/JPEGImages/002179.jpg 6,8,487,373,13
/media/xinje/New Volume/VOC07&12/VOC2007/train/JPEGImages/002192.jpg 19,75,102,372,13 191,46,365,333,13 281,149,496,371,13 36,180,246,370,13
/media/xinje/New Volume/VOC07&12/VOC2007/train/JPEGImages/002284.jpg 18,1,106,88,13 1,40,25,84,13 120,19,216,116,13 176,48,234,125,13 169,121,240,243,13 110,278,250,493,13
/media/xinje/New Volume/VOC07&12/VOC2007/train/JPEGImages/002320.jpg 69,33,282,202,13
/media/xinje/New Volume/VOC07&12/VOC2007/train/JPEGImages/002347.jpg 287,251,344,334,13 165,253,241,328,13 72,253,131,312,13
/media/xinje/New Volume/VOC07&12/VOC2007/train/JPEGImages/002362.jpg 291,198,418,281,8 210,254,418,375,8 175,156,357,216,15 323,1,423,222,13 373,57,421,184,13 113,40,177,206,13 167,50,198,175,13 270,50,300,118,19 245,59,269,116,19
/media/xinje/New Volume/VOC07&12/VOC2007/train/JPEGImages/002483.jpg 1,174,284,374,15 112,115,197,274,13 390,45,441,262,13 238,81,277,137,18 33,250,215,335,18 272,241,438,375,8 194,111,305,371,19
/media/xinje/New Volume/VOC07&12/VOC2007/train/JPEGImages/002559.jpg 103,64,453,293,7 1,115,48,183,8 156,1,284,107,13
/media/xinje/New Volume/VOC07&12/VOC2007/train/JPEGImages/002569.jpg 33,23,353,482,13 1,72,52,417,13
/media/xinje/New Volume/VOC07&12/VOC2007/train/JPEGImages/002594.jpg 358,30,497,175,13 304,101,408,211,13 151,82,297,188,13 43,121,146,222,13 5,39,118,139,13
/media/xinje/New Volume/VOC07&12/VOC2007/train/JPEGImages/002817.jpg 23,8,381,319,13
/media/xinje/New Volume/VOC07&12/VOC2007/train/JPEGImages/002820.jpg 410,229,493,304,13 258,243,313,306,13 160,228,218,300,13
/media/xinje/New Volume/VOC07&12/VOC2007/train/JPEGImages/003002.jpg 1,89,119,389,13 121,104,317,418,19
/media/xinje/New Volume/VOC07&12/VOC2007/train/JPEGImages/003024.jpg 5,72,150,163,15 128,1,201,117,13 212,32,256,102,13 267,76,291,114,17 268,63,279,81,17 319,83,351,131,8 223,31,256,64,13 453,96,500,177,2 291,74,326,119,19
/media/xinje/New Volume/VOC07&12/VOC2007/train/JPEGImages/003146.jpg 43,153,214,319,13
/media/xinje/New Volume/VOC07&12/VOC2007/train/JPEGImages/003202.jpg 264,128,360,209,20 334,119,398,206,8 172,139,295,275,8 26,117,127,251,13 423,242,500,375,13
/media/xinje/New Volume/VOC07&12/VOC2007/train/JPEGImages/003211.jpg 306,122,427,366,13 334,173,374,298,13 206,195,246,287,13
/media/xinje/New Volume/VOC07&12/VOC2007/train/JPEGImages/003284.jpg 324,221,445,314,4 336,186,441,227,13 61,255,176,375,8 1,278,117,375,20 61,172,233,372,19 443,262,500,375,15 345,303,443,375,10
/media/xinje/New Volume/VOC07&12/VOC2007/train/JPEGImages/003367.jpg 1,174,38,253,19 3,200,22,316,19 15,213,111,302,12 354,167,389,267,13 387,130,418,170,13 422,128,447,171,13 447,142,473,174,13 476,142,496,173,13
/media/xinje/New Volume/VOC07&12/VOC2007/train/JPEGImages/003374.jpg 26,12,206,128,17 230,66,272,132,13 135,118,311,359,10
/media/xinje/New Volume/VOC07&12/VOC2007/train/JPEGImages/003436.jpg 74,138,135,271,11 151,101,291,358,11 278,92,439,361,11 443,180,477,236,13 122,92,150,135,19 196,58,244,116,19
/media/xinje/New Volume/VOC07&12/VOC2007/train/JPEGImages/003450.jpg 183,125,266,354,19 238,133,356,276,19 135,168,235,285,19 22,133,423,370,15 360,58,480,195,13
/media/xinje/New Volume/VOC07&12/VOC2007/train/JPEGImages/003466.jpg 177,15,445,283,19 3,216,500,375,20 1,100,43,174,13
/media/xinje/New Volume/VOC07&12/VOC2007/train/JPEGImages/003506.jpg 63,42,261,287,13
/media/xinje/New Volume/VOC07&12/VOC2007/train/JPEGImages/003509.jpg 184,28,375,499,13
/media/xinje/New Volume/VOC07&12/VOC2007/train/JPEGImages/003555.jpg 405,261,427,288,13 375,265,397,290,13 337,265,359,296,13 288,270,315,297,13 236,272,259,304,13 438,241,500,301,7
/media/xinje/New Volume/VOC07&12/VOC2007/train/JPEGImages/003622.jpg 68,223,182,347,13 256,266,337,365,13 379,269,495,373,13
/media/xinje/New Volume/VOC07&12/VOC2007/train/JPEGImages/003629.jpg 390,170,477,338,13 229,42,387,322,13 66,16,257,199,13 134,68,270,292,13
/media/xinje/New Volume/VOC07&12/VOC2007/train/JPEGImages/003694.jpg 308,190,386,265,17 5,202,146,327,15 54,58,151,263,13 156,181,213,252,8 167,133,216,245,19
/media/xinje/New Volume/VOC07&12/VOC2007/train/JPEGImages/003699.jpg 2,67,103,217,15 224,72,298,178,13 457,71,494,101,13 167,54,181,168,13 181,138,206,170,13 298,75,320,150,13 1,65,434,312,19
/media/xinje/New Volume/VOC07&12/VOC2007/train/JPEGImages/003758.jpg 33,34,253,330,13 83,2,489,333,13
/media/xinje/New Volume/VOC07&12/VOC2007/train/JPEGImages/003834.jpg 295,50,496,335,13 7,57,188,333,13 238,268,284,322,13 190,180,272,310,13 255,215,297,269,13
/media/xinje/New Volume/VOC07&12/VOC2007/train/JPEGImages/003932.jpg 207,345,247,493,5 62,20,283,493,19 243,273,372,412,13
/media/xinje/New Volume/VOC07&12/VOC2007/train/JPEGImages/003956.jpg 2,76,375,500,13 330,217,375,474,13
/media/xinje/New Volume/VOC07&12/VOC2007/train/JPEGImages/004017.jpg 237,1,450,217,13 10,4,450,375,19
/media/xinje/New Volume/VOC07&12/VOC2007/train/JPEGImages/004028.jpg 1,152,98,330,8 2,2,124,227,13 380,172,407,194,19 242,192,276,230,19
/media/xinje/New Volume/VOC07&12/VOC2007/train/JPEGImages/004037.jpg 4,104,51,160,13 70,177,110,227,13 145,239,191,292,13 230,179,276,231,13 3,334,54,422,13 39,404,74,475,13 85,406,115,473,13 104,308,149,359,13 107,256,150,319,13 196,263,241,312,13 193,305,237,352,13 265,397,297,472,13 235,395,287,469,13
/media/xinje/New Volume/VOC07&12/VOC2007/train/JPEGImages/004121.jpg 19,154,108,263,13 220,92,347,242,19 164,142,227,219,19
/media/xinje/New Volume/VOC07&12/VOC2007/train/JPEGImages/004292.jpg 10,158,183,412,13 156,32,271,377,19
/media/xinje/New Volume/VOC07&12/VOC2007/train/JPEGImages/004484.jpg 149,190,221,263,8 223,177,278,239,8 406,164,469,220,8 29,264,128,375,8 419,209,500,375,8 367,230,457,375,8 47,199,500,375,20 89,129,160,216,13
/media/xinje/New Volume/VOC07&12/VOC2007/train/JPEGImages/004631.jpg 221,359,362,500,8 330,466,375,500,8 96,358,124,465,8 194,153,298,414,19 89,154,251,496,19 36,156,88,231,13
/media/xinje/New Volume/VOC07&12/VOC2007/train/JPEGImages/004714.jpg 371,90,500,374,15 139,51,256,224,8 2,43,77,203,8 317,75,408,149,13 219,161,260,214,13 127,232,217,274,13
/media/xinje/New Volume/VOC07&12/VOC2007/train/JPEGImages/004742.jpg 2,213,500,375,20 420,207,471,354,5 245,216,274,308,5 239,188,277,293,5 297,181,334,276,5 136,176,192,207,5 276,43,344,107,13 444,157,500,220,8 339,112,500,250,19 266,102,376,238,19 114,85,261,224,19 6,104,110,230,19
/media/xinje/New Volume/VOC07&12/VOC2007/train/JPEGImages/004898.jpg 146,17,252,303,19 93,159,160,291,19 273,173,307,213,13 383,197,429,262,13
/media/xinje/New Volume/VOC07&12/VOC2007/train/JPEGImages/004991.jpg 53,139,404,375,20 327,20,357,91,13 284,107,464,372,8 1,127,243,375,8 270,76,374,162,8 61,85,160,167,8
/media/xinje/New Volume/VOC07&12/VOC2007/train/JPEGImages/005143.jpg 6,10,258,278,13
/media/xinje/New Volume/VOC07&12/VOC2007/train/JPEGImages/005183.jpg 25,307,235,448,18 213,300,361,417,18 1,10,375,500,13
/media/xinje/New Volume/VOC07&12/VOC2007/train/JPEGImages/005186.jpg 139,173,210,293,8 408,181,467,269,8 341,258,500,375,15 32,165,129,301,13 1,254,41,339,13
/media/xinje/New Volume/VOC07&12/VOC2007/train/JPEGImages/005190.jpg 128,25,447,375,19 1,133,126,307,13
/media/xinje/New Volume/VOC07&12/VOC2007/train/JPEGImages/005515.jpg 1,177,332,500,13 1,1,121,366,13 45,1,371,269,13 345,142,375,468,13
/media/xinje/New Volume/VOC07&12/VOC2007/train/JPEGImages/005605.jpg 209,138,289,205,17 381,223,500,362,8 344,313,500,375,8 1,258,77,375,15 302,64,358,266,13 91,204,128,266,13 76,234,107,258,13 68,184,104,222,13 144,163,162,216,13 104,171,140,215,13 26,156,41,225,13 358,153,421,244,8 350,145,397,170,17 323,193,356,265,13 446,199,454,223,5 453,200,461,220,5 440,171,447,195,5 447,171,454,194,5 439,201,447,222,5 436,147,443,170,5 443,146,450,168,5 450,147,457,167,5 457,147,461,167,5 453,170,458,194,5
/media/xinje/New Volume/VOC07&12/VOC2007/train/JPEGImages/005813.jpg 147,164,288,354,13 105,240,207,351,13 94,195,140,352,13
/media/xinje/New Volume/VOC07&12/VOC2007/train/JPEGImages/005817.jpg 252,2,500,370,13
/media/xinje/New Volume/VOC07&12/VOC2007/train/JPEGImages/005821.jpg 111,232,171,315,13 263,209,311,289,13 199,200,246,254,13 6,143,95,230,13 171,198,195,251,13 355,184,481,354,8 461,171,500,375,8
/media/xinje/New Volume/VOC07&12/VOC2007/train/JPEGImages/005923.jpg 278,213,417,329,2 218,213,293,322,2 126,216,229,354,2 168,170,221,287,19 224,153,274,249,19 310,142,387,308,19 207,86,232,104,8 206,94,234,127,8 270,92,296,103,8 277,98,308,126,8 299,110,337,147,8 175,120,213,170,15 284,160,308,192,13 266,165,281,187,13 316,107,338,171,13 449,105,500,189,13 376,63,409,124,13 394,39,413,60,17 221,131,274,171,13
/media/xinje/New Volume/VOC07&12/VOC2007/train/JPEGImages/006100.jpg 317,144,500,347,15 106,53,169,103,13 250,107,291,158,13 183,128,238,213,8 141,163,198,200,10
/media/xinje/New Volume/VOC07&12/VOC2007/train/JPEGImages/006270.jpg 197,180,274,273,8 5,252,276,375,8 297,177,316,195,13
/media/xinje/New Volume/VOC07&12/VOC2007/train/JPEGImages/006299.jpg 321,1,357,89,5 284,8,316,124,5 60,1,162,127,13 351,1,450,68,13
/media/xinje/New Volume/VOC07&12/VOC2007/train/JPEGImages/006447.jpg 147,129,183,148,8 133,163,189,232,8 190,139,257,232,8 8,144,86,233,8 97,141,242,233,20 70,32,105,104,13
/media/xinje/New Volume/VOC07&12/VOC2007/train/JPEGImages/006605.jpg 223,175,277,199,8 158,186,235,311,8 331,177,387,291,8 340,199,412,313,8 246,222,360,375,8 142,214,256,361,8 86,181,134,218,13 49,96,96,243,13
/media/xinje/New Volume/VOC07&12/VOC2007/train/JPEGImages/006627.jpg 334,79,436,188,8 466,104,500,140,13 261,93,373,190,13 1,130,462,333,20
/media/xinje/New Volume/VOC07&12/VOC2007/train/JPEGImages/006726.jpg 78,333,230,472,13
/media/xinje/New Volume/VOC07&12/VOC2007/train/JPEGImages/006755.jpg 2,169,213,375,8 169,46,240,117,13 265,152,341,223,17 340,146,416,254,17 415,160,480,269,17
/media/xinje/New Volume/VOC07&12/VOC2007/train/JPEGImages/006777.jpg 115,170,249,351,13 150,140,329,443,19 26,125,253,500,19
/media/xinje/New Volume/VOC07&12/VOC2007/train/JPEGImages/006806.jpg 93,114,351,360,13 294,1,500,196,13 95,1,299,124,13 1,2,89,301,13
/media/xinje/New Volume/VOC07&12/VOC2007/train/JPEGImages/007078.jpg 34,127,66,170,13 132,124,153,151,13 252,126,375,216,8 360,153,500,370,15
/media/xinje/New Volume/VOC07&12/VOC2007/train/JPEGImages/007130.jpg 106,96,192,188,17 221,80,295,157,17 355,109,475,171,13
/media/xinje/New Volume/VOC07&12/VOC2007/train/JPEGImages/007180.jpg 89,317,375,500,15 266,415,316,461,18 89,85,138,139,13 50,97,88,139,13 2,112,50,139,13 143,283,201,329,8
/media/xinje/New Volume/VOC07&12/VOC2007/train/JPEGImages/007396.jpg 284,1,376,99,13 177,1,275,100,13 172,1,274,94,13 292,1,397,94,13 372,223,498,372,12 43,66,192,131,7
/media/xinje/New Volume/VOC07&12/VOC2007/train/JPEGImages/007519.jpg 426,193,500,375,13 238,164,309,187,13 99,161,192,185,13
/media/xinje/New Volume/VOC07&12/VOC2007/train/JPEGImages/007600.jpg 62,44,244,302,13 224,53,443,305,13
/media/xinje/New Volume/VOC07&12/VOC2007/train/JPEGImages/007704.jpg 31,194,72,244,13 78,170,305,345,15 318,171,500,287,15
/media/xinje/New Volume/VOC07&12/VOC2007/train/JPEGImages/007781.jpg 1,42,419,375,13
/media/xinje/New Volume/VOC07&12/VOC2007/train/JPEGImages/007795.jpg 7,108,153,374,19 107,118,207,305,19 163,122,224,307,19 295,151,359,269,19 334,152,408,279,19 404,154,485,322,19 258,242,304,310,13 229,167,284,234,8 264,146,285,177,13 237,98,275,174,13
/media/xinje/New Volume/VOC07&12/VOC2007/train/JPEGImages/007814.jpg 454,243,500,322,13 360,237,395,314,13 62,234,87,306,13 192,57,274,230,19 252,130,357,375,19 303,135,364,361,19 144,134,203,353,19 82,135,174,372,19 47,124,93,195,19
/media/xinje/New Volume/VOC07&12/VOC2007/train/JPEGImages/007925.jpg 58,30,440,319,2 274,61,334,116,13 380,50,466,117,13 140,5,190,115,13
/media/xinje/New Volume/VOC07&12/VOC2007/train/JPEGImages/008012.jpg 5,9,442,388,13
/media/xinje/New Volume/VOC07&12/VOC2007/train/JPEGImages/008064.jpg 313,71,346,110,3 302,81,323,128,3 253,32,282,55,3 456,285,498,323,13 295,224,425,330,13 114,199,297,333,13
/media/xinje/New Volume/VOC07&12/VOC2007/train/JPEGImages/008082.jpg 123,80,212,201,13 238,35,426,333,19 326,3,500,333,19 87,215,121,333,13
/media/xinje/New Volume/VOC07&12/VOC2007/train/JPEGImages/008106.jpg 168,189,266,355,8 280,222,367,385,8 288,232,306,259,13 2,418,98,500,8
/media/xinje/New Volume/VOC07&12/VOC2007/train/JPEGImages/008127.jpg 193,224,500,334,20 208,186,244,334,8 268,109,341,205,13 346,129,449,247,19 225,149,328,255,19 58,77,178,334,19
/media/xinje/New Volume/VOC07&12/VOC2007/train/JPEGImages/008199.jpg 97,196,148,319,8 364,85,499,375,19 1,225,35,374,13 153,227,194,290,13 140,199,195,269,13
/media/xinje/New Volume/VOC07&12/VOC2007/train/JPEGImages/008216.jpg 280,276,315,407,13 192,317,207,350,13 202,320,216,351,13 217,322,242,365,13 245,402,298,493,8 307,381,354,421,8 201,409,270,500,8 263,422,333,500,8 227,407,374,500,20 88,308,154,500,19 158,302,197,351,19 153,321,205,479,19 46,305,68,387,19 66,312,85,385,19
/media/xinje/New Volume/VOC07&12/VOC2007/train/JPEGImages/008465.jpg 19,27,499,498,13
/media/xinje/New Volume/VOC07&12/VOC2007/train/JPEGImages/008536.jpg 254,339,277,376,13 197,351,220,375,13 32,322,66,364,13 155,306,195,378,13 132,330,169,381,13
/media/xinje/New Volume/VOC07&12/VOC2007/train/JPEGImages/008549.jpg 278,37,472,160,7 99,29,440,309,7 17,18,82,145,13
/media/xinje/New Volume/VOC07&12/VOC2007/train/JPEGImages/008587.jpg 5,182,394,327,15 163,84,500,375,19 172,126,321,339,19 3,135,129,305,19 128,85,201,165,13
/media/xinje/New Volume/VOC07&12/VOC2007/train/JPEGImages/008655.jpg 234,48,280,128,13 258,328,357,500,10 266,205,299,283,10 213,128,269,178,17 101,177,253,307,20 198,175,270,302,8 138,187,209,327,8 85,171,157,296,8 149,161,195,178,8
/media/xinje/New Volume/VOC07&12/VOC2007/train/JPEGImages/008688.jpg 2,1,500,325,13
/media/xinje/New Volume/VOC07&12/VOC2007/train/JPEGImages/008806.jpg 220,50,232,67,13 232,160,238,177,13 238,162,245,177,13 246,164,252,179,13 342,163,365,226,13 418,173,442,245,13
/media/xinje/New Volume/VOC07&12/VOC2007/train/JPEGImages/008933.jpg 80,230,248,401,18 234,346,284,407,13 234,383,297,447,13
/media/xinje/New Volume/VOC07&12/VOC2007/train/JPEGImages/008970.jpg 252,81,371,242,13 65,77,190,204,17
/media/xinje/New Volume/VOC07&12/VOC2007/train/JPEGImages/008987.jpg 302,129,449,227,15 93,156,288,312,15 89,204,116,262,13
/media/xinje/New Volume/VOC07&12/VOC2007/train/JPEGImages/009032.jpg 309,209,341,257,13 27,69,207,262,17 205,75,350,256,17
/media/xinje/New Volume/VOC07&12/VOC2007/train/JPEGImages/009068.jpg 344,205,500,375,15 131,217,293,337,8 5,232,77,299,8 284,160,437,335,19 1,205,283,344,19 320,181,369,240,13
/media/xinje/New Volume/VOC07&12/VOC2007/train/JPEGImages/009078.jpg 114,248,391,338,7 219,252,251,280,19 201,225,254,247,7 456,245,483,279,13
/media/xinje/New Volume/VOC07&12/VOC2007/train/JPEGImages/009123.jpg 23,172,352,375,20 270,236,443,375,8 408,215,490,373,8 47,307,175,359,8 216,96,299,192,13 304,104,493,307,19 326,102,426,241,19 266,100,333,177,19 125,100,203,197,19 54,73,110,198,19 1,89,92,301,19
/media/xinje/New Volume/VOC07&12/VOC2007/train/JPEGImages/009175.jpg 132,57,331,159,18 248,177,435,340,13
/media/xinje/New Volume/VOC07&12/VOC2007/train/JPEGImages/009181.jpg 38,32,306,450,13
/media/xinje/New Volume/VOC07&12/VOC2007/train/JPEGImages/009215.jpg 78,150,402,373,13 304,90,500,340,13
/media/xinje/New Volume/VOC07&12/VOC2007/train/JPEGImages/009252.jpg 40,200,500,369,15 325,29,423,155,13 235,150,256,214,8 154,154,221,220,8
/media/xinje/New Volume/VOC07&12/VOC2007/train/JPEGImages/009342.jpg 75,4,171,287,19 237,139,377,278,18 219,121,274,248,18 194,219,500,375,15 155,230,254,375,15 1,214,121,375,13
/media/xinje/New Volume/VOC07&12/VOC2007/train/JPEGImages/009419.jpg 52,68,134,195,13 145,207,181,277,13
/media/xinje/New Volume/VOC07&12/VOC2007/train/JPEGImages/009491.jpg 101,138,348,279,15 1,262,496,374,15 173,1,266,142,13 3,2,64,230,13 361,177,500,286,15
/media/xinje/New Volume/VOC07&12/VOC2007/train/JPEGImages/009634.jpg 268,126,359,372,13 396,201,454,344,13
/media/xinje/New Volume/VOC07&12/VOC2007/train/JPEGImages/009638.jpg 1,252,105,375,8 410,191,500,321,8 358,184,404,212,8 480,178,500,226,8 409,179,450,255,8 1,202,47,275,8 96,3,500,375,19 349,155,377,184,19 383,160,404,182,19 328,156,348,181,19 15,153,51,197,13 58,141,97,204,13 337,205,422,280,20
/media/xinje/New Volume/VOC07&12/VOC2007/train/JPEGImages/009878.jpg 74,119,374,349,15 13,328,49,375,5 87,106,221,254,19 352,109,443,321,19 247,104,355,375,19 170,110,280,351,19 17,3,163,210,13
/media/xinje/New Volume/VOC07&12/VOC2007/train/JPEGImages/009884.jpg 85,78,400,375,13
/media/xinje/New Volume/VOC07&12/VOC2007/train/JPEGImages/009887.jpg 267,276,300,323,13 222,261,265,316,13
