/media/xinje/New Volume/VOC07&12/VOC2007/train/JPEGImages/000225.jpg 125,96,355,263,14 2,22,47,81,14
/media/xinje/New Volume/VOC07&12/VOC2007/train/JPEGImages/000416.jpg 330,139,399,248,14 181,171,259,252,14 217,154,345,244,14
/media/xinje/New Volume/VOC07&12/VOC2007/train/JPEGImages/000654.jpg 155,130,231,175,14 36,135,168,227,14 55,152,215,249,14 411,51,463,146,19 368,49,424,146,19 323,81,369,133,19 114,61,171,139,19 86,60,129,139,19 295,178,382,243,10
/media/xinje/New Volume/VOC07&12/VOC2007/train/JPEGImages/000820.jpg 180,140,368,307,14 348,43,412,71,14
/media/xinje/New Volume/VOC07&12/VOC2007/train/JPEGImages/000900.jpg 260,135,342,269,14 150,172,215,269,14 101,170,188,252,14
/media/xinje/New Volume/VOC07&12/VOC2007/train/JPEGImages/001191.jpg 1,3,298,375,14
/media/xinje/New Volume/VOC07&12/VOC2007/train/JPEGImages/001594.jpg 270,153,334,208,14 231,153,269,209,14 179,149,206,210,14 151,142,180,210,14 206,150,239,212,14 335,93,400,218,19 253,177,302,238,10
/media/xinje/New Volume/VOC07&12/VOC2007/train/JPEGImages/001661.jpg 107,199,330,374,14
/media/xinje/New Volume/VOC07&12/VOC2007/train/JPEGImages/001714.jpg 127,302,208,357,14
/media/xinje/New Volume/VOC07&12/VOC2007/train/JPEGImages/001733.jpg 1,270,82,329,14 236,275,294,326,14 180,275,235,365,14 132,261,167,287,14 104,252,116,269,14 56,254,82,275,14 23,263,42,274,14 8,254,25,271,14 30,256,45,269,14 203,256,215,267,14 165,260,183,281,14 217,259,231,266,14 255,264,270,278,14 270,266,287,276,14 361,264,376,276,14 338,262,351,272,14 324,262,342,274,14 312,260,323,274,14 297,259,312,274,14
/media/xinje/New Volume/VOC07&12/VOC2007/train/JPEGImages/001734.jpg 100,84,441,313,14
/media/xinje/New Volume/VOC07&12/VOC2007/train/JPEGImages/001750.jpg 250,71,335,134,14 174,88,252,157,14 107,31,155,100,14 402,16,464,53,14 256,185,344,249,14 172,188,256,249,14 340,219,405,272,14 404,221,467,277,14 115,211,157,273,14
/media/xinje/New Volume/VOC07&12/VOC2007/train/JPEGImages/002648.jpg 104,157,302,372,14 239,148,350,225,14 38,100,255,267,14
/media/xinje/New Volume/VOC07&12/VOC2007/train/JPEGImages/002683.jpg 130,123,348,293,14
/media/xinje/New Volume/VOC07&12/VOC2007/train/JPEGImages/002845.jpg 284,196,326,216,14 14,265,175,347,14 140,199,186,235,14 220,210,248,229,14 254,204,279,227,14 230,201,256,220,14
/media/xinje/New Volume/VOC07&12/VOC2007/train/JPEGImages/002873.jpg 140,196,245,221,1 425,219,450,237,14 370,220,398,241,14 312,234,324,246,14 309,275,323,300,14 159,276,190,294,14 78,208,97,223,14
/media/xinje/New Volume/VOC07&12/VOC2007/train/JPEGImages/003161.jpg 394,158,450,276,14 330,177,381,284,14 220,167,272,280,14 174,162,225,276,14 113,161,157,224,10
/media/xinje/New Volume/VOC07&12/VOC2007/train/JPEGImages/003382.jpg 4,141,127,224,14 2,219,141,457,14 6,272,235,500,14 146,158,375,500,19
/media/xinje/New Volume/VOC07&12/VOC2007/train/JPEGImages/003681.jpg 336,59,500,351,14 288,81,408,284,14 99,103,221,272,14 213,138,284,283,10 100,156,206,330,10 1,159,121,326,10 204,153,368,326,10 1,84,109,158,14
/media/xinje/New Volume/VOC07&12/VOC2007/train/JPEGImages/003698.jpg 356,259,404,322,14
/media/xinje/New Volume/VOC07&12/VOC2007/train/JPEGImages/003705.jpg 196,100,270,176,14
/media/xinje/New Volume/VOC07&12/VOC2007/train/JPEGImages/003714.jpg 177,169,298,289,14
/media/xinje/New Volume/VOC07&12/VOC2007/train/JPEGImages/003874.jpg 20,308,63,331,14 462,241,476,262,14 411,207,428,220,14 298,200,317,219,14 4,254,22,262,14 17,244,30,253,14 129,287,146,301,14 100,294,148,324,14 219,216,228,227,14
/media/xinje/New Volume/VOC07&12/VOC2007/train/JPEGImages/004842.jpg 323,92,500,330,14 79,107,321,333,14 128,33,271,156,14 274,1,422,139,14 1,1,108,208,14
/media/xinje/New Volume/VOC07&12/VOC2007/train/JPEGImages/005001.jpg 146,120,309,333,14 125,67,204,252,14 309,138,496,333,14 310,50,442,165,14 1,1,160,287,14 174,12,291,141,14 126,2,193,71,14 4,199,85,333,14
/media/xinje/New Volume/VOC07&12/VOC2007/train/JPEGImages/005058.jpg 131,266,177,304,14 86,285,127,315,14
/media/xinje/New Volume/VOC07&12/VOC2007/train/JPEGImages/005223.jpg 79,62,500,375,14
/media/xinje/New Volume/VOC07&12/VOC2007/train/JPEGImages/005288.jpg 217,259,249,290,14
/media/xinje/New Volume/VOC07&12/VOC2007/train/JPEGImages/005363.jpg 2,69,368,499,14
/media/xinje/New Volume/VOC07&12/VOC2007/train/JPEGImages/005947.jpg 90,26,323,330,14
/media/xinje/New Volume/VOC07&12/VOC2007/train/JPEGImages/005964.jpg 1,1,426,331,14
/media/xinje/New Volume/VOC07&12/VOC2007/train/JPEGImages/006247.jpg 2,63,454,358,14
/media/xinje/New Volume/VOC07&12/VOC2007/train/JPEGImages/006251.jpg 75,238,146,286,14 160,221,201,255,14 127,232,179,269,14 397,225,426,263,14 323,222,361,260,14 227,232,272,269,14 259,220,293,256,14 170,199,203,221,14 220,202,238,220,14 379,223,400,247,14 358,199,382,218,14 383,199,408,218,14 275,211,302,237,14
/media/xinje/New Volume/VOC07&12/VOC2007/train/JPEGImages/006833.jpg 201,195,500,375,14 60,40,353,375,19
/media/xinje/New Volume/VOC07&12/VOC2007/train/JPEGImages/006899.jpg 19,334,135,452,14 135,305,234,423,14 388,277,445,424,14
/media/xinje/New Volume/VOC07&12/VOC2007/train/JPEGImages/007621.jpg 301,102,411,202,14 175,113,285,209,14
/media/xinje/New Volume/VOC07&12/VOC2007/train/JPEGImages/007859.jpg 1,4,469,337,14
/media/xinje/New Volume/VOC07&12/VOC2007/train/JPEGImages/008116.jpg 196,170,364,356,14 319,155,409,330,14 107,85,178,141,14 196,109,216,135,14 214,111,233,141,14
/media/xinje/New Volume/VOC07&12/VOC2007/train/JPEGImages/008150.jpg 331,178,358,197,14 297,180,316,195,14 266,183,284,200,14 183,184,203,201,14 226,185,250,201,14 137,183,157,196,14
/media/xinje/New Volume/VOC07&12/VOC2007/train/JPEGImages/008223.jpg 129,12,500,374,14
/media/xinje/New Volume/VOC07&12/VOC2007/train/JPEGImages/008342.jpg 135,97,310,334,9 358,163,500,262,14 312,229,500,400,14 273,208,342,346,14 11,207,242,400,14
/media/xinje/New Volume/VOC07&12/VOC2007/train/JPEGImages/008618.jpg 282,116,393,241,14 198,113,334,254,14 143,125,292,261,14 94,139,297,328,14 42,148,233,331,14 1,1,164,330,19 284,17,373,149,19 391,21,455,215,19 477,5,500,311,19 148,7,214,161,19 89,16,149,158,19 372,240,500,331,14
/media/xinje/New Volume/VOC07&12/VOC2007/train/JPEGImages/008920.jpg 224,151,401,301,14 61,67,230,284,19
/media/xinje/New Volume/VOC07&12/VOC2007/train/JPEGImages/009227.jpg 430,133,497,187,10 1,83,72,216,14 72,83,163,224,14 129,78,189,202,14
/media/xinje/New Volume/VOC07&12/VOC2007/train/JPEGImages/009271.jpg 201,104,387,287,14 415,124,475,181,14
/media/xinje/New Volume/VOC07&12/VOC2007/train/JPEGImages/009417.jpg 62,29,144,93,14 216,183,299,266,14 238,94,330,220,14 136,54,164,94,14 368,15,401,36,14
/media/xinje/New Volume/VOC07&12/VOC2007/train/JPEGImages/009842.jpg 387,1,500,187,14 180,1,401,332,14
/media/xinje/New Volume/VOC07&12/VOC2007/train/JPEGImages/009945.jpg 486,200,500,211,14 465,199,479,210,14 389,202,440,234,14 341,202,387,227,14 328,198,345,207,14 316,206,336,220,14 277,202,316,225,14 292,194,304,202,14 273,204,288,212,14 263,197,277,208,14 235,204,273,227,14 224,199,247,213,14 174,193,192,203,14 141,197,172,218,14 92,199,132,229,14 44,197,70,208,14 29,195,46,206,14 1,195,14,217,14 4,187,19,195,14
