/media/xinje/New Volume/VOC07&12/VOC2007/train/JPEGImages/000140.jpg 107,146,386,300,10 2,113,500,401,15
/media/xinje/New Volume/VOC07&12/VOC2007/train/JPEGImages/000235.jpg 243,255,316,375,8 136,326,271,375,8 1,291,97,374,8 402,245,455,316,8 40,266,277,375,20 415,192,457,254,15 185,167,201,236,13
/media/xinje/New Volume/VOC07&12/VOC2007/train/JPEGImages/000503.jpg 373,142,500,374,15 14,146,137,361,15
/media/xinje/New Volume/VOC07&12/VOC2007/train/JPEGImages/000554.jpg 118,77,260,304,19 2,189,500,375,15 275,67,368,101,7 316,77,436,117,7 266,95,397,142,7 91,73,179,111,7 344,117,433,165,7
/media/xinje/New Volume/VOC07&12/VOC2007/train/JPEGImages/000555.jpg 2,111,262,299,15 266,63,332,181,19 160,179,422,374,19 1,174,186,374,19 61,90,213,255,19 157,79,261,217,19 270,98,339,188,8 422,116,500,224,8 380,92,499,217,19
/media/xinje/New Volume/VOC07&12/VOC2007/train/JPEGImages/000592.jpg 341,276,433,375,8 441,266,500,322,8 439,298,500,375,8 196,173,384,290,15 278,228,475,362,15 129,151,203,218,13 276,149,320,177,17 5,252,155,375,15 90,273,111,375,8 52,300,106,375,8
/media/xinje/New Volume/VOC07&12/VOC2007/train/JPEGImages/000761.jpg 300,249,412,375,8 19,255,165,375,17 150,141,437,322,15
/media/xinje/New Volume/VOC07&12/VOC2007/train/JPEGImages/000804.jpg 94,243,153,304,8 32,352,126,491,8 191,265,332,470,15
/media/xinje/New Volume/VOC07&12/VOC2007/train/JPEGImages/000898.jpg 1,115,499,361,15 297,195,351,233,19
/media/xinje/New Volume/VOC07&12/VOC2007/train/JPEGImages/000965.jpg 94,285,237,461,10 187,139,270,186,18 2,86,374,500,15
/media/xinje/New Volume/VOC07&12/VOC2007/train/JPEGImages/000997.jpg 1,196,205,375,15 381,144,459,209,17
/media/xinje/New Volume/VOC07&12/VOC2007/train/JPEGImages/001129.jpg 2,29,500,270,15 217,38,500,179,19 1,51,186,168,19
/media/xinje/New Volume/VOC07&12/VOC2007/train/JPEGImages/001204.jpg 81,192,475,373,15 486,143,500,201,17 456,192,500,266,8
/media/xinje/New Volume/VOC07&12/VOC2007/train/JPEGImages/001214.jpg 43,187,141,354,8 1,227,46,375,8 203,144,244,203,17 122,150,205,209,17 240,165,500,375,15
/media/xinje/New Volume/VOC07&12/VOC2007/train/JPEGImages/001326.jpg 27,1,500,375,15
/media/xinje/New Volume/VOC07&12/VOC2007/train/JPEGImages/001388.jpg 2,2,500,414,15 61,9,432,400,19
/media/xinje/New Volume/VOC07&12/VOC2007/train/JPEGImages/001402.jpg 213,66,443,301,15 1,118,369,375,15 433,51,494,124,2
/media/xinje/New Volume/VOC07&12/VOC2007/train/JPEGImages/001406.jpg 109,127,404,373,10 1,36,417,303,19 1,1,500,373,15
/media/xinje/New Volume/VOC07&12/VOC2007/train/JPEGImages/001457.jpg 136,121,350,264,15 432,212,500,375,8
/media/xinje/New Volume/VOC07&12/VOC2007/train/JPEGImages/001529.jpg 36,170,111,277,17 160,157,450,317,15 354,273,475,375,8
/media/xinje/New Volume/VOC07&12/VOC2007/train/JPEGImages/001650.jpg 109,146,161,192,17 380,204,500,333,15 309,171,450,272,8
/media/xinje/New Volume/VOC07&12/VOC2007/train/JPEGImages/001836.jpg 2,81,462,375,15 57,78,320,365,19
/media/xinje/New Volume/VOC07&12/VOC2007/train/JPEGImages/002047.jpg 210,225,295,285,15
/media/xinje/New Volume/VOC07&12/VOC2007/train/JPEGImages/002061.jpg 118,2,340,120,15 395,2,500,121,15 1,167,493,374,20 78,46,194,221,19 210,96,467,298,19
/media/xinje/New Volume/VOC07&12/VOC2007/train/JPEGImages/002116.jpg 177,206,425,373,10 235,126,424,263,15 33,103,231,238,15 177,41,258,72,7 36,1,131,221,13 458,32,468,59,19
/media/xinje/New Volume/VOC07&12/VOC2007/train/JPEGImages/002176.jpg 79,92,500,404,15 96,29,465,389,19 20,2,366,122,13 337,1,500,124,13
/media/xinje/New Volume/VOC07&12/VOC2007/train/JPEGImages/002335.jpg 1,54,500,375,15
/media/xinje/New Volume/VOC07&12/VOC2007/train/JPEGImages/002362.jpg 291,198,418,281,8 210,254,418,375,8 175,156,357,216,15 323,1,423,222,13 373,57,421,184,13 113,40,177,206,13 167,50,198,175,13 270,50,300,118,19 245,59,269,116,19
/media/xinje/New Volume/VOC07&12/VOC2007/train/JPEGImages/002501.jpg 6,124,262,375,8 212,135,500,358,15 81,117,205,373,19 245,125,498,372,19 295,92,496,262,19
/media/xinje/New Volume/VOC07&12/VOC2007/train/JPEGImages/002627.jpg 101,221,238,298,15 240,229,356,342,15 22,211,79,275,17 204,300,322,347,8 29,348,122,460,8 4,335,375,500,20
/media/xinje/New Volume/VOC07&12/VOC2007/train/JPEGImages/002855.jpg 215,192,475,374,15 181,142,373,337,19
/media/xinje/New Volume/VOC07&12/VOC2007/train/JPEGImages/002989.jpg 281,149,339,204,17 461,195,500,300,8 436,163,500,291,8 306,213,443,333,8 81,178,197,265,8 219,163,284,204,15 1,193,143,333,15
/media/xinje/New Volume/VOC07&12/VOC2007/train/JPEGImages/003011.jpg 1,303,238,375,20 1,269,67,316,8 92,291,249,375,8 198,192,385,258,15 274,218,478,374,15 392,194,419,217,8 35,141,142,243,17 211,150,250,190,17
/media/xinje/New Volume/VOC07&12/VOC2007/train/JPEGImages/003024.jpg 5,72,150,163,15 128,1,201,117,13 212,32,256,102,13 267,76,291,114,17 268,63,279,81,17 319,83,351,131,8 223,31,256,64,13 453,96,500,177,2 291,74,326,119,19
/media/xinje/New Volume/VOC07&12/VOC2007/train/JPEGImages/003063.jpg 54,9,291,485,19 3,43,372,386,15
/media/xinje/New Volume/VOC07&12/VOC2007/train/JPEGImages/003108.jpg 214,43,500,333,15 364,273,388,354,5
/media/xinje/New Volume/VOC07&12/VOC2007/train/JPEGImages/003150.jpg 194,71,463,340,19 108,44,257,188,19 1,53,132,286,19 1,69,303,273,15
/media/xinje/New Volume/VOC07&12/VOC2007/train/JPEGImages/003236.jpg 309,267,376,340,19 2,145,49,192,19 243,1,500,282,15
/media/xinje/New Volume/VOC07&12/VOC2007/train/JPEGImages/003279.jpg 174,85,500,270,15
/media/xinje/New Volume/VOC07&12/VOC2007/train/JPEGImages/003408.jpg 298,259,500,375,15 2,287,261,375,15
/media/xinje/New Volume/VOC07&12/VOC2007/train/JPEGImages/003450.jpg 183,125,266,354,19 238,133,356,276,19 135,168,235,285,19 22,133,423,370,15 360,58,480,195,13
/media/xinje/New Volume/VOC07&12/VOC2007/train/JPEGImages/003575.jpg 336,144,500,313,15 20,151,266,375,19 195,140,320,264,19 355,117,487,282,19 22,146,344,364,15
/media/xinje/New Volume/VOC07&12/VOC2007/train/JPEGImages/003609.jpg 56,103,277,197,15 270,104,360,213,8 6,135,186,270,8
/media/xinje/New Volume/VOC07&12/VOC2007/train/JPEGImages/003743.jpg 84,145,292,273,15 1,163,63,280,15
/media/xinje/New Volume/VOC07&12/VOC2007/train/JPEGImages/003751.jpg 2,190,140,334,15 71,227,105,251,18 115,171,212,247,8 244,154,283,206,8 380,1,480,153,17 407,34,456,140,19
/media/xinje/New Volume/VOC07&12/VOC2007/train/JPEGImages/003907.jpg 107,167,338,321,15 269,209,496,375,15 3,129,41,276,8
/media/xinje/New Volume/VOC07&12/VOC2007/train/JPEGImages/004106.jpg 206,195,280,273,17 191,281,424,375,8 1,273,199,375,15
/media/xinje/New Volume/VOC07&12/VOC2007/train/JPEGImages/004164.jpg 176,154,233,221,8 337,135,404,206,17 5,235,427,366,15
/media/xinje/New Volume/VOC07&12/VOC2007/train/JPEGImages/004540.jpg 8,141,333,316,15
/media/xinje/New Volume/VOC07&12/VOC2007/train/JPEGImages/004584.jpg 6,89,498,327,15
/media/xinje/New Volume/VOC07&12/VOC2007/train/JPEGImages/004607.jpg 93,107,389,232,15 348,117,497,303,8 1,128,132,295,8 353,24,376,112,19
/media/xinje/New Volume/VOC07&12/VOC2007/train/JPEGImages/004837.jpg 273,138,500,320,15 67,166,253,357,8
/media/xinje/New Volume/VOC07&12/VOC2007/train/JPEGImages/005004.jpg 137,31,454,275,15
/media/xinje/New Volume/VOC07&12/VOC2007/train/JPEGImages/005177.jpg 7,179,377,363,15
/media/xinje/New Volume/VOC07&12/VOC2007/train/JPEGImages/005203.jpg 118,103,332,351,10 3,2,499,375,15
/media/xinje/New Volume/VOC07&12/VOC2007/train/JPEGImages/005231.jpg 215,109,386,272,10 42,22,315,370,19 337,2,500,372,19 1,40,498,374,15
/media/xinje/New Volume/VOC07&12/VOC2007/train/JPEGImages/005292.jpg 304,218,500,376,15
/media/xinje/New Volume/VOC07&12/VOC2007/train/JPEGImages/005327.jpg 2,159,500,374,15 33,202,319,262,19 288,210,401,257,10
/media/xinje/New Volume/VOC07&12/VOC2007/train/JPEGImages/005336.jpg 36,273,399,447,15 117,302,367,383,19
/media/xinje/New Volume/VOC07&12/VOC2007/train/JPEGImages/005433.jpg 139,156,332,280,10 1,1,500,375,15
/media/xinje/New Volume/VOC07&12/VOC2007/train/JPEGImages/005697.jpg 105,162,420,333,15 227,101,270,168,8
/media/xinje/New Volume/VOC07&12/VOC2007/train/JPEGImages/005864.jpg 126,161,316,268,15 294,151,336,190,15 334,149,388,203,8
/media/xinje/New Volume/VOC07&12/VOC2007/train/JPEGImages/005923.jpg 278,213,417,329,2 218,213,293,322,2 126,216,229,354,2 168,170,221,287,19 224,153,274,249,19 310,142,387,308,19 207,86,232,104,8 206,94,234,127,8 270,92,296,103,8 277,98,308,126,8 299,110,337,147,8 175,120,213,170,15 284,160,308,192,13 266,165,281,187,13 316,107,338,171,13 449,105,500,189,13 376,63,409,124,13 394,39,413,60,17 221,131,274,171,13
/media/xinje/New Volume/VOC07&12/VOC2007/train/JPEGImages/005992.jpg 1,48,488,371,15 43,77,449,293,19 60,147,286,245,10
/media/xinje/New Volume/VOC07&12/VOC2007/train/JPEGImages/006020.jpg 21,82,500,305,15 1,174,32,298,8
/media/xinje/New Volume/VOC07&12/VOC2007/train/JPEGImages/006088.jpg 1,230,174,375,8 406,183,500,337,8 91,199,342,332,15 246,162,310,206,15 341,162,414,212,15 408,149,462,228,13
/media/xinje/New Volume/VOC07&12/VOC2007/train/JPEGImages/006100.jpg 317,144,500,347,15 106,53,169,103,13 250,107,291,158,13 183,128,238,213,8 141,163,198,200,10
/media/xinje/New Volume/VOC07&12/VOC2007/train/JPEGImages/006104.jpg 33,149,456,333,15 171,100,331,333,19 158,54,208,92,7
/media/xinje/New Volume/VOC07&12/VOC2007/train/JPEGImages/006130.jpg 1,116,500,349,15 3,85,263,352,19 203,81,428,367,19 360,78,500,370,19
/media/xinje/New Volume/VOC07&12/VOC2007/train/JPEGImages/006158.jpg 413,89,500,161,17 54,130,190,327,19 1,149,204,338,15
/media/xinje/New Volume/VOC07&12/VOC2007/train/JPEGImages/006622.jpg 242,123,456,236,15 231,183,500,332,15 26,73,111,151,17
/media/xinje/New Volume/VOC07&12/VOC2007/train/JPEGImages/006638.jpg 25,110,445,325,15
/media/xinje/New Volume/VOC07&12/VOC2007/train/JPEGImages/006727.jpg 54,124,470,287,15 150,206,174,266,5 117,178,132,218,5 31,192,72,280,5 75,116,200,264,19 263,110,436,255,19
/media/xinje/New Volume/VOC07&12/VOC2007/train/JPEGImages/006852.jpg 122,156,324,253,15 327,164,447,277,8 389,240,500,281,8
/media/xinje/New Volume/VOC07&12/VOC2007/train/JPEGImages/006930.jpg 2,136,493,375,15
/media/xinje/New Volume/VOC07&12/VOC2007/train/JPEGImages/006968.jpg 225,160,500,301,15 158,215,267,349,10 88,53,201,297,19 262,121,377,273,19
/media/xinje/New Volume/VOC07&12/VOC2007/train/JPEGImages/007064.jpg 157,261,462,375,20 104,275,165,375,8 358,298,472,375,8 464,281,500,375,8 367,226,465,365,8 220,221,279,284,8 148,227,258,375,8 47,177,136,273,8 146,181,276,257,15
/media/xinje/New Volume/VOC07&12/VOC2007/train/JPEGImages/007105.jpg 5,153,500,333,15
/media/xinje/New Volume/VOC07&12/VOC2007/train/JPEGImages/007193.jpg 69,122,375,500,15
/media/xinje/New Volume/VOC07&12/VOC2007/train/JPEGImages/007263.jpg 276,160,319,204,17 44,167,161,291,8 157,201,486,358,15
/media/xinje/New Volume/VOC07&12/VOC2007/train/JPEGImages/007385.jpg 1,26,429,333,15
/media/xinje/New Volume/VOC07&12/VOC2007/train/JPEGImages/007425.jpg 1,171,374,333,15 78,249,194,306,10
/media/xinje/New Volume/VOC07&12/VOC2007/train/JPEGImages/007491.jpg 233,153,500,337,15
/media/xinje/New Volume/VOC07&12/VOC2007/train/JPEGImages/007536.jpg 245,121,500,312,15 2,180,394,374,15
/media/xinje/New Volume/VOC07&12/VOC2007/train/JPEGImages/007704.jpg 31,194,72,244,13 78,170,305,345,15 318,171,500,287,15
/media/xinje/New Volume/VOC07&12/VOC2007/train/JPEGImages/007923.jpg 397,106,450,179,8 189,104,309,189,15 135,147,353,235,15
/media/xinje/New Volume/VOC07&12/VOC2007/train/JPEGImages/007959.jpg 148,153,263,191,15 256,151,303,192,8 121,166,176,196,8 116,178,185,210,8 102,191,212,275,8 72,223,250,355,8 46,268,274,500,8
/media/xinje/New Volume/VOC07&12/VOC2007/train/JPEGImages/007996.jpg 189,99,237,222,19 118,187,199,267,19 92,244,195,333,19 198,220,357,333,19 397,61,500,270,19 2,203,82,316,8 1,158,31,207,8 189,113,351,240,15 349,196,431,287,8 419,91,437,108,17
/media/xinje/New Volume/VOC07&12/VOC2007/train/JPEGImages/008042.jpg 75,138,500,364,15 67,61,213,261,19 96,269,121,344,5 116,268,135,334,5 123,255,142,319,5 145,259,171,326,5 154,240,173,307,5 104,247,119,272,5 84,238,100,265,5 64,233,81,263,5 38,193,57,261,5 33,232,53,264,5 10,226,26,294,5
/media/xinje/New Volume/VOC07&12/VOC2007/train/JPEGImages/008083.jpg 82,85,204,294,19 152,66,362,300,19 95,140,400,300,15
/media/xinje/New Volume/VOC07&12/VOC2007/train/JPEGImages/008203.jpg 331,148,426,247,15 38,188,304,360,15
/media/xinje/New Volume/VOC07&12/VOC2007/train/JPEGImages/008282.jpg 203,156,243,190,17 8,174,191,284,15 253,209,500,375,15
/media/xinje/New Volume/VOC07&12/VOC2007/train/JPEGImages/008341.jpg 1,119,266,333,15 371,117,500,333,8 79,88,203,333,19 295,96,425,333,19 284,65,362,157,13
/media/xinje/New Volume/VOC07&12/VOC2007/train/JPEGImages/008409.jpg 327,124,382,170,17 56,188,184,337,15
/media/xinje/New Volume/VOC07&12/VOC2007/train/JPEGImages/008452.jpg 157,172,374,295,15 118,162,310,310,19
/media/xinje/New Volume/VOC07&12/VOC2007/train/JPEGImages/008468.jpg 51,122,172,197,15 217,155,314,227,8 243,128,293,169,8 224,109,242,139,8 209,105,228,133,8 150,86,183,149,13
/media/xinje/New Volume/VOC07&12/VOC2007/train/JPEGImages/008602.jpg 1,24,327,211,15 1,91,122,331,19 150,144,295,374,19 276,78,500,375,19
/media/xinje/New Volume/VOC07&12/VOC2007/train/JPEGImages/008665.jpg 57,15,452,325,7 355,17,446,56,15 1,1,22,68,19 21,1,47,66,19 383,22,449,75,15
/media/xinje/New Volume/VOC07&12/VOC2007/train/JPEGImages/008760.jpg 1,213,263,375,8 104,151,334,287,15
/media/xinje/New Volume/VOC07&12/VOC2007/train/JPEGImages/008865.jpg 272,161,500,303,19 155,187,500,334,15
/media/xinje/New Volume/VOC07&12/VOC2007/train/JPEGImages/008975.jpg 160,174,350,359,15 24,160,135,261,8 377,120,500,375,19
/media/xinje/New Volume/VOC07&12/VOC2007/train/JPEGImages/008987.jpg 302,129,449,227,15 93,156,288,312,15 89,204,116,262,13
/media/xinje/New Volume/VOC07&12/VOC2007/train/JPEGImages/009242.jpg 76,97,485,261,15 266,82,424,214,19 109,93,240,228,19 171,173,192,232,5 51,161,89,245,5
/media/xinje/New Volume/VOC07&12/VOC2007/train/JPEGImages/009252.jpg 40,200,500,369,15 325,29,423,155,13 235,150,256,214,8 154,154,221,220,8
/media/xinje/New Volume/VOC07&12/VOC2007/train/JPEGImages/009290.jpg 51,57,291,266,19 345,125,372,202,5 126,61,453,208,15 2,144,58,294,8
/media/xinje/New Volume/VOC07&12/VOC2007/train/JPEGImages/009359.jpg 184,133,268,202,8 46,170,283,281,15
/media/xinje/New Volume/VOC07&12/VOC2007/train/JPEGImages/009421.jpg 135,71,234,291,19 229,64,327,184,19 117,139,253,359,19 281,123,402,333,19 200,132,295,310,19 384,109,500,212,15
/media/xinje/New Volume/VOC07&12/VOC2007/train/JPEGImages/009491.jpg 101,138,348,279,15 1,262,496,374,15 173,1,266,142,13 3,2,64,230,13 361,177,500,286,15
/media/xinje/New Volume/VOC07&12/VOC2007/train/JPEGImages/009755.jpg 134,128,500,332,15 215,131,318,251,19
/media/xinje/New Volume/VOC07&12/VOC2007/train/JPEGImages/009878.jpg 74,119,374,349,15 13,328,49,375,5 87,106,221,254,19 352,109,443,321,19 247,104,355,375,19 170,110,280,351,19 17,3,163,210,13
/media/xinje/New Volume/VOC07&12/VOC2007/train/JPEGImages/009949.jpg 128,121,500,350,15 195,241,500,375,8 25,90,427,312,19 203,81,331,218,19 235,116,279,159,19
